ngram,count,total_words,frequency
mettez,132,6144,0.021484375
votre,115,6144,0.018717447916666668
bien,72,6144,0.01171875
peu,57,6144,0.00927734375
faites,49,6144,0.007975260416666666
vous,45,6144,0.00732421875
beurre,43,6144,0.006998697916666667
deux,40,6144,0.006510416666666667
tout,40,6144,0.006510416666666667
sel,37,6144,0.006022135416666667
œufs,32,6144,0.005208333333333333
vos,32,6144,0.005208333333333333
ensuite,31,6144,0.005045572916666667
eau,30,6144,0.0048828125
plat,29,6144,0.004720052083333333
poivre,29,6144,0.004720052083333333
lait,29,6144,0.004720052083333333
sauce,28,6144,0.004557291666666667
veau,28,6144,0.004557291666666667
cuire,27,6144,0.00439453125
dessus,26,6144,0.004231770833333333
blanc,25,6144,0.004069010416666667
servez,25,6144,0.004069010416666667
fraîche,24,6144,0.00390625
vin,24,6144,0.00390625
y,23,6144,0.0037434895833333335
bouillon,23,6144,0.0037434895833333335
feu,23,6144,0.0037434895833333335
demi,22,6144,0.0035807291666666665
crème,22,6144,0.0035807291666666665
citron,21,6144,0.00341796875
crême,21,6144,0.00341796875
faire,20,6144,0.0032552083333333335
comme,20,6144,0.0032552083333333335
cela,20,6144,0.0032552083333333335
frais,19,6144,0.0030924479166666665
casserole,19,6144,0.0030924479166666665
ne,18,6144,0.0029296875
fleur,18,6144,0.0029296875
sucre,18,6144,0.0029296875
passez,17,6144,0.0027669270833333335
morceaux,17,6144,0.0027669270833333335
ail,17,6144,0.0027669270833333335
trop,17,6144,0.0027669270833333335
dedans,17,6144,0.0027669270833333335
jaunes,17,6144,0.0027669270833333335
pommes,16,6144,0.0026041666666666665
après,16,6144,0.0026041666666666665
verre,16,6144,0.0026041666666666665
trois,16,6144,0.0026041666666666665
cuit,16,6144,0.0026041666666666665
jus,16,6144,0.0026041666666666665
cuillerées,16,6144,0.0026041666666666665
gratin,16,6144,0.0026041666666666665
pas,16,6144,0.0026041666666666665
blancs,16,6144,0.0026041666666666665
même,15,6144,0.00244140625
petits,15,6144,0.00244140625
morceau,15,6144,0.00244140625
lard,15,6144,0.00244140625
fait,14,6144,0.0022786458333333335
prenez,14,6144,0.0022786458333333335
rouelle,14,6144,0.0022786458333333335
bon,14,6144,0.0022786458333333335
lorsque,14,6144,0.0022786458333333335
huile,14,6144,0.0022786458333333335
olives,14,6144,0.0022786458333333335
autre,14,6144,0.0022786458333333335
remuez,14,6144,0.0022786458333333335
persil,13,6144,0.0021158854166666665
orange,13,6144,0.0021158854166666665
laissez,13,6144,0.0021158854166666665
quatre,13,6144,0.0021158854166666665
ni,13,6144,0.0021158854166666665
écorce,13,6144,0.0021158854166666665
terre,13,6144,0.0021158854166666665
afin,13,6144,0.0021158854166666665
oignons,12,6144,0.001953125
heure,12,6144,0.001953125
haché,12,6144,0.001953125
pendant,12,6144,0.001953125
bœuf,12,6144,0.001953125
avoir,12,6144,0.001953125
cuits,12,6144,0.001953125
gras,12,6144,0.001953125
cuillerée,12,6144,0.001953125
soit,11,6144,0.0017903645833333333
carpe,11,6144,0.0017903645833333333
chou,11,6144,0.0017903645833333333
petit,11,6144,0.0017903645833333333
pochon,11,6144,0.0017903645833333333
pain,11,6144,0.0017903645833333333
hachez,11,6144,0.0017903645833333333
coupez,11,6144,0.0017903645833333333
cuite,11,6144,0.0017903645833333333
sera,11,6144,0.0017903645833333333
garniture,10,6144,0.0016276041666666667
poisson,10,6144,0.0016276041666666667
échalotes,10,6144,0.0016276041666666667
choux,10,6144,0.0016276041666666667
tours,10,6144,0.0016276041666666667
lorsqu,10,6144,0.0016276041666666667
autant,10,6144,0.0016276041666666667
petite,9,6144,0.00146484375
roux,9,6144,0.00146484375
très,9,6144,0.00146484375
sec,9,6144,0.00146484375
côtelettes,9,6144,0.00146484375
mie,9,6144,0.00146484375
canelle,8,6144,0.0013020833333333333
ensemble,8,6144,0.0013020833333333333
roussi,8,6144,0.0013020833333333333
farine,8,6144,0.0013020833333333333
chaud,8,6144,0.0013020833333333333
ajoutez,8,6144,0.0013020833333333333
oignon,8,6144,0.0013020833333333333
manière,8,6144,0.0013020833333333333
laurier,8,6144,0.0013020833333333333
linge,8,6144,0.0013020833333333333
ôtez,8,6144,0.0013020833333333333
celle,8,6144,0.0013020833333333333
langue,7,6144,0.0011393229166666667
volaille,7,6144,0.0011393229166666667
passoire,7,6144,0.0011393229166666667
neige,7,6144,0.0011393229166666667
pigeons,7,6144,0.0011393229166666667
battus,7,6144,0.0011393229166666667
jusqu,7,6144,0.0011393229166666667
retournez,7,6144,0.0011393229166666667
vinaigre,7,6144,0.0011393229166666667
mêlez,7,6144,0.0011393229166666667
fleurs,7,6144,0.0011393229166666667
murette,7,6144,0.0011393229166666667
tourtière,7,6144,0.0011393229166666667
feux,6,6144,0.0009765625
feuille,6,6144,0.0009765625
fromage,6,6144,0.0009765625
ayant,6,6144,0.0009765625
six,6,6144,0.0009765625
soin,6,6144,0.0009765625
farce,6,6144,0.0009765625
litre,6,6144,0.0009765625
remuer,6,6144,0.0009765625
retirez,6,6144,0.0009765625
poulet,6,6144,0.0009765625
autour,6,6144,0.0009765625
toujours,6,6144,0.0009765625
mettre,6,6144,0.0009765625
partie,6,6144,0.0009765625
peut,6,6144,0.0009765625
heures,6,6144,0.0009765625
cuisinier,6,6144,0.0009765625
entre,6,6144,0.0009765625
hachées,6,6144,0.0009765625
fondre,6,6144,0.0009765625
doucement,6,6144,0.0009765625
servir,6,6144,0.0009765625
amandes,6,6144,0.0009765625
couvercle,6,6144,0.0009765625
farci,5,6144,0.0008138020833333334
alors,5,6144,0.0008138020833333334
écuelle,5,6144,0.0008138020833333334
poitrine,5,6144,0.0008138020833333334
fricassée,5,6144,0.0008138020833333334
marmite,5,6144,0.0008138020833333334
pareille,5,6144,0.0008138020833333334
été,5,6144,0.0008138020833333334
faut,5,6144,0.0008138020833333334
pilez,5,6144,0.0008138020833333334
coquelle,5,6144,0.0008138020833333334
cornichons,5,6144,0.0008138020833333334
liaison,5,6144,0.0008138020833333334
épurez,5,6144,0.0008138020833333334
placez,5,6144,0.0008138020833333334
gigot,5,6144,0.0008138020833333334
voulez,5,6144,0.0008138020833333334
cuise,5,6144,0.0008138020833333334
quart,5,6144,0.0008138020833333334
filet,5,6144,0.0008138020833333334
fendez,5,6144,0.0008138020833333334
côtés,5,6144,0.0008138020833333334
dur,5,6144,0.0008138020833333334
gros,5,6144,0.0008138020833333334
menu,4,6144,0.0006510416666666666
feuilles,4,6144,0.0006510416666666666
pieds,4,6144,0.0006510416666666666
pâte,4,6144,0.0006510416666666666
autres,4,6144,0.0006510416666666666
dégraissé,4,6144,0.0006510416666666666
nettoyée,4,6144,0.0006510416666666666
fondu,4,6144,0.0006510416666666666
hors,4,6144,0.0006510416666666666
bouillante,4,6144,0.0006510416666666666
continuez,4,6144,0.0006510416666666666
tête,4,6144,0.0006510416666666666
clous,4,6144,0.0006510416666666666
garnissez,4,6144,0.0006510416666666666
piquez,4,6144,0.0006510416666666666
soient,4,6144,0.0006510416666666666
épurer,4,6144,0.0006510416666666666
girofle,4,6144,0.0006510416666666666
arrosez,4,6144,0.0006510416666666666
hachés,4,6144,0.0006510416666666666
courte,4,6144,0.0006510416666666666
lavez,4,6144,0.0006510416666666666
plus,4,6144,0.0006510416666666666
étant,4,6144,0.0006510416666666666
épais,4,6144,0.0006510416666666666
moitié,4,6144,0.0006510416666666666
frire,4,6144,0.0006510416666666666
délayez,4,6144,0.0006510416666666666
verte,4,6144,0.0006510416666666666
gousses,4,6144,0.0006510416666666666
sans,4,6144,0.0006510416666666666
dessous,4,6144,0.0006510416666666666
toutes,4,6144,0.0006510416666666666
côté,4,6144,0.0006510416666666666
fondue,4,6144,0.0006510416666666666
cuites,4,6144,0.0006510416666666666
moutarde,4,6144,0.0006510416666666666
entièrement,4,6144,0.0006510416666666666
foie,4,6144,0.0006510416666666666
mêlés,4,6144,0.0006510416666666666
râpé,4,6144,0.0006510416666666666
ayez,4,6144,0.0006510416666666666
épaisse,4,6144,0.0006510416666666666
ci,4,6144,0.0006510416666666666
roussir,4,6144,0.0006510416666666666
fonte,3,6144,0.00048828125
façon,3,6144,0.00048828125
i,3,6144,0.00048828125
différentes,3,6144,0.00048828125
poi,3,6144,0.00048828125
clair,3,6144,0.00048828125
braise,3,6144,0.00048828125
câpres,3,6144,0.00048828125
friture,3,6144,0.00048828125
unissez,3,6144,0.00048828125
citronnat,3,6144,0.00048828125
piqué,3,6144,0.00048828125
pigeon,3,6144,0.00048828125
toute,3,6144,0.00048828125
séparément,3,6144,0.00048828125
mesure,3,6144,0.00048828125
nombre,3,6144,0.00048828125
grosseur,3,6144,0.00048828125
rapé,3,6144,0.00048828125
frottez,3,6144,0.00048828125
garnitures,3,6144,0.00048828125
dernier,3,6144,0.00048828125
blanchir,3,6144,0.00048828125
mouillez,3,6144,0.00048828125
ont,3,6144,0.00048828125
enfin,3,6144,0.00048828125
emplissez,3,6144,0.00048828125
vre,3,6144,0.00048828125
oseille,3,6144,0.00048828125
ouvrage,3,6144,0.00048828125
mariner,3,6144,0.00048828125
boutonne,3,6144,0.00048828125
chocolat,3,6144,0.00048828125
couteau,3,6144,0.00048828125
première,3,6144,0.00048828125
couleur,3,6144,0.00048828125
gousse,3,6144,0.00048828125
vieux,3,6144,0.00048828125
ouvrages,3,6144,0.00048828125
saupoudrez,3,6144,0.00048828125
posez,3,6144,0.00048828125
aura,3,6144,0.00048828125
rôti,3,6144,0.00048828125
côtelette,3,6144,0.00048828125
court,3,6144,0.00048828125
seront,3,6144,0.00048828125
peau,3,6144,0.00048828125
point,3,6144,0.00048828125
pied,3,6144,0.00048828125
canard,3,6144,0.00048828125
graisse,3,6144,0.00048828125
essuyez,3,6144,0.00048828125
cervelles,3,6144,0.00048828125
versez,3,6144,0.00048828125
lavés,2,6144,0.0003255208333333333
moment,2,6144,0.0003255208333333333
viandes,2,6144,0.0003255208333333333
cassez,2,6144,0.0003255208333333333
dos,2,6144,0.0003255208333333333
mêlerez,2,6144,0.0003255208333333333
mouton,2,6144,0.0003255208333333333
rouge,2,6144,0.0003255208333333333
lièvre,2,6144,0.0003255208333333333
cet,2,6144,0.0003255208333333333
râpez,2,6144,0.0003255208333333333
bouillir,2,6144,0.0003255208333333333
retourner,2,6144,0.0003255208333333333
cuiller,2,6144,0.0003255208333333333
défasse,2,6144,0.0003255208333333333
épluchez,2,6144,0.0003255208333333333
minces,2,6144,0.0003255208333333333
ficelle,2,6144,0.0003255208333333333
noix,2,6144,0.0003255208333333333
tanche,2,6144,0.0003255208333333333
souvent,2,6144,0.0003255208333333333
saucière,2,6144,0.0003255208333333333
servezles,2,6144,0.0003255208333333333
otez,2,6144,0.0003255208333333333
tranches,2,6144,0.0003255208333333333
fraise,2,6144,0.0003255208333333333
troisième,2,6144,0.0003255208333333333
frit,2,6144,0.0003255208333333333
1,2,6144,0.0003255208333333333
caramel,2,6144,0.0003255208333333333
tournez,2,6144,0.0003255208333333333
lequel,2,6144,0.0003255208333333333
cinquième,2,6144,0.0003255208333333333
douce,2,6144,0.0003255208333333333
tournoire,2,6144,0.0003255208333333333
café,2,6144,0.0003255208333333333
baigner,2,6144,0.0003255208333333333
couvrez,2,6144,0.0003255208333333333
amère,2,6144,0.0003255208333333333
pilées,2,6144,0.0003255208333333333
suite,2,6144,0.0003255208333333333
tournée,2,6144,0.0003255208333333333
délayés,2,6144,0.0003255208333333333
fouettez,2,6144,0.0003255208333333333
campagne,2,6144,0.0003255208333333333
fouettée,2,6144,0.0003255208333333333
chauffer,2,6144,0.0003255208333333333
ôtant,2,6144,0.0003255208333333333
oeufs,2,6144,0.0003255208333333333
voyez,2,6144,0.0003255208333333333
vouliez,2,6144,0.0003255208333333333
bois,2,6144,0.0003255208333333333
entier,2,6144,0.0003255208333333333
porc,2,6144,0.0003255208333333333
jarret,2,6144,0.0003255208333333333
bouillira,2,6144,0.0003255208333333333
sixième,2,6144,0.0003255208333333333
crapaudine,2,6144,0.0003255208333333333
j,2,6144,0.0003255208333333333
baigne,2,6144,0.0003255208333333333
livre,2,6144,0.0003255208333333333
mince,2,6144,0.0003255208333333333
laquelle,2,6144,0.0003255208333333333
ville,2,6144,0.0003255208333333333
gueule,2,6144,0.0003255208333333333
tes,2,6144,0.0003255208333333333
claire,2,6144,0.0003255208333333333
broche,2,6144,0.0003255208333333333
séparez,2,6144,0.0003255208333333333
graissez,2,6144,0.0003255208333333333
écha,2,6144,0.0003255208333333333
brochet,2,6144,0.0003255208333333333
tapez,2,6144,0.0003255208333333333
crèmes,2,6144,0.0003255208333333333
dix,2,6144,0.0003255208333333333
ait,2,6144,0.0003255208333333333
tranche,2,6144,0.0003255208333333333
oe,2,6144,0.0003255208333333333
poissonnière,2,6144,0.0003255208333333333
ainsi,2,6144,0.0003255208333333333
cas,2,6144,0.0003255208333333333
ragoût,2,6144,0.0003255208333333333
mêlé,2,6144,0.0003255208333333333
avant,2,6144,0.0003255208333333333
michotte,2,6144,0.0003255208333333333
beignets,2,6144,0.0003255208333333333
v,2,6144,0.0003255208333333333
cousez,2,6144,0.0003255208333333333
blanchis,2,6144,0.0003255208333333333
cœur,2,6144,0.0003255208333333333
gelée,2,6144,0.0003255208333333333
douces,2,6144,0.0003255208333333333
gibier,2,6144,0.0003255208333333333
vermicelle,2,6144,0.0003255208333333333
prix,2,6144,0.0003255208333333333
hachée,2,6144,0.0003255208333333333
battez,2,6144,0.0003255208333333333
quatrième,2,6144,0.0003255208333333333
prise,2,6144,0.0003255208333333333
farcie,2,6144,0.0003255208333333333
refroidir,2,6144,0.0003255208333333333
personnes,2,6144,0.0003255208333333333
mettrez,2,6144,0.0003255208333333333
passée,2,6144,0.0003255208333333333
restants,2,6144,0.0003255208333333333
creux,2,6144,0.0003255208333333333
cendre,2,6144,0.0003255208333333333
possèdent,2,6144,0.0003255208333333333
papier,2,6144,0.0003255208333333333
matelote,2,6144,0.0003255208333333333
jaune,2,6144,0.0003255208333333333
cuisine,2,6144,0.0003255208333333333
mi,2,6144,0.0003255208333333333
gauthier,2,6144,0.0003255208333333333
ajoutant,2,6144,0.0003255208333333333
mis,2,6144,0.0003255208333333333
épinards,2,6144,0.0003255208333333333
marrons,2,6144,0.0003255208333333333
grains,2,6144,0.0003255208333333333
œuf,2,6144,0.0003255208333333333
chaudes,2,6144,0.0003255208333333333
sortes,2,6144,0.0003255208333333333
geuièvre,1,6144,0.00016276041666666666
pi,1,6144,0.00016276041666666666
poule,1,6144,0.00016276041666666666
jura,1,6144,0.00016276041666666666
cervelle,1,6144,0.00016276041666666666
enez,1,6144,0.00016276041666666666
parties,1,6144,0.00016276041666666666
déferaient,1,6144,0.00016276041666666666
gratins,1,6144,0.00016276041666666666
nettoyé,1,6144,0.00016276041666666666
envelopper,1,6144,0.00016276041666666666
cane,1,6144,0.00016276041666666666
blanchies,1,6144,0.00016276041666666666
coq,1,6144,0.00016276041666666666
désossés,1,6144,0.00016276041666666666
coupés,1,6144,0.00016276041666666666
ger,1,6144,0.00016276041666666666
ks,1,6144,0.00016276041666666666
ïnettefc,1,6144,0.00016276041666666666
écrasées,1,6144,0.00016276041666666666
lote,1,6144,0.00016276041666666666
fricassez,1,6144,0.00016276041666666666
olt,1,6144,0.00016276041666666666
mouillezles,1,6144,0.00016276041666666666
43,1,6144,0.00016276041666666666
serole,1,6144,0.00016276041666666666
i\,1,6144,0.00016276041666666666
froide,1,6144,0.00016276041666666666
mettev,1,6144,0.00016276041666666666
articles,1,6144,0.00016276041666666666
briser,1,6144,0.00016276041666666666
oezifs,1,6144,0.00016276041666666666
troussé,1,6144,0.00016276041666666666
rue,1,6144,0.00016276041666666666
prenne,1,6144,0.00016276041666666666
chavanne,1,6144,0.00016276041666666666
réussissent,1,6144,0.00016276041666666666
raclez,1,6144,0.00016276041666666666
aurez,1,6144,0.00016276041666666666
com,1,6144,0.00016276041666666666
offrons,1,6144,0.00016276041666666666
tels,1,6144,0.00016276041666666666
égaux,1,6144,0.00016276041666666666
aptes,1,6144,0.00016276041666666666
accommodent,1,6144,0.00016276041666666666
aucune,1,6144,0.00016276041666666666
espace,1,6144,0.00016276041666666666
fond,1,6144,0.00016276041666666666
pochou,1,6144,0.00016276041666666666
assaisonnez,1,6144,0.00016276041666666666
uns,1,6144,0.00016276041666666666
liqueur,1,6144,0.00016276041666666666
inconvénient,1,6144,0.00016276041666666666
sortez,1,6144,0.00016276041666666666
battre,1,6144,0.00016276041666666666
purée,1,6144,0.00016276041666666666
riz,1,6144,0.00016276041666666666
public,1,6144,0.00016276041666666666
maigre,1,6144,0.00016276041666666666
bou,1,6144,0.00016276041666666666
demiverre,1,6144,0.00016276041666666666
blanche,1,6144,0.00016276041666666666
hameaux,1,6144,0.00016276041666666666
artichauts,1,6144,0.00016276041666666666
bleu,1,6144,0.00016276041666666666
uffi,1,6144,0.00016276041666666666
fin,1,6144,0.00016276041666666666
sollicitations,1,6144,0.00016276041666666666
poulets,1,6144,0.00016276041666666666
foncée,1,6144,0.00016276041666666666
carottes,1,6144,0.00016276041666666666
salmi,1,6144,0.00016276041666666666
"qua""id",1,6144,0.00016276041666666666
tripe,1,6144,0.00016276041666666666
cuisent,1,6144,0.00016276041666666666
froid,1,6144,0.00016276041666666666
nettoyés,1,6144,0.00016276041666666666
dégor,1,6144,0.00016276041666666666
jours,1,6144,0.00016276041666666666
blanchi,1,6144,0.00016276041666666666
moindres,1,6144,0.00016276041666666666
salsifis,1,6144,0.00016276041666666666
massepain,1,6144,0.00016276041666666666
serve,1,6144,0.00016276041666666666
traités,1,6144,0.00016276041666666666
cochon,1,6144,0.00016276041666666666
premiers,1,6144,0.00016276041666666666
1j,1,6144,0.00016276041666666666
uue,1,6144,0.00016276041666666666
esta,1,6144,0.00016276041666666666
tenez,1,6144,0.00016276041666666666
apbès,1,6144,0.00016276041666666666
dégraissez,1,6144,0.00016276041666666666
tapé,1,6144,0.00016276041666666666
mets,1,6144,0.00016276041666666666
gnons,1,6144,0.00016276041666666666
volume,1,6144,0.00016276041666666666
compilation,1,6144,0.00016276041666666666
épaissir,1,6144,0.00016276041666666666
hachis,1,6144,0.00016276041666666666
accommodés,1,6144,0.00016276041666666666
brûlée,1,6144,0.00016276041666666666
désossez,1,6144,0.00016276041666666666
su,1,6144,0.00016276041666666666
poissons,1,6144,0.00016276041666666666
saunier,1,6144,0.00016276041666666666
voici,1,6144,0.00016276041666666666
etc,1,6144,0.00016276041666666666
rôtis,1,6144,0.00016276041666666666
attention,1,6144,0.00016276041666666666
raves,1,6144,0.00016276041666666666
venez,1,6144,0.00016276041666666666
serrez,1,6144,0.00016276041666666666
apprêt,1,6144,0.00016276041666666666
demandent,1,6144,0.00016276041666666666
mode,1,6144,0.00016276041666666666
braisées,1,6144,0.00016276041666666666
barbouillez,1,6144,0.00016276041666666666
égale,1,6144,0.00016276041666666666
coupé,1,6144,0.00016276041666666666
tapezle,1,6144,0.00016276041666666666
michottes,1,6144,0.00016276041666666666
auteur,1,6144,0.00016276041666666666
supprimez,1,6144,0.00016276041666666666
saupoudrés,1,6144,0.00016276041666666666
résiste,1,6144,0.00016276041666666666
dehors,1,6144,0.00016276041666666666
traite,1,6144,0.00016276041666666666
r,1,6144,0.00016276041666666666
temps,1,6144,0.00016276041666666666
réputation,1,6144,0.00016276041666666666
voulue,1,6144,0.00016276041666666666
cre,1,6144,0.00016276041666666666
oy&lt,1,6144,0.00016276041666666666
eaux,1,6144,0.00016276041666666666
villes,1,6144,0.00016276041666666666
navets,1,6144,0.00016276041666666666
ferez,1,6144,0.00016276041666666666
douze,1,6144,0.00016276041666666666
entourée,1,6144,0.00016276041666666666
°,1,6144,0.00016276041666666666
main,1,6144,0.00016276041666666666
poudrez,1,6144,0.00016276041666666666
agirez,1,6144,0.00016276041666666666
piramide,1,6144,0.00016276041666666666
frite,1,6144,0.00016276041666666666
écumée,1,6144,0.00016276041666666666
premier,1,6144,0.00016276041666666666
art,1,6144,0.00016276041666666666
relevez,1,6144,0.00016276041666666666
tamis,1,6144,0.00016276041666666666
résulte,1,6144,0.00016276041666666666
blanquette,1,6144,0.00016276041666666666
jambon,1,6144,0.00016276041666666666
apprêtée,1,6144,0.00016276041666666666
lotes,1,6144,0.00016276041666666666
écuiné,1,6144,0.00016276041666666666
lui,1,6144,0.00016276041666666666
parez,1,6144,0.00016276041666666666
pais,1,6144,0.00016276041666666666
fourneau,1,6144,0.00016276041666666666
mitonner,1,6144,0.00016276041666666666
2,1,6144,0.00016276041666666666
clou,1,6144,0.00016276041666666666
mettezle,1,6144,0.00016276041666666666
lors,1,6144,0.00016276041666666666
désiré,1,6144,0.00016276041666666666
composé,1,6144,0.00016276041666666666
roussissent,1,6144,0.00016276041666666666
avoi,1,6144,0.00016276041666666666
accommode,1,6144,0.00016276041666666666
servezle,1,6144,0.00016276041666666666
tiers,1,6144,0.00016276041666666666
genre,1,6144,0.00016276041666666666
oi,1,6144,0.00016276041666666666
passé,1,6144,0.00016276041666666666
civet,1,6144,0.00016276041666666666
rang,1,6144,0.00016276041666666666
carpes,1,6144,0.00016276041666666666
jetez,1,6144,0.00016276041666666666
z,1,6144,0.00016276041666666666
¿an¡,1,6144,0.00016276041666666666
ardent,1,6144,0.00016276041666666666
puisse,1,6144,0.00016276041666666666
farcir,1,6144,0.00016276041666666666
nommer,1,6144,0.00016276041666666666
volailles,1,6144,0.00016276041666666666
bouillant,1,6144,0.00016276041666666666
jauniront,1,6144,0.00016276041666666666
département,1,6144,0.00016276041666666666
ceux,1,6144,0.00016276041666666666
1tez,1,6144,0.00016276041666666666
nompareille,1,6144,0.00016276041666666666
pr,1,6144,0.00016276041666666666
soie,1,6144,0.00016276041666666666
farcis,1,6144,0.00016276041666666666
devient,1,6144,0.00016276041666666666
épaissit,1,6144,0.00016276041666666666
échalote,1,6144,0.00016276041666666666
long,1,6144,0.00016276041666666666
ea7tl,1,6144,0.00016276041666666666
grenouilles,1,6144,0.00016276041666666666
essuyezles,1,6144,0.00016276041666666666
crâne,1,6144,0.00016276041666666666
culs,1,6144,0.00016276041666666666
1827,1,6144,0.00016276041666666666
mari,1,6144,0.00016276041666666666
demiquart,1,6144,0.00016276041666666666
boyau,1,6144,0.00016276041666666666
choisissez,1,6144,0.00016276041666666666
nuez,1,6144,0.00016276041666666666
passerez,1,6144,0.00016276041666666666
chaudron,1,6144,0.00016276041666666666
épluchés,1,6144,0.00016276041666666666
cendres,1,6144,0.00016276041666666666
muretle,1,6144,0.00016276041666666666
sous,1,6144,0.00016276041666666666
changent,1,6144,0.00016276041666666666
passées,1,6144,0.00016276041666666666
chouxfleurs,1,6144,0.00016276041666666666
ssez,1,6144,0.00016276041666666666
rangez,1,6144,0.00016276041666666666
oigons,1,6144,0.00016276041666666666
manières,1,6144,0.00016276041666666666
épaisses,1,6144,0.00016276041666666666
commence,1,6144,0.00016276041666666666
établie,1,6144,0.00016276041666666666
privées,1,6144,0.00016276041666666666
fiel,1,6144,0.00016276041666666666
conti,1,6144,0.00016276041666666666
trèsgrand,1,6144,0.00016276041666666666
ment,1,6144,0.00016276041666666666
comprend,1,6144,0.00016276041666666666
itiieïde,1,6144,0.00016276041666666666
vmis,1,6144,0.00016276041666666666
cabus,1,6144,0.00016276041666666666
oreilles,1,6144,0.00016276041666666666
bonnes,1,6144,0.00016276041666666666
roussis,1,6144,0.00016276041666666666
faitesla,1,6144,0.00016276041666666666
gratinezles,1,6144,0.00016276041666666666
aj,1,6144,0.00016276041666666666
rangs,1,6144,0.00016276041666666666
pourrez,1,6144,0.00016276041666666666
suivantes,1,6144,0.00016276041666666666
marmelade,1,6144,0.00016276041666666666
former,1,6144,0.00016276041666666666
meilleures,1,6144,0.00016276041666666666
manuscrit,1,6144,0.00016276041666666666
livrer,1,6144,0.00016276041666666666
fr,1,6144,0.00016276041666666666
estragon,1,6144,0.00016276041666666666
ventre,1,6144,0.00016276041666666666
composés,1,6144,0.00016276041666666666
tronelle,1,6144,0.00016276041666666666
gratine,1,6144,0.00016276041666666666
épurés,1,6144,0.00016276041666666666
aitlmielr,1,6144,0.00016276041666666666
vuidez,1,6144,0.00016276041666666666
depuis,1,6144,0.00016276041666666666
longueur,1,6144,0.00016276041666666666
enveloppez,1,6144,0.00016276041666666666
foncé,1,6144,0.00016276041666666666
reinettes,1,6144,0.00016276041666666666
quarts,1,6144,0.00016276041666666666
haricots,1,6144,0.00016276041666666666
coidif,1,6144,0.00016276041666666666
fai,1,6144,0.00016276041666666666
oie,1,6144,0.00016276041666666666
épluchezles,1,6144,0.00016276041666666666
papillotes,1,6144,0.00016276041666666666
éloigné,1,6144,0.00016276041666666666
raclé,1,6144,0.00016276041666666666
&^accommode,1,6144,0.00016276041666666666
jamais,1,6144,0.00016276041666666666
égoutter,1,6144,0.00016276041666666666
ner,1,6144,0.00016276041666666666
mortier,1,6144,0.00016276041666666666
sout,1,6144,0.00016276041666666666
détacher,1,6144,0.00016276041666666666
daubière,1,6144,0.00016276041666666666
non,1,6144,0.00016276041666666666
dr,1,6144,0.00016276041666666666
ufs,1,6144,0.00016276041666666666
mêlée,1,6144,0.00016276041666666666
jardinage,1,6144,0.00016276041666666666
paquet,1,6144,0.00016276041666666666
"""",1,6144,0.00016276041666666666
bouillie,1,6144,0.00016276041666666666
tenir,1,6144,0.00016276041666666666
froids,1,6144,0.00016276041666666666
braiser,1,6144,0.00016276041666666666
roussies,1,6144,0.00016276041666666666
avez,1,6144,0.00016276041666666666
mouillé,1,6144,0.00016276041666666666
clos,1,6144,0.00016276041666666666
fricassées,1,6144,0.00016276041666666666
rôtie,1,6144,0.00016276041666666666
épuré,1,6144,0.00016276041666666666
fricasser,1,6144,0.00016276041666666666
lle,1,6144,0.00016276041666666666
fois,1,6144,0.00016276041666666666
surface,1,6144,0.00016276041666666666
pris,1,6144,0.00016276041666666666
cassées,1,6144,0.00016276041666666666
oubliez,1,6144,0.00016276041666666666
aeq,1,6144,0.00016276041666666666
marinade,1,6144,0.00016276041666666666
êtes,1,6144,0.00016276041666666666
débattez,1,6144,0.00016276041666666666
lieu,1,6144,0.00016276041666666666
chaude,1,6144,0.00016276041666666666
seulement,1,6144,0.00016276041666666666
um,1,6144,0.00016276041666666666
chez,1,6144,0.00016276041666666666
ôter,1,6144,0.00016276041666666666
hachezles,1,6144,0.00016276041666666666
t,1,6144,0.00016276041666666666
pilerez,1,6144,0.00016276041666666666
ciboulette,1,6144,0.00016276041666666666
publié,1,6144,0.00016276041666666666
bête,1,6144,0.00016276041666666666
pratique,1,6144,0.00016276041666666666
boulettes,1,6144,0.00016276041666666666
travers,1,6144,0.00016276041666666666
habile,1,6144,0.00016276041666666666
faitus,1,6144,0.00016276041666666666
article,1,6144,0.00016276041666666666
grosses,1,6144,0.00016276041666666666
employez,1,6144,0.00016276041666666666
encore,1,6144,0.00016276041666666666
role,1,6144,0.00016276041666666666
éloge,1,6144,0.00016276041666666666
aveli«,1,6144,0.00016276041666666666
déjà,1,6144,0.00016276041666666666
tm,1,6144,0.00016276041666666666
impression,1,6144,0.00016276041666666666
milieu,1,6144,0.00016276041666666666
telles,1,6144,0.00016276041666666666
leurs,1,6144,0.00016276041666666666
meuu,1,6144,0.00016276041666666666
divisé,1,6144,0.00016276041666666666
casse,1,6144,0.00016276041666666666
tombe,1,6144,0.00016276041666666666
débroyé,1,6144,0.00016276041666666666
édition,1,6144,0.00016276041666666666
quez,1,6144,0.00016276041666666666
comment,1,6144,0.00016276041666666666
macvin,1,6144,0.00016276041666666666
jaunir,1,6144,0.00016276041666666666
milan,1,6144,0.00016276041666666666
diverses,1,6144,0.00016276041666666666
préparez,1,6144,0.00016276041666666666
cuivre,1,6144,0.00016276041666666666
rôtir,1,6144,0.00016276041666666666
endroit,1,6144,0.00016276041666666666
pardessus,1,6144,0.00016276041666666666
épurée,1,6144,0.00016276041666666666
remettez,1,6144,0.00016276041666666666
carrés,1,6144,0.00016276041666666666
changez,1,6144,0.00016276041666666666
élevé,1,6144,0.00016276041666666666
mettant,1,6144,0.00016276041666666666
joignez,1,6144,0.00016276041666666666
videz,1,6144,0.00016276041666666666
grand,1,6144,0.00016276041666666666
fraiche,1,6144,0.00016276041666666666
truite,1,6144,0.00016276041666666666
bas,1,6144,0.00016276041666666666
racines,1,6144,0.00016276041666666666
étamée,1,6144,0.00016276041666666666
ardents,1,6144,0.00016276041666666666
nous,1,6144,0.00016276041666666666
brûlé,1,6144,0.00016276041666666666
entreposez,1,6144,0.00016276041666666666
assez,1,6144,0.00016276041666666666
courbet,1,6144,0.00016276041666666666
préface,1,6144,0.00016276041666666666
qaé,1,6144,0.00016276041666666666
brûlent,1,6144,0.00016276041666666666
triple,1,6144,0.00016276041666666666
plupart,1,6144,0.00016276041666666666
brûler,1,6144,0.00016276041666666666
arrangent,1,6144,0.00016276041666666666
accommodez,1,6144,0.00016276041666666666
lons,1,6144,0.00016276041666666666
thym,1,6144,0.00016276041666666666
decidé,1,6144,0.00016276041666666666
espèces,1,6144,0.00016276041666666666
imprimeur,1,6144,0.00016276041666666666
asperge,1,6144,0.00016276041666666666
deuxième,1,6144,0.00016276041666666666
aller,1,6144,0.00016276041666666666
arête,1,6144,0.00016276041666666666
st,1,6144,0.00016276041666666666
retiré,1,6144,0.00016276041666666666
telle,1,6144,0.00016276041666666666
agissez,1,6144,0.00016276041666666666
part,1,6144,0.00016276041666666666
nombreuses,1,6144,0.00016276041666666666
reluisez,1,6144,0.00016276041666666666
prépare,1,6144,0.00016276041666666666
nettoyées,1,6144,0.00016276041666666666
marron,1,6144,0.00016276041666666666
laissezle,1,6144,0.00016276041666666666
inconnu,1,6144,0.00016276041666666666
roussisse,1,6144,0.00016276041666666666
rouelles,1,6144,0.00016276041666666666
grosse,1,6144,0.00016276041666666666
dressez,1,6144,0.00016276041666666666
restes,1,6144,0.00016276041666666666
laissé,1,6144,0.00016276041666666666
fricas,1,6144,0.00016276041666666666
seconde,1,6144,0.00016276041666666666
instance,1,6144,0.00016276041666666666
champignons,1,6144,0.00016276041666666666
sée,1,6144,0.00016276041666666666
ciboules,1,6144,0.00016276041666666666
céleri,1,6144,0.00016276041666666666
sellières,1,6144,0.00016276041666666666
détournez,1,6144,0.00016276041666666666
