ngram,count,total_words,frequency
de,572,12005,0.04764681382757185
la,259,12005,0.021574344023323616
les,226,12005,0.01882548937942524
à,215,12005,0.01790920449812578
le,205,12005,0.017076218242399
et,194,12005,0.01615993336109954
l,165,12005,0.013744273219491879
d,161,12005,0.013411078717201166
des,123,12005,0.0102457309454394
au,113,12005,0.00941274468971262
1,113,12005,0.00941274468971262
en,110,12005,0.009162848812994586
ou,102,12005,0.00849645980841316
aux,101,12005,0.008413161182840483
un,99,12005,0.008246563931695127
du,98,12005,0.00816326530612245
0,97,12005,0.00807996668054977
une,91,12005,0.007580174927113703
on,82,12005,0.0068304872969596
2,75,12005,0.006247396917950854
dans,72,12005,0.00599750104123282
est,71,12005,0.005914202415660141
3,65,12005,0.005414410662224073
par,65,12005,0.005414410662224073
il,64,12005,0.005331112036651395
r,64,12005,0.005331112036651395
pour,62,12005,0.005164514785506039
c,57,12005,0.0047480216576426485
pommes,54,12005,0.004498125780924614
fruits,54,12005,0.004498125780924614
que,51,12005,0.00424822990420658
beurre,47,12005,0.0039150354019158685
légumes,44,12005,0.0036651395251978344
viande,44,12005,0.0036651395251978344
5,43,12005,0.0035818408996251563
terre,41,12005,0.0034152436484798
4,41,12005,0.0034152436484798
pain,41,12005,0.0034152436484798
i,40,12005,0.003331945022907122
soupe,40,12005,0.003331945022907122
avec,38,12005,0.003165347771761766
a,37,12005,0.003082049146189088
eau,37,12005,0.003082049146189088
qui,36,12005,0.00299875052061641
sauce,36,12005,0.00299875052061641
lait,35,12005,0.0029154518950437317
végétarien,34,12005,0.0028321532694710536
plus,33,12005,0.002748854643898376
salade,33,12005,0.002748854643898376
chou,32,12005,0.0026655560183256976
«,31,12005,0.0025822573927530195
se,31,12005,0.0025822573927530195
dr,30,12005,0.0024989587671803417
6,30,12005,0.0024989587671803417
pas,30,12005,0.0024989587671803417
7,30,12005,0.0024989587671803417
qu,29,12005,0.0024156601416076636
plat,28,12005,0.0023323615160349854
aliments,26,12005,0.0021657642648896295
sur,25,12005,0.0020824656393169513
ne,25,12005,0.0020824656393169513
régime,24,12005,0.001999167013744273
crème,24,12005,0.001999167013744273
sont,23,12005,0.0019158683881715952
y,23,12005,0.0019158683881715952
o,22,12005,0.0018325697625989172
fait,22,12005,0.0018325697625989172
ajoutez,21,12005,0.001749271137026239
faites,21,12005,0.001749271137026239
choux,21,12005,0.001749271137026239
potage,21,12005,0.001749271137026239
12,20,12005,0.001665972511453561
rue,20,12005,0.001665972511453561
pois,20,12005,0.001665972511453561
lentilles,20,12005,0.001665972511453561
farine,20,12005,0.001665972511453561
sels,20,12005,0.001665972511453561
blanche,20,12005,0.001665972511453561
bruxelles,20,12005,0.001665972511453561
leur,19,12005,0.001582673885880883
ces,19,12005,0.001582673885880883
haricots,19,12005,0.001582673885880883
carottes,19,12005,0.001582673885880883
œufs,19,12005,0.001582673885880883
40,18,12005,0.001499375260308205
50,18,12005,0.001499375260308205
deuxième,17,12005,0.0014160766347355268
sans,17,12005,0.0014160766347355268
aliment,17,12005,0.0014160766347355268
13,17,12005,0.0014160766347355268
gr,17,12005,0.0014160766347355268
peut,17,12005,0.0014160766347355268
riz,17,12005,0.0014160766347355268
kilogs,16,12005,0.0013327780091628488
compote,16,12005,0.0013327780091628488
tous,16,12005,0.0013327780091628488
20,16,12005,0.0013327780091628488
grammes,16,12005,0.0013327780091628488
même,16,12005,0.0013327780091628488
purée,16,12005,0.0013327780091628488
cuillers,16,12005,0.0013327780091628488
noix,16,12005,0.0013327780091628488
peuvent,15,12005,0.0012494793835901709
tomates,15,12005,0.0012494793835901709
ce,15,12005,0.0012494793835901709
premier,15,12005,0.0012494793835901709
entremets,15,12005,0.0012494793835901709
j,15,12005,0.0012494793835901709
si,14,12005,0.0011661807580174927
8,14,12005,0.0011661807580174927
alimentaire,14,12005,0.0011661807580174927
10,14,12005,0.0011661807580174927
complet,14,12005,0.0011661807580174927
céréales,14,12005,0.0011661807580174927
30,14,12005,0.0011661807580174927
oignons,14,12005,0.0011661807580174927
entrée,13,12005,0.0010828821324448147
mais,13,12005,0.0010828821324448147
tout,13,12005,0.0010828821324448147
fleur,13,12005,0.0010828821324448147
g,13,12005,0.0010828821324448147
quelques,13,12005,0.0010828821324448147
secs,13,12005,0.0010828821324448147
comme,13,12005,0.0010828821324448147
friture,13,12005,0.0010828821324448147
ci,13,12005,0.0010828821324448147
jus,13,12005,0.0010828821324448147
fraîches,13,12005,0.0010828821324448147
deux,13,12005,0.0010828821324448147
dessert,12,12005,0.0009995835068721366
alimentation,12,12005,0.0009995835068721366
champignons,12,12005,0.0009995835068721366
60,12,12005,0.0009995835068721366
macaroni,12,12005,0.0009995835068721366
croûtons,12,12005,0.0009995835068721366
végétal,12,12005,0.0009995835068721366
après,12,12005,0.0009995835068721366
végétariennes,12,12005,0.0009995835068721366
peu,12,12005,0.0009995835068721366
frais,12,12005,0.0009995835068721366
substances,12,12005,0.0009995835068721366
bien,12,12005,0.0009995835068721366
être,12,12005,0.0009995835068721366
elle,12,12005,0.0009995835068721366
000,12,12005,0.0009995835068721366
laitue,12,12005,0.0009995835068721366
&lt,12,12005,0.0009995835068721366
croquettes,11,12005,0.0009162848812994586
asperges,11,12005,0.0009162848812994586
groseilles,11,12005,0.0009162848812994586
^,11,12005,0.0009162848812994586
cuisine,11,12005,0.0009162848812994586
soit,11,12005,0.0009162848812994586
pâté,11,12005,0.0009162848812994586
11,11,12005,0.0009162848812994586
blanc,11,12005,0.0009162848812994586
9,11,12005,0.0009162848812994586
doit,11,12005,0.0009162848812994586
verts,11,12005,0.0009162848812994586
grandes,11,12005,0.0009162848812994586
15,11,12005,0.0009162848812994586
mange,11,12005,0.0009162848812994586
figues,10,12005,0.0008329862557267805
navets,10,12005,0.0008329862557267805
nutritifs,10,12005,0.0008329862557267805
homme,10,12005,0.0008329862557267805
blancs,10,12005,0.0008329862557267805
rouge,10,12005,0.0008329862557267805
90,10,12005,0.0008329862557267805
faire,10,12005,0.0008329862557267805
ils,10,12005,0.0008329862557267805
servir,10,12005,0.0008329862557267805
salades,10,12005,0.0008329862557267805
lahmann,10,12005,0.0008329862557267805
son,10,12005,0.0008329862557267805
végétariens,10,12005,0.0008329862557267805
salsifis,10,12005,0.0008329862557267805
produits,10,12005,0.0008329862557267805
four,10,12005,0.0008329862557267805
alimentaires,10,12005,0.0008329862557267805
rouges,10,12005,0.0008329862557267805
oseille,9,12005,0.0007496876301541025
avoine,9,12005,0.0007496876301541025
ont,9,12005,0.0007496876301541025
16,9,12005,0.0007496876301541025
fèves,9,12005,0.0007496876301541025
assez,9,12005,0.0007496876301541025
etc,9,12005,0.0007496876301541025
cuire,9,12005,0.0007496876301541025
végétarienne,9,12005,0.0007496876301541025
poireaux,9,12005,0.0007496876301541025
lui,9,12005,0.0007496876301541025
gras,9,12005,0.0007496876301541025
végétarisme,9,12005,0.0007496876301541025
huile,9,12005,0.0007496876301541025
45,9,12005,0.0007496876301541025
raisins,9,12005,0.0007496876301541025
composition,9,12005,0.0007496876301541025
•,9,12005,0.0007496876301541025
orge,9,12005,0.0007496876301541025
tranches,9,12005,0.0007496876301541025
moins,9,12005,0.0007496876301541025
47,9,12005,0.0007496876301541025
marrons,9,12005,0.0007496876301541025
an,9,12005,0.0007496876301541025
pâte,9,12005,0.0007496876301541025
dont,9,12005,0.0007496876301541025
v,9,12005,0.0007496876301541025
sucre,8,12005,0.0006663890045814244
citron,8,12005,0.0006663890045814244
paris,8,12005,0.0006663890045814244
amandes,8,12005,0.0006663890045814244
26,8,12005,0.0006663890045814244
lorsqu,8,12005,0.0006663890045814244
85,8,12005,0.0006663890045814244
48,8,12005,0.0006663890045814244
nyssens,8,12005,0.0006663890045814244
vous,8,12005,0.0006663890045814244
puis,8,12005,0.0006663890045814244
80,8,12005,0.0006663890045814244
14,8,12005,0.0006663890045814244
quantité,8,12005,0.0006663890045814244
persil,8,12005,0.0006663890045814244
artichauts,8,12005,0.0006663890045814244
autre,8,12005,0.0006663890045814244
cette,8,12005,0.0006663890045814244
encore,8,12005,0.0006663890045814244
dattes,8,12005,0.0006663890045814244
ta,8,12005,0.0006663890045814244
menus,8,12005,0.0006663890045814244
doux,8,12005,0.0006663890045814244
farci,8,12005,0.0006663890045814244
valeur,8,12005,0.0006663890045814244
beignets,8,12005,0.0006663890045814244
céleris,8,12005,0.0006663890045814244
préparation,8,12005,0.0006663890045814244
oignon,8,12005,0.0006663890045814244
fromage,8,12005,0.0006663890045814244
gâteau,8,12005,0.0006663890045814244
confitures,8,12005,0.0006663890045814244
réforme,8,12005,0.0006663890045814244
bios,8,12005,0.0006663890045814244
matières,8,12005,0.0006663890045814244
corps,8,12005,0.0006663890045814244
nous,8,12005,0.0006663890045814244
recettes,7,12005,0.0005830903790087463
abricots,7,12005,0.0005830903790087463
55,7,12005,0.0005830903790087463
ananas,7,12005,0.0005830903790087463
100,7,12005,0.0005830903790087463
bouillir,7,12005,0.0005830903790087463
albumines,7,12005,0.0005830903790087463
avant,7,12005,0.0005830903790087463
extrait,7,12005,0.0005830903790087463
endives,7,12005,0.0005830903790087463
25,7,12005,0.0005830903790087463
france,7,12005,0.0005830903790087463
frire,7,12005,0.0005830903790087463
olives,7,12005,0.0005830903790087463
très,7,12005,0.0005830903790087463
série,7,12005,0.0005830903790087463
70,7,12005,0.0005830903790087463
£,7,12005,0.0005830903790087463
épinards,7,12005,0.0005830903790087463
légumineuses,7,12005,0.0005830903790087463
froment,7,12005,0.0005830903790087463
sautées,7,12005,0.0005830903790087463
concombres,7,12005,0.0005830903790087463
feu,7,12005,0.0005830903790087463
bonne,7,12005,0.0005830903790087463
extraits,7,12005,0.0005830903790087463
contre,7,12005,0.0005830903790087463
toute,7,12005,0.0005830903790087463
46,7,12005,0.0005830903790087463
79,7,12005,0.0005830903790087463
nos,7,12005,0.0005830903790087463
87,7,12005,0.0005830903790087463
romaine,7,12005,0.0005830903790087463
table,7,12005,0.0005830903790087463
couvrez,7,12005,0.0005830903790087463
cuiller,7,12005,0.0005830903790087463
ceux,7,12005,0.0005830903790087463
fr,6,12005,0.0004997917534360683
89,6,12005,0.0004997917534360683
tableau,6,12005,0.0004997917534360683
petits,6,12005,0.0004997917534360683
noisettes,6,12005,0.0004997917534360683
ainsi,6,12005,0.0004997917534360683
heure,6,12005,0.0004997917534360683
casserole,6,12005,0.0004997917534360683
oranges,6,12005,0.0004997917534360683
froissart,6,12005,0.0004997917534360683
soja,6,12005,0.0004997917534360683
57,6,12005,0.0004997917534360683
chocolat,6,12005,0.0004997917534360683
existe,6,12005,0.0004997917534360683
bananes,6,12005,0.0004997917534360683
manière,6,12005,0.0004997917534360683
dessus,6,12005,0.0004997917534360683
farce,6,12005,0.0004997917534360683
leurs,6,12005,0.0004997917534360683
seulement,6,12005,0.0004997917534360683
transition,6,12005,0.0004997917534360683
non,6,12005,0.0004997917534360683
81,6,12005,0.0004997917534360683
27,6,12005,0.0004997917534360683
quatre,6,12005,0.0004997917534360683
méthode,6,12005,0.0004997917534360683
orties,6,12005,0.0004997917534360683
hiver,6,12005,0.0004997917534360683
albumine,6,12005,0.0004997917534360683
09,6,12005,0.0004997917534360683
76,6,12005,0.0004997917534360683
95,6,12005,0.0004997917534360683
sa,6,12005,0.0004997917534360683
mettez,6,12005,0.0004997917534360683
bouillon,6,12005,0.0004997917534360683
toutes,6,12005,0.0004997917534360683
nécrophage,6,12005,0.0004997917534360683
02,6,12005,0.0004997917534360683
51,6,12005,0.0004997917534360683
donc,6,12005,0.0004997917534360683
bon,6,12005,0.0004997917534360683
poires,6,12005,0.0004997917534360683
mirabelles,6,12005,0.0004997917534360683
morand,6,12005,0.0004997917534360683
enfants,6,12005,0.0004997917534360683
17,6,12005,0.0004997917534360683
fois,6,12005,0.0004997917534360683
morceaux,6,12005,0.0004997917534360683
quand,6,12005,0.0004997917534360683
membres,6,12005,0.0004997917534360683
framboises,6,12005,0.0004997917534360683
250,6,12005,0.0004997917534360683
75,6,12005,0.0004997917534360683
racines,6,12005,0.0004997917534360683
jets,5,12005,0.00041649312786339027
rhubarbe,5,12005,0.00041649312786339027
vertes,5,12005,0.00041649312786339027
boulettes,5,12005,0.00041649312786339027
soin,5,12005,0.00041649312786339027
pruneaux,5,12005,0.00041649312786339027
maquereau,5,12005,0.00041649312786339027
souvent,5,12005,0.00041649312786339027
58,5,12005,0.00041649312786339027
renferment,5,12005,0.00041649312786339027
jeunes,5,12005,0.00041649312786339027
heures,5,12005,0.00041649312786339027
coupées,5,12005,0.00041649312786339027
59,5,12005,0.00041649312786339027
myrtilles,5,12005,0.00041649312786339027
19,5,12005,0.00041649312786339027
croûte,5,12005,0.00041649312786339027
trois,5,12005,0.00041649312786339027
branches,5,12005,0.00041649312786339027
force,5,12005,0.00041649312786339027
tarte,5,12005,0.00041649312786339027
préparer,5,12005,0.00041649312786339027
œuf,5,12005,0.00041649312786339027
feuilles,5,12005,0.00041649312786339027
condiment,5,12005,0.00041649312786339027
je,5,12005,0.00041649312786339027
42,5,12005,0.00041649312786339027
fin,5,12005,0.00041649312786339027
93,5,12005,0.00041649312786339027
cacao,5,12005,0.00041649312786339027
cerfeuil,5,12005,0.00041649312786339027
préparations,5,12005,0.00041649312786339027
produit,5,12005,0.00041649312786339027
farcies,5,12005,0.00041649312786339027
société,5,12005,0.00041649312786339027
67,5,12005,0.00041649312786339027
donne,5,12005,0.00041649312786339027
prix,5,12005,0.00041649312786339027
ern,5,12005,0.00041649312786339027
plats,5,12005,0.00041649312786339027
sociétés,5,12005,0.00041649312786339027
boissons,5,12005,0.00041649312786339027
vert,5,12005,0.00041649312786339027
fort,5,12005,0.00041649312786339027
céleri,5,12005,0.00041649312786339027
remplace,5,12005,0.00041649312786339027
houblon,5,12005,0.00041649312786339027
publications,5,12005,0.00041649312786339027
pouding,5,12005,0.00041649312786339027
été,5,12005,0.00041649312786339027
vin,5,12005,0.00041649312786339027
41,5,12005,0.00041649312786339027
36,5,12005,0.00041649312786339027
500,5,12005,0.00041649312786339027
crosnes,5,12005,0.00041649312786339027
boisson,5,12005,0.00041649312786339027
1899,5,12005,0.00041649312786339027
vache,5,12005,0.00041649312786339027
saint,5,12005,0.00041649312786339027
?,5,12005,0.00041649312786339027
04,5,12005,0.00041649312786339027
autres,5,12005,0.00041649312786339027
italienne,5,12005,0.00041649312786339027
97,5,12005,0.00041649312786339027
usage,5,12005,0.00041649312786339027
herbes,5,12005,0.00041649312786339027
cresson,5,12005,0.00041649312786339027
crêpes,5,12005,0.00041649312786339027
première,5,12005,0.00041649312786339027
mets,5,12005,0.00041649312786339027
fleurs,5,12005,0.00041649312786339027
00,5,12005,0.00041649312786339027
grand,4,12005,0.0003331945022907122
amidon,4,12005,0.0003331945022907122
"""",4,12005,0.0003331945022907122
w,4,12005,0.0003331945022907122
pomme,4,12005,0.0003331945022907122
naturel,4,12005,0.0003331945022907122
place,4,12005,0.0003331945022907122
francs,4,12005,0.0003331945022907122
passez,4,12005,0.0003331945022907122
quart,4,12005,0.0003331945022907122
2°,4,12005,0.0003331945022907122
biscuits,4,12005,0.0003331945022907122
belgique,4,12005,0.0003331945022907122
animaux,4,12005,0.0003331945022907122
pourquoi,4,12005,0.0003331945022907122
votre,4,12005,0.0003331945022907122
vinaigre,4,12005,0.0003331945022907122
trouve,4,12005,0.0003331945022907122
q,4,12005,0.0003331945022907122
farineux,4,12005,0.0003331945022907122
jeune,4,12005,0.0003331945022907122
schulz,4,12005,0.0003331945022907122
tiède,4,12005,0.0003331945022907122
airelles,4,12005,0.0003331945022907122
levure,4,12005,0.0003331945022907122
ajoute,4,12005,0.0003331945022907122
notre,4,12005,0.0003331945022907122
année,4,12005,0.0003331945022907122
25o,4,12005,0.0003331945022907122
mieux,4,12005,0.0003331945022907122
têtes,4,12005,0.0003331945022907122
49,4,12005,0.0003331945022907122
35,4,12005,0.0003331945022907122
53,4,12005,0.0003331945022907122
fondu,4,12005,0.0003331945022907122
23,4,12005,0.0003331945022907122
hectare,4,12005,0.0003331945022907122
pot,4,12005,0.0003331945022907122
servez,4,12005,0.0003331945022907122
nombre,4,12005,0.0003331945022907122
cardons,4,12005,0.0003331945022907122
63,4,12005,0.0003331945022907122
fraises,4,12005,0.0003331945022907122
forme,4,12005,0.0003331945022907122
part,4,12005,0.0003331945022907122
semoule,4,12005,0.0003331945022907122
temps,4,12005,0.0003331945022907122
mois,4,12005,0.0003331945022907122
contenant,4,12005,0.0003331945022907122
72,4,12005,0.0003331945022907122
omelette,4,12005,0.0003331945022907122
pâtés,4,12005,0.0003331945022907122
santé,4,12005,0.0003331945022907122
carlotto,4,12005,0.0003331945022907122
trop,4,12005,0.0003331945022907122
°,4,12005,0.0003331945022907122
pays,4,12005,0.0003331945022907122
avoir,4,12005,0.0003331945022907122
22,4,12005,0.0003331945022907122
acide,4,12005,0.0003331945022907122
marais,4,12005,0.0003331945022907122
300,4,12005,0.0003331945022907122
nutritives,4,12005,0.0003331945022907122
prunes,4,12005,0.0003331945022907122
assimilable,4,12005,0.0003331945022907122
goût,4,12005,0.0003331945022907122
kilog,4,12005,0.0003331945022907122
sel,4,12005,0.0003331945022907122
grillé,4,12005,0.0003331945022907122
chaude,4,12005,0.0003331945022907122
64,4,12005,0.0003331945022907122
44,4,12005,0.0003331945022907122
bonnejoy,4,12005,0.0003331945022907122
pelure,4,12005,0.0003331945022907122
37,4,12005,0.0003331945022907122
350,4,12005,0.0003331945022907122
&,4,12005,0.0003331945022907122
jusqu,4,12005,0.0003331945022907122
saveur,4,12005,0.0003331945022907122
gruyère,4,12005,0.0003331945022907122
54,4,12005,0.0003331945022907122
soufflé,4,12005,0.0003331945022907122
raves,4,12005,0.0003331945022907122
pendant,4,12005,0.0003331945022907122
rendre,4,12005,0.0003331945022907122
loi,4,12005,0.0003331945022907122
versez,4,12005,0.0003331945022907122
coupez,4,12005,0.0003331945022907122
24,4,12005,0.0003331945022907122
flageolets,4,12005,0.0003331945022907122
utile,4,12005,0.0003331945022907122
28,4,12005,0.0003331945022907122
végétale,4,12005,0.0003331945022907122
spéciaux,4,12005,0.0003331945022907122
cuisez,4,12005,0.0003331945022907122
origine,4,12005,0.0003331945022907122
roses,4,12005,0.0003331945022907122
73,4,12005,0.0003331945022907122
minutes,4,12005,0.0003331945022907122
ayant,4,12005,0.0003331945022907122
secrétaire,4,12005,0.0003331945022907122
rationnelle,4,12005,0.0003331945022907122
frits,4,12005,0.0003331945022907122
\,4,12005,0.0003331945022907122
timbale,4,12005,0.0003331945022907122
radis,4,12005,0.0003331945022907122
question,4,12005,0.0003331945022907122
bouchées,4,12005,0.0003331945022907122
sucrés,4,12005,0.0003331945022907122
montrant,4,12005,0.0003331945022907122
84,4,12005,0.0003331945022907122
coupé,4,12005,0.0003331945022907122
tuer?,4,12005,0.0003331945022907122
maïs,4,12005,0.0003331945022907122
thé,4,12005,0.0003331945022907122
nouilles,4,12005,0.0003331945022907122
proportion,4,12005,0.0003331945022907122
mélange,4,12005,0.0003331945022907122
witloof,4,12005,0.0003331945022907122
&gt,4,12005,0.0003331945022907122
mûres,4,12005,0.0003331945022907122
ai,4,12005,0.0003331945022907122
topinambours,4,12005,0.0003331945022907122
maladies,4,12005,0.0003331945022907122
gratin,4,12005,0.0003331945022907122
34,4,12005,0.0003331945022907122
chanterelles,4,12005,0.0003331945022907122
plantes,4,12005,0.0003331945022907122
sommités,4,12005,0.0003331945022907122
novembre,4,12005,0.0003331945022907122
morceau,4,12005,0.0003331945022907122
tubercules,4,12005,0.0003331945022907122
litre,4,12005,0.0003331945022907122
marché,3,12005,0.00024989587671803414
65,3,12005,0.00024989587671803414
200,3,12005,0.00024989587671803414
dl,3,12005,0.00024989587671803414
figurer,3,12005,0.00024989587671803414
pointes,3,12005,0.00024989587671803414
hygiène,3,12005,0.00024989587671803414
nourrir,3,12005,0.00024989587671803414
tapioca,3,12005,0.00024989587671803414
addition,3,12005,0.00024989587671803414
malheureusement,3,12005,0.00024989587671803414
t,3,12005,0.00024989587671803414
sagou,3,12005,0.00024989587671803414
fabricants,3,12005,0.00024989587671803414
meilleur,3,12005,0.00024989587671803414
mâche,3,12005,0.00024989587671803414
donner,3,12005,0.00024989587671803414
conserve,3,12005,0.00024989587671803414
menu,3,12005,0.00024989587671803414
modéré,3,12005,0.00024989587671803414
soif,3,12005,0.00024989587671803414
lavez,3,12005,0.00024989587671803414
râpé,3,12005,0.00024989587671803414
café,3,12005,0.00024989587671803414
laissez,3,12005,0.00024989587671803414
estomacs,3,12005,0.00024989587671803414
cerises,3,12005,0.00024989587671803414
panais,3,12005,0.00024989587671803414
elles,3,12005,0.00024989587671803414
grillée,3,12005,0.00024989587671803414
égypte,3,12005,0.00024989587671803414
roussir,3,12005,0.00024989587671803414
morilles,3,12005,0.00024989587671803414
fournissent,3,12005,0.00024989587671803414
vingt,3,12005,0.00024989587671803414
évidence,3,12005,0.00024989587671803414
fines,3,12005,0.00024989587671803414
celui,3,12005,0.00024989587671803414
finement,3,12005,0.00024989587671803414
condiments,3,12005,0.00024989587671803414
coco,3,12005,0.00024989587671803414
fournit,3,12005,0.00024989587671803414
moitié,3,12005,0.00024989587671803414
fond,3,12005,0.00024989587671803414
travail,3,12005,0.00024989587671803414
cuites,3,12005,0.00024989587671803414
essentiellement,3,12005,0.00024989587671803414
chair,3,12005,0.00024989587671803414
68,3,12005,0.00024989587671803414
pascault,3,12005,0.00024989587671803414
jamais,3,12005,0.00024989587671803414
66,3,12005,0.00024989587671803414
industriels,3,12005,0.00024989587671803414
170,3,12005,0.00024989587671803414
diminuer,3,12005,0.00024989587671803414
sept,3,12005,0.00024989587671803414
maternel,3,12005,0.00024989587671803414
mai,3,12005,0.00024989587671803414
glucose,3,12005,0.00024989587671803414
kakis,3,12005,0.00024989587671803414
arroche,3,12005,0.00024989587671803414
ici,3,12005,0.00024989587671803414
grande,3,12005,0.00024989587671803414
petit,3,12005,0.00024989587671803414
126,3,12005,0.00024989587671803414
bière,3,12005,0.00024989587671803414
casaque,3,12005,0.00024989587671803414
rationnel,3,12005,0.00024989587671803414
septembre,3,12005,0.00024989587671803414
ration,3,12005,0.00024989587671803414
fougères,3,12005,0.00024989587671803414
semblable,3,12005,0.00024989587671803414
chez,3,12005,0.00024989587671803414
69,3,12005,0.00024989587671803414
potiron,3,12005,0.00024989587671803414
52,3,12005,0.00024989587671803414
française,3,12005,0.00024989587671803414
octobre,3,12005,0.00024989587671803414
mandarines,3,12005,0.00024989587671803414
amidons,3,12005,0.00024989587671803414
29,3,12005,0.00024989587671803414
faits,3,12005,0.00024989587671803414
éthyle,3,12005,0.00024989587671803414
endive,3,12005,0.00024989587671803414
melon,3,12005,0.00024989587671803414
poisson,3,12005,0.00024989587671803414
digestion,3,12005,0.00024989587671803414
suffisante,3,12005,0.00024989587671803414
augmenter,3,12005,0.00024989587671803414
animale,3,12005,0.00024989587671803414
environ,3,12005,0.00024989587671803414
béchamel,3,12005,0.00024989587671803414
sss,3,12005,0.00024989587671803414
spaghetti,3,12005,0.00024989587671803414
®,3,12005,0.00024989587671803414
étuver,3,12005,0.00024989587671803414
83,3,12005,0.00024989587671803414
livre,3,12005,0.00024989587671803414
seront,3,12005,0.00024989587671803414
pourpier,3,12005,0.00024989587671803414
miel,3,12005,0.00024989587671803414
piment,3,12005,0.00024989587671803414
gruau,3,12005,0.00024989587671803414
poids,3,12005,0.00024989587671803414
source,3,12005,0.00024989587671803414
journal,3,12005,0.00024989587671803414
épices,3,12005,0.00024989587671803414
brugnons,3,12005,0.00024989587671803414
nourriture,3,12005,0.00024989587671803414
700,3,12005,0.00024989587671803414
riche,3,12005,0.00024989587671803414
richesse,3,12005,0.00024989587671803414
dès,3,12005,0.00024989587671803414
vie,3,12005,0.00024989587671803414
crus,3,12005,0.00024989587671803414
pincée,3,12005,0.00024989587671803414
doivent,3,12005,0.00024989587671803414
insuffisance,3,12005,0.00024989587671803414
cœurs,3,12005,0.00024989587671803414
olive,3,12005,0.00024989587671803414
parce,3,12005,0.00024989587671803414
certains,3,12005,0.00024989587671803414
était,3,12005,0.00024989587671803414
grain,3,12005,0.00024989587671803414
nutritive,3,12005,0.00024989587671803414
cornichons,3,12005,0.00024989587671803414
étuvées,3,12005,0.00024989587671803414
chaux,3,12005,0.00024989587671803414
voir,3,12005,0.00024989587671803414
32,3,12005,0.00024989587671803414
lorsque,3,12005,0.00024989587671803414
assiette,3,12005,0.00024989587671803414
21,3,12005,0.00024989587671803414
royale,3,12005,0.00024989587671803414
remettez,3,12005,0.00024989587671803414
pratique,3,12005,0.00024989587671803414
calculs,3,12005,0.00024989587671803414
beaucoup,3,12005,0.00024989587671803414
sucres,3,12005,0.00024989587671803414
88,3,12005,0.00024989587671803414
instinct,3,12005,0.00024989587671803414
membre,3,12005,0.00024989587671803414
entre,3,12005,0.00024989587671803414
62,3,12005,0.00024989587671803414
braisés,3,12005,0.00024989587671803414
végétaux,3,12005,0.00024989587671803414
germain,3,12005,0.00024989587671803414
74,3,12005,0.00024989587671803414
nécessaire,3,12005,0.00024989587671803414
repas,3,12005,0.00024989587671803414
simple,3,12005,0.00024989587671803414
passer,3,12005,0.00024989587671803414
terrain,3,12005,0.00024989587671803414
1900,3,12005,0.00024989587671803414
additionné,3,12005,0.00024989587671803414
avantageusement,3,12005,0.00024989587671803414
31,3,12005,0.00024989587671803414
médecine,3,12005,0.00024989587671803414
renfermer,3,12005,0.00024989587671803414
liste,3,12005,0.00024989587671803414
passés,3,12005,0.00024989587671803414
soient,3,12005,0.00024989587671803414
nouvelles,3,12005,0.00024989587671803414
aubergines,3,12005,0.00024989587671803414
dépôt,3,12005,0.00024989587671803414
dire,3,12005,0.00024989587671803414
angleterre,3,12005,0.00024989587671803414
78,3,12005,0.00024989587671803414
prépare,3,12005,0.00024989587671803414
toujours,3,12005,0.00024989587671803414
lieu,3,12005,0.00024989587671803414
hydrocarbures,3,12005,0.00024989587671803414
bains,3,12005,0.00024989587671803414
pur,3,12005,0.00024989587671803414
lyon,3,12005,0.00024989587671803414
sert,3,12005,0.00024989587671803414
sauvages,3,12005,0.00024989587671803414
rapporte,3,12005,0.00024989587671803414
franc,3,12005,0.00024989587671803414
laitage,3,12005,0.00024989587671803414
ménagère,3,12005,0.00024989587671803414
forte,3,12005,0.00024989587671803414
82,3,12005,0.00024989587671803414
pissenlit,3,12005,0.00024989587671803414
carné,3,12005,0.00024989587671803414
phosphates,3,12005,0.00024989587671803414
séchés,3,12005,0.00024989587671803414
légèrement,3,12005,0.00024989587671803414
côtelette,3,12005,0.00024989587671803414
celle,3,12005,0.00024989587671803414
selon,3,12005,0.00024989587671803414
jour,3,12005,0.00024989587671803414
remuez,3,12005,0.00024989587671803414
seigle,3,12005,0.00024989587671803414
moyen,3,12005,0.00024989587671803414
légume,3,12005,0.00024989587671803414
h,3,12005,0.00024989587671803414
exige,3,12005,0.00024989587671803414
japon,3,12005,0.00024989587671803414
soude,3,12005,0.00024989587671803414
vermicelle,3,12005,0.00024989587671803414
idéal,3,12005,0.00024989587671803414
39,3,12005,0.00024989587671803414
jours,3,12005,0.00024989587671803414
eux,3,12005,0.00024989587671803414
citrouilles,2,12005,0.0001665972511453561
moyenne,2,12005,0.0001665972511453561
saccharine,2,12005,0.0001665972511453561
augmentation,2,12005,0.0001665972511453561
inutiles,2,12005,0.0001665972511453561
pages,2,12005,0.0001665972511453561
froids,2,12005,0.0001665972511453561
mélangez,2,12005,0.0001665972511453561
adulte,2,12005,0.0001665972511453561
§,2,12005,0.0001665972511453561
bientôt,2,12005,0.0001665972511453561
exquise,2,12005,0.0001665972511453561
jardin,2,12005,0.0001665972511453561
froides,2,12005,0.0001665972511453561
aout,2,12005,0.0001665972511453561
chester,2,12005,0.0001665972511453561
unique,2,12005,0.0001665972511453561
ail,2,12005,0.0001665972511453561
soufflée,2,12005,0.0001665972511453561
laisse,2,12005,0.0001665972511453561
prenez,2,12005,0.0001665972511453561
traitement,2,12005,0.0001665972511453561
puisse,2,12005,0.0001665972511453561
pratiquer,2,12005,0.0001665972511453561
71,2,12005,0.0001665972511453561
mêlez,2,12005,0.0001665972511453561
air,2,12005,0.0001665972511453561
fossé,2,12005,0.0001665972511453561
serait,2,12005,0.0001665972511453561
chicorées,2,12005,0.0001665972511453561
appelée,2,12005,0.0001665972511453561
meringuées,2,12005,0.0001665972511453561
difficile,2,12005,0.0001665972511453561
écrase,2,12005,0.0001665972511453561
laquelle,2,12005,0.0001665972511453561
ménage,2,12005,0.0001665972511453561
cassis,2,12005,0.0001665972511453561
précis,2,12005,0.0001665972511453561
excès,2,12005,0.0001665972511453561
mars,2,12005,0.0001665972511453561
perlée,2,12005,0.0001665972511453561
essence,2,12005,0.0001665972511453561
œuvre,2,12005,0.0001665972511453561
400,2,12005,0.0001665972511453561
tapées,2,12005,0.0001665972511453561
entiers,2,12005,0.0001665972511453561
avril,2,12005,0.0001665972511453561
éviter,2,12005,0.0001665972511453561
dit,2,12005,0.0001665972511453561
façon,2,12005,0.0001665972511453561
remplacés,2,12005,0.0001665972511453561
levain,2,12005,0.0001665972511453561
hydro,2,12005,0.0001665972511453561
acheter,2,12005,0.0001665972511453561
nécrophages,2,12005,0.0001665972511453561
composé,2,12005,0.0001665972511453561
patates,2,12005,0.0001665972511453561
frutti,2,12005,0.0001665972511453561
carbures,2,12005,0.0001665972511453561
tartelette,2,12005,0.0001665972511453561
habitué,2,12005,0.0001665972511453561
farcis,2,12005,0.0001665972511453561
calendrier,2,12005,0.0001665972511453561
abondance,2,12005,0.0001665972511453561
01,2,12005,0.0001665972511453561
ses,2,12005,0.0001665972511453561
soupes,2,12005,0.0001665972511453561
franco,2,12005,0.0001665972511453561
comprend,2,12005,0.0001665972511453561
condition,2,12005,0.0001665972511453561
grillées,2,12005,0.0001665972511453561
assimile,2,12005,0.0001665972511453561
aqueuse,2,12005,0.0001665972511453561
saison,2,12005,0.0001665972511453561
150,2,12005,0.0001665972511453561
spécialités,2,12005,0.0001665972511453561
possède,2,12005,0.0001665972511453561
rarement,2,12005,0.0001665972511453561
frites,2,12005,0.0001665972511453561
chaud,2,12005,0.0001665972511453561
diabète,2,12005,0.0001665972511453561
aurait,2,12005,0.0001665972511453561
accessoires,2,12005,0.0001665972511453561
étuvée,2,12005,0.0001665972511453561
précèdent,2,12005,0.0001665972511453561
120,2,12005,0.0001665972511453561
élevage,2,12005,0.0001665972511453561
albouts,2,12005,0.0001665972511453561
fève,2,12005,0.0001665972511453561
devient,2,12005,0.0001665972511453561
450,2,12005,0.0001665972511453561
parler,2,12005,0.0001665972511453561
98,2,12005,0.0001665972511453561
agents,2,12005,0.0001665972511453561
mendiants,2,12005,0.0001665972511453561
confection,2,12005,0.0001665972511453561
co,2,12005,0.0001665972511453561
beurré,2,12005,0.0001665972511453561
b,2,12005,0.0001665972511453561
blanchir,2,12005,0.0001665972511453561
grasse,2,12005,0.0001665972511453561
précieux,2,12005,0.0001665972511453561
belle,2,12005,0.0001665972511453561
créatine,2,12005,0.0001665972511453561
hérédité,2,12005,0.0001665972511453561
pure,2,12005,0.0001665972511453561
annuelle,2,12005,0.0001665972511453561
faut,2,12005,0.0001665972511453561
fc,2,12005,0.0001665972511453561
dessous,2,12005,0.0001665972511453561
ooo,2,12005,0.0001665972511453561
renferme,2,12005,0.0001665972511453561
tranche,2,12005,0.0001665972511453561
tartrique,2,12005,0.0001665972511453561
énergie,2,12005,0.0001665972511453561
trempez,2,12005,0.0001665972511453561
fritures,2,12005,0.0001665972511453561
bouillis,2,12005,0.0001665972511453561
aromatiques,2,12005,0.0001665972511453561
haut,2,12005,0.0001665972511453561
étend,2,12005,0.0001665972511453561
préalablement,2,12005,0.0001665972511453561
cèpes,2,12005,0.0001665972511453561
sauter,2,12005,0.0001665972511453561
graines,2,12005,0.0001665972511453561
froide,2,12005,0.0001665972511453561
importation,2,12005,0.0001665972511453561
compte,2,12005,0.0001665972511453561
pu,2,12005,0.0001665972511453561
truffes,2,12005,0.0001665972511453561
présence,2,12005,0.0001665972511453561
taillez,2,12005,0.0001665972511453561
nutritif,2,12005,0.0001665972511453561
lessivés,2,12005,0.0001665972511453561
europe,2,12005,0.0001665972511453561
edwards,2,12005,0.0001665972511453561
claudes,2,12005,0.0001665972511453561
réalise,2,12005,0.0001665972511453561
complète,2,12005,0.0001665972511453561
princesse,2,12005,0.0001665972511453561
tremper,2,12005,0.0001665972511453561
palmin,2,12005,0.0001665972511453561
sociale,2,12005,0.0001665972511453561
arroser,2,12005,0.0001665972511453561
met,2,12005,0.0001665972511453561
prend,2,12005,0.0001665972511453561
scarole,2,12005,0.0001665972511453561
contribuent,2,12005,0.0001665972511453561
prendre,2,12005,0.0001665972511453561
fortes,2,12005,0.0001665972511453561
chauffées,2,12005,0.0001665972511453561
chauffé,2,12005,0.0001665972511453561
tendres,2,12005,0.0001665972511453561
pochés,2,12005,0.0001665972511453561
légère,2,12005,0.0001665972511453561
princesses,2,12005,0.0001665972511453561
chimie,2,12005,0.0001665972511453561
juste,2,12005,0.0001665972511453561
diverses,2,12005,0.0001665972511453561
trente,2,12005,0.0001665972511453561
savoie,2,12005,0.0001665972511453561
abonnement,2,12005,0.0001665972511453561
33,2,12005,0.0001665972511453561
mêmes,2,12005,0.0001665972511453561
expériences,2,12005,0.0001665972511453561
tutti,2,12005,0.0001665972511453561
brochure,2,12005,0.0001665972511453561
graisse,2,12005,0.0001665972511453561
verse,2,12005,0.0001665972511453561
excitants,2,12005,0.0001665972511453561
matin,2,12005,0.0001665972511453561
polenta,2,12005,0.0001665972511453561
suffit,2,12005,0.0001665972511453561
blutée,2,12005,0.0001665972511453561
propriété,2,12005,0.0001665972511453561
perdu,2,12005,0.0001665972511453561
betteraves,2,12005,0.0001665972511453561
barbe,2,12005,0.0001665972511453561
1°,2,12005,0.0001665972511453561
liquide,2,12005,0.0001665972511453561
juillet,2,12005,0.0001665972511453561
tendre,2,12005,0.0001665972511453561
épaisseur,2,12005,0.0001665972511453561
académie,2,12005,0.0001665972511453561
cuisson,2,12005,0.0001665972511453561
nord,2,12005,0.0001665972511453561
ensuite,2,12005,0.0001665972511453561
où,2,12005,0.0001665972511453561
battu,2,12005,0.0001665972511453561
plume,2,12005,0.0001665972511453561
jaune,2,12005,0.0001665972511453561
suffire,2,12005,0.0001665972511453561
importance,2,12005,0.0001665972511453561
grosse,2,12005,0.0001665972511453561
meilleure,2,12005,0.0001665972511453561
trouvent,2,12005,0.0001665972511453561
jean,2,12005,0.0001665972511453561
110,2,12005,0.0001665972511453561
remplacera,2,12005,0.0001665972511453561
coeurs,2,12005,0.0001665972511453561
tasse,2,12005,0.0001665972511453561
hochepot,2,12005,0.0001665972511453561
coings,2,12005,0.0001665972511453561
03,2,12005,0.0001665972511453561
végétalien,2,12005,0.0001665972511453561
dujardin,2,12005,0.0001665972511453561
décembre,2,12005,0.0001665972511453561
goutte,2,12005,0.0001665972511453561
azote,2,12005,0.0001665972511453561
quartiers,2,12005,0.0001665972511453561
arenberg,2,12005,0.0001665972511453561
carotte,2,12005,0.0001665972511453561
demande,2,12005,0.0001665972511453561
achetons,2,12005,0.0001665972511453561
nards,2,12005,0.0001665972511453561
économie,2,12005,0.0001665972511453561
adresse,2,12005,0.0001665972511453561
cendres,2,12005,0.0001665972511453561
lever,2,12005,0.0001665972511453561
plusieurs,2,12005,0.0001665972511453561
voit,2,12005,0.0001665972511453561
ait,2,12005,0.0001665972511453561
tartelettes,2,12005,0.0001665972511453561
supprimer,2,12005,0.0001665972511453561
presque,2,12005,0.0001665972511453561
pâtes,2,12005,0.0001665972511453561
«t,2,12005,0.0001665972511453561
teneur,2,12005,0.0001665972511453561
utilisée,2,12005,0.0001665972511453561
étrange,2,12005,0.0001665972511453561
citrouille,2,12005,0.0001665972511453561
volonté,2,12005,0.0001665972511453561
milne,2,12005,0.0001665972511453561
baar,2,12005,0.0001665972511453561
azotées,2,12005,0.0001665972511453561
eu,2,12005,0.0001665972511453561
japonaise,2,12005,0.0001665972511453561
épi,2,12005,0.0001665972511453561
commerce,2,12005,0.0001665972511453561
cœur,2,12005,0.0001665972511453561
médical,2,12005,0.0001665972511453561
confiture,2,12005,0.0001665972511453561
tantôt,2,12005,0.0001665972511453561
expédiées,2,12005,0.0001665972511453561
alors,2,12005,0.0001665972511453561
fonctionnement,2,12005,0.0001665972511453561
"""2",2,12005,0.0001665972511453561
marcher,2,12005,0.0001665972511453561
brunir,2,12005,0.0001665972511453561
chinoise,2,12005,0.0001665972511453561
surtout,2,12005,0.0001665972511453561
supposons,2,12005,0.0001665972511453561
période,2,12005,0.0001665972511453561
placez,2,12005,0.0001665972511453561
doigt,2,12005,0.0001665972511453561
albene,2,12005,0.0001665972511453561
suivants,2,12005,0.0001665972511453561
loups,2,12005,0.0001665972511453561
glacée,2,12005,0.0001665972511453561
plupart,2,12005,0.0001665972511453561
poisons,2,12005,0.0001665972511453561
desserts,2,12005,0.0001665972511453561
destinées,2,12005,0.0001665972511453561
suivent,2,12005,0.0001665972511453561
longueville,2,12005,0.0001665972511453561
couche,2,12005,0.0001665972511453561
apres,2,12005,0.0001665972511453561
chapelure,2,12005,0.0001665972511453561
viandes,2,12005,0.0001665972511453561
pauvre,2,12005,0.0001665972511453561
agréable,2,12005,0.0001665972511453561
coupe,2,12005,0.0001665972511453561
94,2,12005,0.0001665972511453561
77,2,12005,0.0001665972511453561
naturels,2,12005,0.0001665972511453561
anatomie,2,12005,0.0001665972511453561
capucin,2,12005,0.0001665972511453561
infiniment,2,12005,0.0001665972511453561
facilement,2,12005,0.0001665972511453561
poivre,2,12005,0.0001665972511453561
egypte,2,12005,0.0001665972511453561
brouillés,2,12005,0.0001665972511453561
vrai,2,12005,0.0001665972511453561
établir,2,12005,0.0001665972511453561
cassonade,2,12005,0.0001665972511453561
56,2,12005,0.0001665972511453561
99,2,12005,0.0001665972511453561
service,2,12005,0.0001665972511453561
braisées,2,12005,0.0001665972511453561
enlève,2,12005,0.0001665972511453561
février,2,12005,0.0001665972511453561
bois,2,12005,0.0001665972511453561
recueils,2,12005,0.0001665972511453561
suffisent,2,12005,0.0001665972511453561
types,2,12005,0.0001665972511453561
130,2,12005,0.0001665972511453561
lauréol,2,12005,0.0001665972511453561
ajouter,2,12005,0.0001665972511453561
fromages,2,12005,0.0001665972511453561
depuis,2,12005,0.0001665972511453561
bifteck,2,12005,0.0001665972511453561
digérer,2,12005,0.0001665972511453561
largeris,2,12005,0.0001665972511453561
illusoire,2,12005,0.0001665972511453561
cuisinier,2,12005,0.0001665972511453561
dix,2,12005,0.0001665972511453561
assimilables,2,12005,0.0001665972511453561
soleil,2,12005,0.0001665972511453561
soupière,2,12005,0.0001665972511453561
arachides,2,12005,0.0001665972511453561
insuffisant,2,12005,0.0001665972511453561
conclusion,2,12005,0.0001665972511453561
beaumetz,2,12005,0.0001665972511453561
chaque,2,12005,0.0001665972511453561
sous,2,12005,0.0001665972511453561
organisme,2,12005,0.0001665972511453561
fournira,2,12005,0.0001665972511453561
janvier,2,12005,0.0001665972511453561
condé,2,12005,0.0001665972511453561
reste,2,12005,0.0001665972511453561
simples,2,12005,0.0001665972511453561
ingrédients,2,12005,0.0001665972511453561
cotisation,2,12005,0.0001665972511453561
directeur,2,12005,0.0001665972511453561
facile,2,12005,0.0001665972511453561
3°,2,12005,0.0001665972511453561
font,2,12005,0.0001665972511453561
haché,2,12005,0.0001665972511453561
pistoles,2,12005,0.0001665972511453561
fortifiant,2,12005,0.0001665972511453561
reines,2,12005,0.0001665972511453561
juin,2,12005,0.0001665972511453561
parties,2,12005,0.0001665972511453561
porte,2,12005,0.0001665972511453561
prendra,2,12005,0.0001665972511453561
tôle,2,12005,0.0001665972511453561
mousse,2,12005,0.0001665972511453561
séchées,2,12005,0.0001665972511453561
choix,2,12005,0.0001665972511453561
toast,2,12005,0.0001665972511453561
but,2,12005,0.0001665972511453561
sauces,2,12005,0.0001665972511453561
manque,2,12005,0.0001665972511453561
136,2,12005,0.0001665972511453561
cuillerées,2,12005,0.0001665972511453561
humaine,2,12005,0.0001665972511453561
seul,2,12005,0.0001665972511453561
verre,2,12005,0.0001665972511453561
prennent,2,12005,0.0001665972511453561
simplement,2,12005,0.0001665972511453561
61,2,12005,0.0001665972511453561
déchet,2,12005,0.0001665972511453561
43,2,12005,0.0001665972511453561
rôties,2,12005,0.0001665972511453561
gouy,2,12005,0.0001665972511453561
blanchis,2,12005,0.0001665972511453561
cinq,2,12005,0.0001665972511453561
consomme,2,12005,0.0001665972511453561
débutants,2,12005,0.0001665972511453561
excessif,2,12005,0.0001665972511453561
bouillante,2,12005,0.0001665972511453561
demi,2,12005,0.0001665972511453561
tissus,2,12005,0.0001665972511453561
sarrasin,2,12005,0.0001665972511453561
exposé,2,12005,0.0001665972511453561
86,2,12005,0.0001665972511453561
contiennent,2,12005,0.0001665972511453561
huiles,2,12005,0.0001665972511453561
nature,2,12005,0.0001665972511453561
spécial,2,12005,0.0001665972511453561
caillé,2,12005,0.0001665972511453561
suppléer,2,12005,0.0001665972511453561
vanille,2,12005,0.0001665972511453561
chimiques,2,12005,0.0001665972511453561
étuvés,2,12005,0.0001665972511453561
nourrissants,2,12005,0.0001665972511453561
bouillie,2,12005,0.0001665972511453561
préférence,2,12005,0.0001665972511453561
sommaire,2,12005,0.0001665972511453561
supérieur,2,12005,0.0001665972511453561
flan,2,12005,0.0001665972511453561
villes,2,12005,0.0001665972511453561
état,2,12005,0.0001665972511453561
frauduleusement,2,12005,0.0001665972511453561
nahrungs,1,12005,8.329862557267805e-05
théorique,1,12005,8.329862557267805e-05
bases,1,12005,8.329862557267805e-05
huit,1,12005,8.329862557267805e-05
décoction,1,12005,8.329862557267805e-05
sec,1,12005,8.329862557267805e-05
seules,1,12005,8.329862557267805e-05
nécessaires,1,12005,8.329862557267805e-05
mangeurs,1,12005,8.329862557267805e-05
roulé,1,12005,8.329862557267805e-05
dyspnées,1,12005,8.329862557267805e-05
perpétuel,1,12005,8.329862557267805e-05
~,1,12005,8.329862557267805e-05
laitues,1,12005,8.329862557267805e-05
sophistiqué,1,12005,8.329862557267805e-05
griller,1,12005,8.329862557267805e-05
conséquence,1,12005,8.329862557267805e-05
doucement,1,12005,8.329862557267805e-05
jujubes,1,12005,8.329862557267805e-05
fraiches,1,12005,8.329862557267805e-05
physiques,1,12005,8.329862557267805e-05
thérapeutique,1,12005,8.329862557267805e-05
trous,1,12005,8.329862557267805e-05
rang,1,12005,8.329862557267805e-05
néophyte,1,12005,8.329862557267805e-05
chacune,1,12005,8.329862557267805e-05
ppssm,1,12005,8.329862557267805e-05
t3,1,12005,8.329862557267805e-05
machine,1,12005,8.329862557267805e-05
tirrrrps,1,12005,8.329862557267805e-05
mesurant,1,12005,8.329862557267805e-05
sobriété,1,12005,8.329862557267805e-05
sacrifier,1,12005,8.329862557267805e-05
mer,1,12005,8.329862557267805e-05
feront,1,12005,8.329862557267805e-05
épaisse,1,12005,8.329862557267805e-05
mensuel,1,12005,8.329862557267805e-05
j^,1,12005,8.329862557267805e-05
derniers,1,12005,8.329862557267805e-05
gourmets,1,12005,8.329862557267805e-05
beurrée,1,12005,8.329862557267805e-05
me,1,12005,8.329862557267805e-05
8876,1,12005,8.329862557267805e-05
rationnellé,1,12005,8.329862557267805e-05
convient,1,12005,8.329862557267805e-05
teinte,1,12005,8.329862557267805e-05
salée,1,12005,8.329862557267805e-05
généralement,1,12005,8.329862557267805e-05
sgs^r,1,12005,8.329862557267805e-05
moderne,1,12005,8.329862557267805e-05
maniée,1,12005,8.329862557267805e-05
détails,1,12005,8.329862557267805e-05
supprimant,1,12005,8.329862557267805e-05
venez,1,12005,8.329862557267805e-05
naturellement,1,12005,8.329862557267805e-05
williams,1,12005,8.329862557267805e-05
additionnez,1,12005,8.329862557267805e-05
nu,1,12005,8.329862557267805e-05
agrément,1,12005,8.329862557267805e-05
uner,1,12005,8.329862557267805e-05
ferme,1,12005,8.329862557267805e-05
sources,1,12005,8.329862557267805e-05
consenti,1,12005,8.329862557267805e-05
végétales,1,12005,8.329862557267805e-05
t°,1,12005,8.329862557267805e-05
middleson,1,12005,8.329862557267805e-05
mann,1,12005,8.329862557267805e-05
tj,1,12005,8.329862557267805e-05
culte,1,12005,8.329862557267805e-05
4935,1,12005,8.329862557267805e-05
frelaté,1,12005,8.329862557267805e-05
oeuf,1,12005,8.329862557267805e-05
fortifie,1,12005,8.329862557267805e-05
leçons,1,12005,8.329862557267805e-05
donnera,1,12005,8.329862557267805e-05
élève,1,12005,8.329862557267805e-05
jetez,1,12005,8.329862557267805e-05
intégralemeut,1,12005,8.329862557267805e-05
s^i,1,12005,8.329862557267805e-05
soir,1,12005,8.329862557267805e-05
divisé,1,12005,8.329862557267805e-05
utiliser,1,12005,8.329862557267805e-05
id,1,12005,8.329862557267805e-05
nourrit,1,12005,8.329862557267805e-05
cb,1,12005,8.329862557267805e-05
délayez,1,12005,8.329862557267805e-05
céréaline,1,12005,8.329862557267805e-05
ouvriers,1,12005,8.329862557267805e-05
prenne,1,12005,8.329862557267805e-05
conférences,1,12005,8.329862557267805e-05
mesure,1,12005,8.329862557267805e-05
botulisme,1,12005,8.329862557267805e-05
acétate,1,12005,8.329862557267805e-05
amer,1,12005,8.329862557267805e-05
constater,1,12005,8.329862557267805e-05
nucoline,1,12005,8.329862557267805e-05
fléaux,1,12005,8.329862557267805e-05
dorées,1,12005,8.329862557267805e-05
absolu,1,12005,8.329862557267805e-05
raiponce,1,12005,8.329862557267805e-05
acides,1,12005,8.329862557267805e-05
sébate,1,12005,8.329862557267805e-05
chanterelle,1,12005,8.329862557267805e-05
ri,1,12005,8.329862557267805e-05
ë,1,12005,8.329862557267805e-05
paraît,1,12005,8.329862557267805e-05
vegetus,1,12005,8.329862557267805e-05
frehse,1,12005,8.329862557267805e-05
poste,1,12005,8.329862557267805e-05
oxygène,1,12005,8.329862557267805e-05
vices,1,12005,8.329862557267805e-05
carl,1,12005,8.329862557267805e-05
savant,1,12005,8.329862557267805e-05
pinte,1,12005,8.329862557267805e-05
habitude,1,12005,8.329862557267805e-05
poésie,1,12005,8.329862557267805e-05
don,1,12005,8.329862557267805e-05
veut,1,12005,8.329862557267805e-05
ronces,1,12005,8.329862557267805e-05
évident,1,12005,8.329862557267805e-05
nerveuses,1,12005,8.329862557267805e-05
toxiques,1,12005,8.329862557267805e-05
appréciés,1,12005,8.329862557267805e-05
hovent,1,12005,8.329862557267805e-05
affirme,1,12005,8.329862557267805e-05
végétarien?,1,12005,8.329862557267805e-05
gelée,1,12005,8.329862557267805e-05
rhumatisme,1,12005,8.329862557267805e-05
butter,1,12005,8.329862557267805e-05
certaine,1,12005,8.329862557267805e-05
lentement,1,12005,8.329862557267805e-05
discours,1,12005,8.329862557267805e-05
subir,1,12005,8.329862557267805e-05
]p,1,12005,8.329862557267805e-05
plaque,1,12005,8.329862557267805e-05
obésité,1,12005,8.329862557267805e-05
semaines,1,12005,8.329862557267805e-05
pourraient,1,12005,8.329862557267805e-05
^p=h,1,12005,8.329862557267805e-05
ordinaire,1,12005,8.329862557267805e-05
protectrices,1,12005,8.329862557267805e-05
t^hénan,1,12005,8.329862557267805e-05
1&gt,1,12005,8.329862557267805e-05
tomber,1,12005,8.329862557267805e-05
pétille,1,12005,8.329862557267805e-05
taccpprssssscc,1,12005,8.329862557267805e-05
praticiens,1,12005,8.329862557267805e-05
connus,1,12005,8.329862557267805e-05
rafraîchissants,1,12005,8.329862557267805e-05
internationale,1,12005,8.329862557267805e-05
savait,1,12005,8.329862557267805e-05
écrasez,1,12005,8.329862557267805e-05
ex,1,12005,8.329862557267805e-05
renseignements,1,12005,8.329862557267805e-05
succédané,1,12005,8.329862557267805e-05
aborderai,1,12005,8.329862557267805e-05
explication,1,12005,8.329862557267805e-05
pêches,1,12005,8.329862557267805e-05
soè&lt,1,12005,8.329862557267805e-05
malgré,1,12005,8.329862557267805e-05
professeur,1,12005,8.329862557267805e-05
hoffmann,1,12005,8.329862557267805e-05
liège,1,12005,8.329862557267805e-05
rassis,1,12005,8.329862557267805e-05
rapports,1,12005,8.329862557267805e-05
dégénérescence,1,12005,8.329862557267805e-05
cuvier,1,12005,8.329862557267805e-05
déj,1,12005,8.329862557267805e-05
consommateur,1,12005,8.329862557267805e-05
pouvoir,1,12005,8.329862557267805e-05
ccc,1,12005,8.329862557267805e-05
empoisonneurs,1,12005,8.329862557267805e-05
carnine,1,12005,8.329862557267805e-05
jules,1,12005,8.329862557267805e-05
lents,1,12005,8.329862557267805e-05
renverse,1,12005,8.329862557267805e-05
adapter,1,12005,8.329862557267805e-05
marchandises,1,12005,8.329862557267805e-05
complétée,1,12005,8.329862557267805e-05
protègent,1,12005,8.329862557267805e-05
citrique,1,12005,8.329862557267805e-05
puisque,1,12005,8.329862557267805e-05
principalement,1,12005,8.329862557267805e-05
ares,1,12005,8.329862557267805e-05
tappppssrsmsmp,1,12005,8.329862557267805e-05
dame,1,12005,8.329862557267805e-05
douches,1,12005,8.329862557267805e-05
bienfaits,1,12005,8.329862557267805e-05
générales,1,12005,8.329862557267805e-05
^qj0,1,12005,8.329862557267805e-05
blackwall,1,12005,8.329862557267805e-05
considéré,1,12005,8.329862557267805e-05
toxines,1,12005,8.329862557267805e-05
étonnée,1,12005,8.329862557267805e-05
mandat,1,12005,8.329862557267805e-05
moulues,1,12005,8.329862557267805e-05
vichy,1,12005,8.329862557267805e-05
nut,1,12005,8.329862557267805e-05
ixelles,1,12005,8.329862557267805e-05
"""0",1,12005,8.329862557267805e-05
cerneaux,1,12005,8.329862557267805e-05
alizés,1,12005,8.329862557267805e-05
melons,1,12005,8.329862557267805e-05
public,1,12005,8.329862557267805e-05
mixte,1,12005,8.329862557267805e-05
pression,1,12005,8.329862557267805e-05
potages,1,12005,8.329862557267805e-05
chétifs,1,12005,8.329862557267805e-05
pétersbourg,1,12005,8.329862557267805e-05
cela,1,12005,8.329862557267805e-05
impose,1,12005,8.329862557267805e-05
sensiblement,1,12005,8.329862557267805e-05
inutile,1,12005,8.329862557267805e-05
roms,1,12005,8.329862557267805e-05
assaisonnez,1,12005,8.329862557267805e-05
mettent,1,12005,8.329862557267805e-05
1896,1,12005,8.329862557267805e-05
taculaires,1,12005,8.329862557267805e-05
associés,1,12005,8.329862557267805e-05
minérales,1,12005,8.329862557267805e-05
lors,1,12005,8.329862557267805e-05
verdure,1,12005,8.329862557267805e-05
cereviciœ,1,12005,8.329862557267805e-05
beau,1,12005,8.329862557267805e-05
pleines,1,12005,8.329862557267805e-05
sciences,1,12005,8.329862557267805e-05
chroniques,1,12005,8.329862557267805e-05
raisin,1,12005,8.329862557267805e-05
blutant,1,12005,8.329862557267805e-05
allemagne,1,12005,8.329862557267805e-05
publié,1,12005,8.329862557267805e-05
travaux,1,12005,8.329862557267805e-05
2431,1,12005,8.329862557267805e-05
gera,1,12005,8.329862557267805e-05
9922,1,12005,8.329862557267805e-05
midi,1,12005,8.329862557267805e-05
plu,1,12005,8.329862557267805e-05
purement,1,12005,8.329862557267805e-05
quelque,1,12005,8.329862557267805e-05
favorise,1,12005,8.329862557267805e-05
cc,1,12005,8.329862557267805e-05
fruitarien,1,12005,8.329862557267805e-05
abondant,1,12005,8.329862557267805e-05
jury,1,12005,8.329862557267805e-05
recouvre,1,12005,8.329862557267805e-05
semaine,1,12005,8.329862557267805e-05
fadasse,1,12005,8.329862557267805e-05
recommandés,1,12005,8.329862557267805e-05
endroit,1,12005,8.329862557267805e-05
aucune,1,12005,8.329862557267805e-05
épluchées,1,12005,8.329862557267805e-05
essayez,1,12005,8.329862557267805e-05
dessèche,1,12005,8.329862557267805e-05
gorge,1,12005,8.329862557267805e-05
privés,1,12005,8.329862557267805e-05
campagnes,1,12005,8.329862557267805e-05
pet,1,12005,8.329862557267805e-05
affectionne,1,12005,8.329862557267805e-05
brun,1,12005,8.329862557267805e-05
904,1,12005,8.329862557267805e-05
litres,1,12005,8.329862557267805e-05
parois,1,12005,8.329862557267805e-05
notable,1,12005,8.329862557267805e-05
mêler,1,12005,8.329862557267805e-05
aurez,1,12005,8.329862557267805e-05
chicorée,1,12005,8.329862557267805e-05
hachés,1,12005,8.329862557267805e-05
medicus,1,12005,8.329862557267805e-05
supplée,1,12005,8.329862557267805e-05
soufflés,1,12005,8.329862557267805e-05
permettent,1,12005,8.329862557267805e-05
échalottes,1,12005,8.329862557267805e-05
hote,1,12005,8.329862557267805e-05
rations,1,12005,8.329862557267805e-05
empoisonne,1,12005,8.329862557267805e-05
1664,1,12005,8.329862557267805e-05
romaines,1,12005,8.329862557267805e-05
tourner,1,12005,8.329862557267805e-05
gélosine,1,12005,8.329862557267805e-05
adhèrent,1,12005,8.329862557267805e-05
négligeable,1,12005,8.329862557267805e-05
brie,1,12005,8.329862557267805e-05
imposent,1,12005,8.329862557267805e-05
"600""",1,12005,8.329862557267805e-05
mouillent,1,12005,8.329862557267805e-05
patisserie,1,12005,8.329862557267805e-05
91,1,12005,8.329862557267805e-05
vivre,1,12005,8.329862557267805e-05
total,1,12005,8.329862557267805e-05
aide,1,12005,8.329862557267805e-05
frite,1,12005,8.329862557267805e-05
pêche,1,12005,8.329862557267805e-05
écria,1,12005,8.329862557267805e-05
émile,1,12005,8.329862557267805e-05
leucomaïnes,1,12005,8.329862557267805e-05
breveté,1,12005,8.329862557267805e-05
admet,1,12005,8.329862557267805e-05
minéraux,1,12005,8.329862557267805e-05
lave,1,12005,8.329862557267805e-05
gérard,1,12005,8.329862557267805e-05
manger,1,12005,8.329862557267805e-05
organiques,1,12005,8.329862557267805e-05
sucré,1,12005,8.329862557267805e-05
cologne,1,12005,8.329862557267805e-05
arôme,1,12005,8.329862557267805e-05
189g,1,12005,8.329862557267805e-05
cristallisé,1,12005,8.329862557267805e-05
contenter,1,12005,8.329862557267805e-05
enfance,1,12005,8.329862557267805e-05
poulets,1,12005,8.329862557267805e-05
154,1,12005,8.329862557267805e-05
ll,1,12005,8.329862557267805e-05
dégoût,1,12005,8.329862557267805e-05
recevoir,1,12005,8.329862557267805e-05
vital,1,12005,8.329862557267805e-05
volume,1,12005,8.329862557267805e-05
rondement,1,12005,8.329862557267805e-05
7952,1,12005,8.329862557267805e-05
197,1,12005,8.329862557267805e-05
10000,1,12005,8.329862557267805e-05
naturelle,1,12005,8.329862557267805e-05
manifestation,1,12005,8.329862557267805e-05
lahmahn,1,12005,8.329862557267805e-05
certain,1,12005,8.329862557267805e-05
gelées,1,12005,8.329862557267805e-05
épiceries,1,12005,8.329862557267805e-05
tdevenir,1,12005,8.329862557267805e-05
médecin,1,12005,8.329862557267805e-05
éclatantes,1,12005,8.329862557267805e-05
encombrent,1,12005,8.329862557267805e-05
sinon,1,12005,8.329862557267805e-05
réparation,1,12005,8.329862557267805e-05
ordres,1,12005,8.329862557267805e-05
couvre,1,12005,8.329862557267805e-05
œil,1,12005,8.329862557267805e-05
moulins,1,12005,8.329862557267805e-05
restaurants,1,12005,8.329862557267805e-05
consulter,1,12005,8.329862557267805e-05
vinettes,1,12005,8.329862557267805e-05
nez,1,12005,8.329862557267805e-05
thym,1,12005,8.329862557267805e-05
léger,1,12005,8.329862557267805e-05
hui,1,12005,8.329862557267805e-05
garni,1,12005,8.329862557267805e-05
poursuivons,1,12005,8.329862557267805e-05
tinine,1,12005,8.329862557267805e-05
distillée,1,12005,8.329862557267805e-05
chauffant,1,12005,8.329862557267805e-05
associées,1,12005,8.329862557267805e-05
écho,1,12005,8.329862557267805e-05
allongés,1,12005,8.329862557267805e-05
nouvelle,1,12005,8.329862557267805e-05
espèces,1,12005,8.329862557267805e-05
épuisante,1,12005,8.329862557267805e-05
médicales,1,12005,8.329862557267805e-05
thés,1,12005,8.329862557267805e-05
abondante,1,12005,8.329862557267805e-05
oxalis,1,12005,8.329862557267805e-05
habitue,1,12005,8.329862557267805e-05
dépots,1,12005,8.329862557267805e-05
moule,1,12005,8.329862557267805e-05
phénoménal,1,12005,8.329862557267805e-05
différentes,1,12005,8.329862557267805e-05
],1,12005,8.329862557267805e-05
£&gt,1,12005,8.329862557267805e-05
contraire,1,12005,8.329862557267805e-05
alcaloïde,1,12005,8.329862557267805e-05
gervais,1,12005,8.329862557267805e-05
livres,1,12005,8.329862557267805e-05
différents,1,12005,8.329862557267805e-05
arrière,1,12005,8.329862557267805e-05
déviation,1,12005,8.329862557267805e-05
z,1,12005,8.329862557267805e-05
sandwish,1,12005,8.329862557267805e-05
durs,1,12005,8.329862557267805e-05
enfourner,1,12005,8.329862557267805e-05
4°,1,12005,8.329862557267805e-05
èt,1,12005,8.329862557267805e-05
rapporter,1,12005,8.329862557267805e-05
saupoudrée,1,12005,8.329862557267805e-05
impunément,1,12005,8.329862557267805e-05
suffisamment,1,12005,8.329862557267805e-05
quelles,1,12005,8.329862557267805e-05
variété,1,12005,8.329862557267805e-05
formation,1,12005,8.329862557267805e-05
cet,1,12005,8.329862557267805e-05
aiguës,1,12005,8.329862557267805e-05
soisson,1,12005,8.329862557267805e-05
caractères,1,12005,8.329862557267805e-05
idéales,1,12005,8.329862557267805e-05
désirer,1,12005,8.329862557267805e-05
bles,1,12005,8.329862557267805e-05
élever,1,12005,8.329862557267805e-05
exclusivement,1,12005,8.329862557267805e-05
colorer,1,12005,8.329862557267805e-05
cité,1,12005,8.329862557267805e-05
ppsss,1,12005,8.329862557267805e-05
accommoder,1,12005,8.329862557267805e-05
courte,1,12005,8.329862557267805e-05
céréalose,1,12005,8.329862557267805e-05
normales,1,12005,8.329862557267805e-05
nuisible,1,12005,8.329862557267805e-05
félicitations,1,12005,8.329862557267805e-05
faibles,1,12005,8.329862557267805e-05
agréables,1,12005,8.329862557267805e-05
oreilles,1,12005,8.329862557267805e-05
enfin,1,12005,8.329862557267805e-05
cee,1,12005,8.329862557267805e-05
culture,1,12005,8.329862557267805e-05
spécialement,1,12005,8.329862557267805e-05
plomb,1,12005,8.329862557267805e-05
répandue,1,12005,8.329862557267805e-05
siècle,1,12005,8.329862557267805e-05
mie,1,12005,8.329862557267805e-05
moulin,1,12005,8.329862557267805e-05
caramel,1,12005,8.329862557267805e-05
étu,1,12005,8.329862557267805e-05
mœurs,1,12005,8.329862557267805e-05
dédoubler,1,12005,8.329862557267805e-05
rotation,1,12005,8.329862557267805e-05
frisée,1,12005,8.329862557267805e-05
protestation,1,12005,8.329862557267805e-05
épluche,1,12005,8.329862557267805e-05
abstient,1,12005,8.329862557267805e-05
mouvement,1,12005,8.329862557267805e-05
coque,1,12005,8.329862557267805e-05
ténias,1,12005,8.329862557267805e-05
succulentes,1,12005,8.329862557267805e-05
usines,1,12005,8.329862557267805e-05
gratiner,1,12005,8.329862557267805e-05
toasts,1,12005,8.329862557267805e-05
pourra,1,12005,8.329862557267805e-05
cibi,1,12005,8.329862557267805e-05
droit,1,12005,8.329862557267805e-05
sort,1,12005,8.329862557267805e-05
repos,1,12005,8.329862557267805e-05
azotés,1,12005,8.329862557267805e-05
avons,1,12005,8.329862557267805e-05
râclage,1,12005,8.329862557267805e-05
385,1,12005,8.329862557267805e-05
détache,1,12005,8.329862557267805e-05
méthodes,1,12005,8.329862557267805e-05
mention,1,12005,8.329862557267805e-05
transformé,1,12005,8.329862557267805e-05
supérieure,1,12005,8.329862557267805e-05
heureux,1,12005,8.329862557267805e-05
jette,1,12005,8.329862557267805e-05
bocaux,1,12005,8.329862557267805e-05
ssr,1,12005,8.329862557267805e-05
troisième,1,12005,8.329862557267805e-05
wauters,1,12005,8.329862557267805e-05
+,1,12005,8.329862557267805e-05
rôle,1,12005,8.329862557267805e-05
algérie,1,12005,8.329862557267805e-05
humain,1,12005,8.329862557267805e-05
650,1,12005,8.329862557267805e-05
nourrisson,1,12005,8.329862557267805e-05
cérébral,1,12005,8.329862557267805e-05
tonnes,1,12005,8.329862557267805e-05
beurrez,1,12005,8.329862557267805e-05
epinards,1,12005,8.329862557267805e-05
longue,1,12005,8.329862557267805e-05
acacia,1,12005,8.329862557267805e-05
espace,1,12005,8.329862557267805e-05
alcalis,1,12005,8.329862557267805e-05
sibi,1,12005,8.329862557267805e-05
soc,1,12005,8.329862557267805e-05
use,1,12005,8.329862557267805e-05
trie,1,12005,8.329862557267805e-05
détruit,1,12005,8.329862557267805e-05
excellent,1,12005,8.329862557267805e-05
observer,1,12005,8.329862557267805e-05
devra,1,12005,8.329862557267805e-05
lion,1,12005,8.329862557267805e-05
164,1,12005,8.329862557267805e-05
réussir,1,12005,8.329862557267805e-05
due,1,12005,8.329862557267805e-05
brunie,1,12005,8.329862557267805e-05
villerville,1,12005,8.329862557267805e-05
leucine,1,12005,8.329862557267805e-05
rechercher,1,12005,8.329862557267805e-05
glissez,1,12005,8.329862557267805e-05
longuement,1,12005,8.329862557267805e-05
rapé,1,12005,8.329862557267805e-05
servira,1,12005,8.329862557267805e-05
meuneries,1,12005,8.329862557267805e-05
pppss,1,12005,8.329862557267805e-05
étouffé,1,12005,8.329862557267805e-05
mem,1,12005,8.329862557267805e-05
stimulante,1,12005,8.329862557267805e-05
358,1,12005,8.329862557267805e-05
remplacé,1,12005,8.329862557267805e-05
considérés,1,12005,8.329862557267805e-05
gauffrettes,1,12005,8.329862557267805e-05
concentré,1,12005,8.329862557267805e-05
échalotte,1,12005,8.329862557267805e-05
crue,1,12005,8.329862557267805e-05
physique,1,12005,8.329862557267805e-05
relatifs,1,12005,8.329862557267805e-05
tournez,1,12005,8.329862557267805e-05
caséine,1,12005,8.329862557267805e-05
scarolle,1,12005,8.329862557267805e-05
nouveaux,1,12005,8.329862557267805e-05
125,1,12005,8.329862557267805e-05
reproduire,1,12005,8.329862557267805e-05
aîin,1,12005,8.329862557267805e-05
froid,1,12005,8.329862557267805e-05
màcher,1,12005,8.329862557267805e-05
oranger,1,12005,8.329862557267805e-05
constaté,1,12005,8.329862557267805e-05
étude,1,12005,8.329862557267805e-05
contribution,1,12005,8.329862557267805e-05
principales,1,12005,8.329862557267805e-05
résistance,1,12005,8.329862557267805e-05
mise,1,12005,8.329862557267805e-05
genussmittel,1,12005,8.329862557267805e-05
nières,1,12005,8.329862557267805e-05
parallèlement,1,12005,8.329862557267805e-05
conviennent,1,12005,8.329862557267805e-05
maladie,1,12005,8.329862557267805e-05
2^5,1,12005,8.329862557267805e-05
commence,1,12005,8.329862557267805e-05
continuant,1,12005,8.329862557267805e-05
cerise,1,12005,8.329862557267805e-05
1880,1,12005,8.329862557267805e-05
fera,1,12005,8.329862557267805e-05
trésorier,1,12005,8.329862557267805e-05
physiologie,1,12005,8.329862557267805e-05
couler,1,12005,8.329862557267805e-05
potirons,1,12005,8.329862557267805e-05
destiné,1,12005,8.329862557267805e-05
animales,1,12005,8.329862557267805e-05
chimique,1,12005,8.329862557267805e-05
marmelade,1,12005,8.329862557267805e-05
véritables,1,12005,8.329862557267805e-05
personnes,1,12005,8.329862557267805e-05
sg,1,12005,8.329862557267805e-05
lucien,1,12005,8.329862557267805e-05
présenta,1,12005,8.329862557267805e-05
authentique,1,12005,8.329862557267805e-05
kilo,1,12005,8.329862557267805e-05
consommation,1,12005,8.329862557267805e-05
fouettée,1,12005,8.329862557267805e-05
"2""",1,12005,8.329862557267805e-05
ouverte,1,12005,8.329862557267805e-05
roulez,1,12005,8.329862557267805e-05
mmrr,1,12005,8.329862557267805e-05
remporté,1,12005,8.329862557267805e-05
brocoli,1,12005,8.329862557267805e-05
claude,1,12005,8.329862557267805e-05
masse,1,12005,8.329862557267805e-05
quatrième,1,12005,8.329862557267805e-05
brésil,1,12005,8.329862557267805e-05
92,1,12005,8.329862557267805e-05
séries,1,12005,8.329862557267805e-05
mises,1,12005,8.329862557267805e-05
herbacés,1,12005,8.329862557267805e-05
fromm,1,12005,8.329862557267805e-05
attention,1,12005,8.329862557267805e-05
=,1,12005,8.329862557267805e-05
chaussée,1,12005,8.329862557267805e-05
hâchée,1,12005,8.329862557267805e-05
pèse,1,12005,8.329862557267805e-05
sciure,1,12005,8.329862557267805e-05
3oo,1,12005,8.329862557267805e-05
ingurgitée,1,12005,8.329862557267805e-05
dévorent,1,12005,8.329862557267805e-05
ressources,1,12005,8.329862557267805e-05
taccccpmmmssss,1,12005,8.329862557267805e-05
apporte,1,12005,8.329862557267805e-05
râpée,1,12005,8.329862557267805e-05
proverbe,1,12005,8.329862557267805e-05
type,1,12005,8.329862557267805e-05
expérience,1,12005,8.329862557267805e-05
graduellement,1,12005,8.329862557267805e-05
surdité,1,12005,8.329862557267805e-05
épines,1,12005,8.329862557267805e-05
laurier,1,12005,8.329862557267805e-05
vée,1,12005,8.329862557267805e-05
quarts,1,12005,8.329862557267805e-05
mouture,1,12005,8.329862557267805e-05
pièces,1,12005,8.329862557267805e-05
boulangers,1,12005,8.329862557267805e-05
olivier,1,12005,8.329862557267805e-05
page,1,12005,8.329862557267805e-05
gymnastique,1,12005,8.329862557267805e-05
bœuf,1,12005,8.329862557267805e-05
savoureux,1,12005,8.329862557267805e-05
ptomaïnes,1,12005,8.329862557267805e-05
hachées,1,12005,8.329862557267805e-05
plaisir,1,12005,8.329862557267805e-05
avale,1,12005,8.329862557267805e-05
marin,1,12005,8.329862557267805e-05
ii,1,12005,8.329862557267805e-05
eczémas,1,12005,8.329862557267805e-05
réside,1,12005,8.329862557267805e-05
interviennent,1,12005,8.329862557267805e-05
rappelons,1,12005,8.329862557267805e-05
taccppppsssscc,1,12005,8.329862557267805e-05
organisé,1,12005,8.329862557267805e-05
index,1,12005,8.329862557267805e-05
poule,1,12005,8.329862557267805e-05
tyrosine,1,12005,8.329862557267805e-05
suivantes,1,12005,8.329862557267805e-05
galettes,1,12005,8.329862557267805e-05
allemands,1,12005,8.329862557267805e-05
laboratoire,1,12005,8.329862557267805e-05
établi,1,12005,8.329862557267805e-05
chargée,1,12005,8.329862557267805e-05
passée,1,12005,8.329862557267805e-05
^3,1,12005,8.329862557267805e-05
bouillant,1,12005,8.329862557267805e-05
varier,1,12005,8.329862557267805e-05
pluie,1,12005,8.329862557267805e-05
tarrrpsmmmmssr,1,12005,8.329862557267805e-05
modèle,1,12005,8.329862557267805e-05
roussi,1,12005,8.329862557267805e-05
paru,1,12005,8.329862557267805e-05
croit,1,12005,8.329862557267805e-05
moment,1,12005,8.329862557267805e-05
énorme,1,12005,8.329862557267805e-05
laissant,1,12005,8.329862557267805e-05
refroidi,1,12005,8.329862557267805e-05
travailleurs,1,12005,8.329862557267805e-05
importe,1,12005,8.329862557267805e-05
sms,1,12005,8.329862557267805e-05
vase,1,12005,8.329862557267805e-05
débarrassez,1,12005,8.329862557267805e-05
ssrue,1,12005,8.329862557267805e-05
régulier,1,12005,8.329862557267805e-05
seuls,1,12005,8.329862557267805e-05
nom,1,12005,8.329862557267805e-05
verte,1,12005,8.329862557267805e-05
analyses,1,12005,8.329862557267805e-05
gravelle,1,12005,8.329862557267805e-05
albuminoïdes,1,12005,8.329862557267805e-05
toutefois,1,12005,8.329862557267805e-05
betterave,1,12005,8.329862557267805e-05
rencontrent,1,12005,8.329862557267805e-05
cuit,1,12005,8.329862557267805e-05
entourage,1,12005,8.329862557267805e-05
pelées,1,12005,8.329862557267805e-05
août,1,12005,8.329862557267805e-05
boites,1,12005,8.329862557267805e-05
introuvable,1,12005,8.329862557267805e-05
nourrissaient,1,12005,8.329862557267805e-05
légumine,1,12005,8.329862557267805e-05
fourni,1,12005,8.329862557267805e-05
adaptation,1,12005,8.329862557267805e-05
substituera,1,12005,8.329862557267805e-05
veulent,1,12005,8.329862557267805e-05
vertu,1,12005,8.329862557267805e-05
nèfles,1,12005,8.329862557267805e-05
observe,1,12005,8.329862557267805e-05
mammifères,1,12005,8.329862557267805e-05
réconfortant,1,12005,8.329862557267805e-05
fraîche,1,12005,8.329862557267805e-05
excluent,1,12005,8.329862557267805e-05
déchets,1,12005,8.329862557267805e-05
pagliani,1,12005,8.329862557267805e-05
chargées,1,12005,8.329862557267805e-05
introduisent,1,12005,8.329862557267805e-05
battus,1,12005,8.329862557267805e-05
topinambour,1,12005,8.329862557267805e-05
groseille,1,12005,8.329862557267805e-05
sembler,1,12005,8.329862557267805e-05
côtes,1,12005,8.329862557267805e-05
attribue,1,12005,8.329862557267805e-05
ïe,1,12005,8.329862557267805e-05
voulus,1,12005,8.329862557267805e-05
cas,1,12005,8.329862557267805e-05
bordeaux,1,12005,8.329862557267805e-05
mangeur,1,12005,8.329862557267805e-05
ferment,1,12005,8.329862557267805e-05
tuyau,1,12005,8.329862557267805e-05
puits,1,12005,8.329862557267805e-05
refusons,1,12005,8.329862557267805e-05
vinâve,1,12005,8.329862557267805e-05
2268,1,12005,8.329862557267805e-05
174,1,12005,8.329862557267805e-05
jeter,1,12005,8.329862557267805e-05
aniline,1,12005,8.329862557267805e-05
constitue,1,12005,8.329862557267805e-05
in,1,12005,8.329862557267805e-05
compensera,1,12005,8.329862557267805e-05
propagent,1,12005,8.329862557267805e-05
kônig,1,12005,8.329862557267805e-05
voulue,1,12005,8.329862557267805e-05
contact,1,12005,8.329862557267805e-05
inoffensif,1,12005,8.329862557267805e-05
eependant,1,12005,8.329862557267805e-05
végétari,1,12005,8.329862557267805e-05
004,1,12005,8.329862557267805e-05
abondants,1,12005,8.329862557267805e-05
poissons,1,12005,8.329862557267805e-05
émanant,1,12005,8.329862557267805e-05
pourvu,1,12005,8.329862557267805e-05
ignames,1,12005,8.329862557267805e-05
époques,1,12005,8.329862557267805e-05
ni,1,12005,8.329862557267805e-05
contenir,1,12005,8.329862557267805e-05
bres,1,12005,8.329862557267805e-05
attraction,1,12005,8.329862557267805e-05
«5,1,12005,8.329862557267805e-05
breuvages,1,12005,8.329862557267805e-05
wolff,1,12005,8.329862557267805e-05
cuits,1,12005,8.329862557267805e-05
briixelles,1,12005,8.329862557267805e-05
£èpes,1,12005,8.329862557267805e-05
préparent,1,12005,8.329862557267805e-05
cylindres,1,12005,8.329862557267805e-05
fixé,1,12005,8.329862557267805e-05
mortalité,1,12005,8.329862557267805e-05
convalescents,1,12005,8.329862557267805e-05
limonade?,1,12005,8.329862557267805e-05
bru,1,12005,8.329862557267805e-05
turin,1,12005,8.329862557267805e-05
petite,1,12005,8.329862557267805e-05
planche,1,12005,8.329862557267805e-05
ss,1,12005,8.329862557267805e-05
nuisibles,1,12005,8.329862557267805e-05
alpes,1,12005,8.329862557267805e-05
pharmacie,1,12005,8.329862557267805e-05
menschlichen,1,12005,8.329862557267805e-05
trévise,1,12005,8.329862557267805e-05
mrrrpmfmpsssmm,1,12005,8.329862557267805e-05
fausse,1,12005,8.329862557267805e-05
«i,1,12005,8.329862557267805e-05
retire,1,12005,8.329862557267805e-05
gq,1,12005,8.329862557267805e-05
chirurgie,1,12005,8.329862557267805e-05
centimètres,1,12005,8.329862557267805e-05
refroidies,1,12005,8.329862557267805e-05
pesés,1,12005,8.329862557267805e-05
peptogène,1,12005,8.329862557267805e-05
mentionnés,1,12005,8.329862557267805e-05
alcooliques,1,12005,8.329862557267805e-05
dysémie,1,12005,8.329862557267805e-05
96,1,12005,8.329862557267805e-05
culinaire,1,12005,8.329862557267805e-05
imbibé,1,12005,8.329862557267805e-05
italiennes,1,12005,8.329862557267805e-05
vend,1,12005,8.329862557267805e-05
mécanisme,1,12005,8.329862557267805e-05
régulièrement,1,12005,8.329862557267805e-05
donue,1,12005,8.329862557267805e-05
riches,1,12005,8.329862557267805e-05
militants,1,12005,8.329862557267805e-05
touriste,1,12005,8.329862557267805e-05
fine,1,12005,8.329862557267805e-05
ràcahout,1,12005,8.329862557267805e-05
restants,1,12005,8.329862557267805e-05
secondaire,1,12005,8.329862557267805e-05
fer,1,12005,8.329862557267805e-05
avantage,1,12005,8.329862557267805e-05
répandait,1,12005,8.329862557267805e-05
enlèvent,1,12005,8.329862557267805e-05
meme,1,12005,8.329862557267805e-05
chiffres,1,12005,8.329862557267805e-05
cormes,1,12005,8.329862557267805e-05
mollets,1,12005,8.329862557267805e-05
tacppppppsmmcc,1,12005,8.329862557267805e-05
intégrales,1,12005,8.329862557267805e-05
procédés,1,12005,8.329862557267805e-05
convenir,1,12005,8.329862557267805e-05
choisir,1,12005,8.329862557267805e-05
climat,1,12005,8.329862557267805e-05
bras,1,12005,8.329862557267805e-05
trichinose,1,12005,8.329862557267805e-05
céravène,1,12005,8.329862557267805e-05
végé,1,12005,8.329862557267805e-05
9949,1,12005,8.329862557267805e-05
constituent,1,12005,8.329862557267805e-05
sauté,1,12005,8.329862557267805e-05
envergure,1,12005,8.329862557267805e-05
maïzena,1,12005,8.329862557267805e-05
1871,1,12005,8.329862557267805e-05
condamnées,1,12005,8.329862557267805e-05
analogue,1,12005,8.329862557267805e-05
vejos,1,12005,8.329862557267805e-05
apprécié,1,12005,8.329862557267805e-05
donnent,1,12005,8.329862557267805e-05
remplit,1,12005,8.329862557267805e-05
primeur,1,12005,8.329862557267805e-05
directement,1,12005,8.329862557267805e-05
recommanda,1,12005,8.329862557267805e-05
or66,1,12005,8.329862557267805e-05
inconvénients,1,12005,8.329862557267805e-05
dernièrement,1,12005,8.329862557267805e-05
bestiaux,1,12005,8.329862557267805e-05
denture,1,12005,8.329862557267805e-05
lente,1,12005,8.329862557267805e-05
gouttes,1,12005,8.329862557267805e-05
tableaux,1,12005,8.329862557267805e-05
bouilli,1,12005,8.329862557267805e-05
besoin,1,12005,8.329862557267805e-05
véritablement,1,12005,8.329862557267805e-05
michel,1,12005,8.329862557267805e-05
médiocre,1,12005,8.329862557267805e-05
protéiques,1,12005,8.329862557267805e-05
mme,1,12005,8.329862557267805e-05
appuie,1,12005,8.329862557267805e-05
tiennent,1,12005,8.329862557267805e-05
facilite,1,12005,8.329862557267805e-05
5o,1,12005,8.329862557267805e-05
mode,1,12005,8.329862557267805e-05
dressé,1,12005,8.329862557267805e-05
apportez,1,12005,8.329862557267805e-05
délaie,1,12005,8.329862557267805e-05
pommedeterre,1,12005,8.329862557267805e-05
huchard,1,12005,8.329862557267805e-05
aubergine,1,12005,8.329862557267805e-05
nombreux,1,12005,8.329862557267805e-05
recommandé,1,12005,8.329862557267805e-05
étouffée,1,12005,8.329862557267805e-05
atteints,1,12005,8.329862557267805e-05
emploient,1,12005,8.329862557267805e-05
devrait,1,12005,8.329862557267805e-05
fermé,1,12005,8.329862557267805e-05
soulève,1,12005,8.329862557267805e-05
scientifiques,1,12005,8.329862557267805e-05
élevé,1,12005,8.329862557267805e-05
longueur,1,12005,8.329862557267805e-05
tirées,1,12005,8.329862557267805e-05
concombre,1,12005,8.329862557267805e-05
diathèse,1,12005,8.329862557267805e-05
aimez,1,12005,8.329862557267805e-05
égouttez,1,12005,8.329862557267805e-05
saccharomices,1,12005,8.329862557267805e-05
und,1,12005,8.329862557267805e-05
personnel,1,12005,8.329862557267805e-05
joues,1,12005,8.329862557267805e-05
900,1,12005,8.329862557267805e-05
grosses,1,12005,8.329862557267805e-05
jaunes,1,12005,8.329862557267805e-05
rs,1,12005,8.329862557267805e-05
salez,1,12005,8.329862557267805e-05
mélangé,1,12005,8.329862557267805e-05
possible,1,12005,8.329862557267805e-05
conft,1,12005,8.329862557267805e-05
docteur,1,12005,8.329862557267805e-05
déformant,1,12005,8.329862557267805e-05
démontré,1,12005,8.329862557267805e-05
routine,1,12005,8.329862557267805e-05
saurait,1,12005,8.329862557267805e-05
connaissance,1,12005,8.329862557267805e-05
pâteux,1,12005,8.329862557267805e-05
venir,1,12005,8.329862557267805e-05
vient,1,12005,8.329862557267805e-05
succulents,1,12005,8.329862557267805e-05
sentir,1,12005,8.329862557267805e-05
tourte,1,12005,8.329862557267805e-05
éminemment,1,12005,8.329862557267805e-05
stimulation,1,12005,8.329862557267805e-05
torréfiée,1,12005,8.329862557267805e-05
lessivées,1,12005,8.329862557267805e-05
protégés,1,12005,8.329862557267805e-05
diastase,1,12005,8.329862557267805e-05
capitale,1,12005,8.329862557267805e-05
pourrait,1,12005,8.329862557267805e-05
extract,1,12005,8.329862557267805e-05
adorent,1,12005,8.329862557267805e-05
japonais,1,12005,8.329862557267805e-05
role,1,12005,8.329862557267805e-05
sophistique,1,12005,8.329862557267805e-05
honnêtes,1,12005,8.329862557267805e-05
qi,1,12005,8.329862557267805e-05
ir,1,12005,8.329862557267805e-05
««,1,12005,8.329862557267805e-05
pl,1,12005,8.329862557267805e-05
lactée,1,12005,8.329862557267805e-05
ila,1,12005,8.329862557267805e-05
amande,1,12005,8.329862557267805e-05
affecté,1,12005,8.329862557267805e-05
traité,1,12005,8.329862557267805e-05
fournisseurs,1,12005,8.329862557267805e-05
ile,1,12005,8.329862557267805e-05
tant,1,12005,8.329862557267805e-05
jolies,1,12005,8.329862557267805e-05
saccharose,1,12005,8.329862557267805e-05
hominy,1,12005,8.329862557267805e-05
sang,1,12005,8.329862557267805e-05
537,1,12005,8.329862557267805e-05
printanière,1,12005,8.329862557267805e-05
malaxez,1,12005,8.329862557267805e-05
grands,1,12005,8.329862557267805e-05
0611,1,12005,8.329862557267805e-05
créa,1,12005,8.329862557267805e-05
sera,1,12005,8.329862557267805e-05
défend,1,12005,8.329862557267805e-05
hermétiquement,1,12005,8.329862557267805e-05
3911,1,12005,8.329862557267805e-05
tenir,1,12005,8.329862557267805e-05
havre,1,12005,8.329862557267805e-05
vérité,1,12005,8.329862557267805e-05
ajoutant,1,12005,8.329862557267805e-05
berlin,1,12005,8.329862557267805e-05
classes,1,12005,8.329862557267805e-05
poèle,1,12005,8.329862557267805e-05
soufflées,1,12005,8.329862557267805e-05
atavisme,1,12005,8.329862557267805e-05
chemie,1,12005,8.329862557267805e-05
poignées,1,12005,8.329862557267805e-05
concurrents,1,12005,8.329862557267805e-05
ruisseau,1,12005,8.329862557267805e-05
formiate,1,12005,8.329862557267805e-05
vers,1,12005,8.329862557267805e-05
renvoyer,1,12005,8.329862557267805e-05
faisons,1,12005,8.329862557267805e-05
07,1,12005,8.329862557267805e-05
respiratoires,1,12005,8.329862557267805e-05
confisqué,1,12005,8.329862557267805e-05
prune,1,12005,8.329862557267805e-05
introduit,1,12005,8.329862557267805e-05
admis,1,12005,8.329862557267805e-05
ligne,1,12005,8.329862557267805e-05
provenant,1,12005,8.329862557267805e-05
détraqués,1,12005,8.329862557267805e-05
intéressés,1,12005,8.329862557267805e-05
hills,1,12005,8.329862557267805e-05
voici,1,12005,8.329862557267805e-05
établissements,1,12005,8.329862557267805e-05
cha,1,12005,8.329862557267805e-05
commencera,1,12005,8.329862557267805e-05
intestin,1,12005,8.329862557267805e-05
maurice,1,12005,8.329862557267805e-05
introduites,1,12005,8.329862557267805e-05
thérapeutiques,1,12005,8.329862557267805e-05
conservés,1,12005,8.329862557267805e-05
aussi,1,12005,8.329862557267805e-05
couleur,1,12005,8.329862557267805e-05
sautant,1,12005,8.329862557267805e-05
8953,1,12005,8.329862557267805e-05
afin,1,12005,8.329862557267805e-05
modernes,1,12005,8.329862557267805e-05
prédomes,1,12005,8.329862557267805e-05
refroidir,1,12005,8.329862557267805e-05
mns,1,12005,8.329862557267805e-05
construction,1,12005,8.329862557267805e-05
noir,1,12005,8.329862557267805e-05
cruauté,1,12005,8.329862557267805e-05
fraude,1,12005,8.329862557267805e-05
reporter,1,12005,8.329862557267805e-05
b5,1,12005,8.329862557267805e-05
caractéristique,1,12005,8.329862557267805e-05
comestibles,1,12005,8.329862557267805e-05
tarienne,1,12005,8.329862557267805e-05
rj,1,12005,8.329862557267805e-05
yssens,1,12005,8.329862557267805e-05
su,1,12005,8.329862557267805e-05
international,1,12005,8.329862557267805e-05
biscottes,1,12005,8.329862557267805e-05
"f""",1,12005,8.329862557267805e-05
aussitôt,1,12005,8.329862557267805e-05
anormal,1,12005,8.329862557267805e-05
£i,1,12005,8.329862557267805e-05
k,1,12005,8.329862557267805e-05
règles,1,12005,8.329862557267805e-05
appelle,1,12005,8.329862557267805e-05
frit,1,12005,8.329862557267805e-05
artichaut,1,12005,8.329862557267805e-05
denti,1,12005,8.329862557267805e-05
voulez,1,12005,8.329862557267805e-05
c£,1,12005,8.329862557267805e-05
directe,1,12005,8.329862557267805e-05
vol,1,12005,8.329862557267805e-05
richa,1,12005,8.329862557267805e-05
actifs,1,12005,8.329862557267805e-05
fruit,1,12005,8.329862557267805e-05
quant,1,12005,8.329862557267805e-05
intégral,1,12005,8.329862557267805e-05
lumière,1,12005,8.329862557267805e-05
consommé,1,12005,8.329862557267805e-05
9fc2,1,12005,8.329862557267805e-05
faciles,1,12005,8.329862557267805e-05
cinquante,1,12005,8.329862557267805e-05
igoo,1,12005,8.329862557267805e-05
adressée,1,12005,8.329862557267805e-05
oeufs,1,12005,8.329862557267805e-05
sirop,1,12005,8.329862557267805e-05
endurance,1,12005,8.329862557267805e-05
lah,1,12005,8.329862557267805e-05
printa,1,12005,8.329862557267805e-05
vi,1,12005,8.329862557267805e-05
cause,1,12005,8.329862557267805e-05
aujourd,1,12005,8.329862557267805e-05
environs,1,12005,8.329862557267805e-05
mettre,1,12005,8.329862557267805e-05
garnir,1,12005,8.329862557267805e-05
frambroises,1,12005,8.329862557267805e-05
excellente,1,12005,8.329862557267805e-05
cardon,1,12005,8.329862557267805e-05
appartenant,1,12005,8.329862557267805e-05
colorié,1,12005,8.329862557267805e-05
exemples,1,12005,8.329862557267805e-05
ti,1,12005,8.329862557267805e-05
révolution,1,12005,8.329862557267805e-05
garantie,1,12005,8.329862557267805e-05
dextrine,1,12005,8.329862557267805e-05
défaut,1,12005,8.329862557267805e-05
uniquement,1,12005,8.329862557267805e-05
préparez,1,12005,8.329862557267805e-05
frotte,1,12005,8.329862557267805e-05
cancer,1,12005,8.329862557267805e-05
gastro,1,12005,8.329862557267805e-05
§£,1,12005,8.329862557267805e-05
sulfurique,1,12005,8.329862557267805e-05
orléans,1,12005,8.329862557267805e-05
lèparis,1,12005,8.329862557267805e-05
autant,1,12005,8.329862557267805e-05
comparée,1,12005,8.329862557267805e-05
composée,1,12005,8.329862557267805e-05
omnivores,1,12005,8.329862557267805e-05
pouvons,1,12005,8.329862557267805e-05
étonnez,1,12005,8.329862557267805e-05
émincez,1,12005,8.329862557267805e-05
tétragone,1,12005,8.329862557267805e-05
opalescente,1,12005,8.329862557267805e-05
produils,1,12005,8.329862557267805e-05
7567,1,12005,8.329862557267805e-05
enlevez,1,12005,8.329862557267805e-05
juteux,1,12005,8.329862557267805e-05
tabac,1,12005,8.329862557267805e-05
2000,1,12005,8.329862557267805e-05
échanges,1,12005,8.329862557267805e-05
science,1,12005,8.329862557267805e-05
abréviations,1,12005,8.329862557267805e-05
nutrition,1,12005,8.329862557267805e-05
souhaitent,1,12005,8.329862557267805e-05
wavre,1,12005,8.329862557267805e-05
vos,1,12005,8.329862557267805e-05
acquiert,1,12005,8.329862557267805e-05
avez,1,12005,8.329862557267805e-05
pratiques,1,12005,8.329862557267805e-05
malt,1,12005,8.329862557267805e-05
certaines,1,12005,8.329862557267805e-05
gros,1,12005,8.329862557267805e-05
rapprochent,1,12005,8.329862557267805e-05
cent,1,12005,8.329862557267805e-05
spiritueux,1,12005,8.329862557267805e-05
stimulants,1,12005,8.329862557267805e-05
mayonnaise,1,12005,8.329862557267805e-05
croustillante,1,12005,8.329862557267805e-05
rend,1,12005,8.329862557267805e-05
noires,1,12005,8.329862557267805e-05
fibrine,1,12005,8.329862557267805e-05
stimulant,1,12005,8.329862557267805e-05
coquilles,1,12005,8.329862557267805e-05
fécule,1,12005,8.329862557267805e-05
anatomistes,1,12005,8.329862557267805e-05
victoires,1,12005,8.329862557267805e-05
fô,1,12005,8.329862557267805e-05
gousses,1,12005,8.329862557267805e-05
rvir,1,12005,8.329862557267805e-05
impurs,1,12005,8.329862557267805e-05
"5""",1,12005,8.329862557267805e-05
athlétique,1,12005,8.329862557267805e-05
donné,1,12005,8.329862557267805e-05
campagne,1,12005,8.329862557267805e-05
exclusif,1,12005,8.329862557267805e-05
cours,1,12005,8.329862557267805e-05
trempés,1,12005,8.329862557267805e-05
colorant,1,12005,8.329862557267805e-05
gonfler,1,12005,8.329862557267805e-05
farcie,1,12005,8.329862557267805e-05
évaporés,1,12005,8.329862557267805e-05
thérap,1,12005,8.329862557267805e-05
surface,1,12005,8.329862557267805e-05
conséquent,1,12005,8.329862557267805e-05
785,1,12005,8.329862557267805e-05
rouleaux,1,12005,8.329862557267805e-05
médaille,1,12005,8.329862557267805e-05
parfaite,1,12005,8.329862557267805e-05
moral,1,12005,8.329862557267805e-05
bullet,1,12005,8.329862557267805e-05
substance,1,12005,8.329862557267805e-05
croftte,1,12005,8.329862557267805e-05
restera,1,12005,8.329862557267805e-05
4f,1,12005,8.329862557267805e-05
industrie,1,12005,8.329862557267805e-05
ten,1,12005,8.329862557267805e-05
oc,1,12005,8.329862557267805e-05
vienne,1,12005,8.329862557267805e-05
retenu,1,12005,8.329862557267805e-05
savoir,1,12005,8.329862557267805e-05
probablement,1,12005,8.329862557267805e-05
doute,1,12005,8.329862557267805e-05
étonnant,1,12005,8.329862557267805e-05
ajoutent,1,12005,8.329862557267805e-05
actif,1,12005,8.329862557267805e-05
bain,1,12005,8.329862557267805e-05
chargé,1,12005,8.329862557267805e-05
égorger,1,12005,8.329862557267805e-05
traitements,1,12005,8.329862557267805e-05
citons,1,12005,8.329862557267805e-05
méfier,1,12005,8.329862557267805e-05
abdique,1,12005,8.329862557267805e-05
matière,1,12005,8.329862557267805e-05
blanchissant,1,12005,8.329862557267805e-05
paniers,1,12005,8.329862557267805e-05
panification,1,12005,8.329862557267805e-05
rrppmsssmmr,1,12005,8.329862557267805e-05
récipient,1,12005,8.329862557267805e-05
pris,1,12005,8.329862557267805e-05
deviennent,1,12005,8.329862557267805e-05
recueille,1,12005,8.329862557267805e-05
donnons,1,12005,8.329862557267805e-05
fortifiante,1,12005,8.329862557267805e-05
blé,1,12005,8.329862557267805e-05
vierges,1,12005,8.329862557267805e-05
eh,1,12005,8.329862557267805e-05
amplifier,1,12005,8.329862557267805e-05
proprement,1,12005,8.329862557267805e-05
falsificateurs,1,12005,8.329862557267805e-05
hétéroclites,1,12005,8.329862557267805e-05
montreront,1,12005,8.329862557267805e-05
chauveau,1,12005,8.329862557267805e-05
rapide,1,12005,8.329862557267805e-05
cornouilles,1,12005,8.329862557267805e-05
grains,1,12005,8.329862557267805e-05
devait,1,12005,8.329862557267805e-05
individu,1,12005,8.329862557267805e-05
rare,1,12005,8.329862557267805e-05
poudres,1,12005,8.329862557267805e-05
assurent,1,12005,8.329862557267805e-05
tarrppmssssmrr,1,12005,8.329862557267805e-05
associer,1,12005,8.329862557267805e-05
enduite,1,12005,8.329862557267805e-05
graine,1,12005,8.329862557267805e-05
veithen,1,12005,8.329862557267805e-05
recouvrir,1,12005,8.329862557267805e-05
proscrit,1,12005,8.329862557267805e-05
passe,1,12005,8.329862557267805e-05
téléphone,1,12005,8.329862557267805e-05
négligée,1,12005,8.329862557267805e-05
exclut,1,12005,8.329862557267805e-05
utilisées,1,12005,8.329862557267805e-05
fournir,1,12005,8.329862557267805e-05
psmmsccc,1,12005,8.329862557267805e-05
emploiera,1,12005,8.329862557267805e-05
intolérance,1,12005,8.329862557267805e-05
fraise,1,12005,8.329862557267805e-05
ordre,1,12005,8.329862557267805e-05
vente,1,12005,8.329862557267805e-05
180,1,12005,8.329862557267805e-05
représentée,1,12005,8.329862557267805e-05
friedrichsdorf,1,12005,8.329862557267805e-05
recouvrent,1,12005,8.329862557267805e-05
noirci,1,12005,8.329862557267805e-05
orient,1,12005,8.329862557267805e-05
central,1,12005,8.329862557267805e-05
organe,1,12005,8.329862557267805e-05
estomac,1,12005,8.329862557267805e-05
der,1,12005,8.329862557267805e-05
matieres,1,12005,8.329862557267805e-05
1®,1,12005,8.329862557267805e-05
surabondance,1,12005,8.329862557267805e-05
titre,1,12005,8.329862557267805e-05
crèpes,1,12005,8.329862557267805e-05
sorte,1,12005,8.329862557267805e-05
comestible,1,12005,8.329862557267805e-05
débutant,1,12005,8.329862557267805e-05
estimer,1,12005,8.329862557267805e-05
usité,1,12005,8.329862557267805e-05
230,1,12005,8.329862557267805e-05
papier,1,12005,8.329862557267805e-05
parfum,1,12005,8.329862557267805e-05
âme,1,12005,8.329862557267805e-05
modicus,1,12005,8.329862557267805e-05
naîtra,1,12005,8.329862557267805e-05
sevrage,1,12005,8.329862557267805e-05
indique,1,12005,8.329862557267805e-05
19°0,1,12005,8.329862557267805e-05
vegetariens,1,12005,8.329862557267805e-05
mille,1,12005,8.329862557267805e-05
similaires,1,12005,8.329862557267805e-05
clair,1,12005,8.329862557267805e-05
énervant,1,12005,8.329862557267805e-05
effraie,1,12005,8.329862557267805e-05
point,1,12005,8.329862557267805e-05
croûtes,1,12005,8.329862557267805e-05
autour,1,12005,8.329862557267805e-05
langue,1,12005,8.329862557267805e-05
sol,1,12005,8.329862557267805e-05
dois,1,12005,8.329862557267805e-05
âge,1,12005,8.329862557267805e-05
douze,1,12005,8.329862557267805e-05
limiter,1,12005,8.329862557267805e-05
funeste,1,12005,8.329862557267805e-05
confond,1,12005,8.329862557267805e-05
îo,1,12005,8.329862557267805e-05
auxquels,1,12005,8.329862557267805e-05
blanches,1,12005,8.329862557267805e-05
orange,1,12005,8.329862557267805e-05
institut,1,12005,8.329862557267805e-05
apanage,1,12005,8.329862557267805e-05
délayant,1,12005,8.329862557267805e-05
citrons,1,12005,8.329862557267805e-05
absorber,1,12005,8.329862557267805e-05
maintenir,1,12005,8.329862557267805e-05
cidre,1,12005,8.329862557267805e-05
écrit,1,12005,8.329862557267805e-05
reiche,1,12005,8.329862557267805e-05
bulbes,1,12005,8.329862557267805e-05
ardent,1,12005,8.329862557267805e-05
voies,1,12005,8.329862557267805e-05
±î,1,12005,8.329862557267805e-05
comparé,1,12005,8.329862557267805e-05
concordance,1,12005,8.329862557267805e-05
aiment,1,12005,8.329862557267805e-05
extérieures,1,12005,8.329862557267805e-05
phosphaté,1,12005,8.329862557267805e-05
comprenant,1,12005,8.329862557267805e-05
270,1,12005,8.329862557267805e-05
es,1,12005,8.329862557267805e-05
achète,1,12005,8.329862557267805e-05
canines,1,12005,8.329862557267805e-05
portent,1,12005,8.329862557267805e-05
habituellement,1,12005,8.329862557267805e-05
rejoindre,1,12005,8.329862557267805e-05
accompagnée,1,12005,8.329862557267805e-05
124,1,12005,8.329862557267805e-05
général,1,12005,8.329862557267805e-05
germe,1,12005,8.329862557267805e-05
globe,1,12005,8.329862557267805e-05
julienne,1,12005,8.329862557267805e-05
accroissement,1,12005,8.329862557267805e-05
arthritique,1,12005,8.329862557267805e-05
entérites,1,12005,8.329862557267805e-05
employées,1,12005,8.329862557267805e-05
succursale,1,12005,8.329862557267805e-05
os,1,12005,8.329862557267805e-05
arriver,1,12005,8.329862557267805e-05
produisant,1,12005,8.329862557267805e-05
mettaient,1,12005,8.329862557267805e-05
triple,1,12005,8.329862557267805e-05
plongez,1,12005,8.329862557267805e-05
éhontée,1,12005,8.329862557267805e-05
garanti,1,12005,8.329862557267805e-05
mains,1,12005,8.329862557267805e-05
abstiendrait,1,12005,8.329862557267805e-05
saponine,1,12005,8.329862557267805e-05
chauds,1,12005,8.329862557267805e-05
tamis,1,12005,8.329862557267805e-05
particulier,1,12005,8.329862557267805e-05
utilise,1,12005,8.329862557267805e-05
minutieux,1,12005,8.329862557267805e-05
vives,1,12005,8.329862557267805e-05
mouillez,1,12005,8.329862557267805e-05
réellement,1,12005,8.329862557267805e-05
tournant,1,12005,8.329862557267805e-05
espagne,1,12005,8.329862557267805e-05
paysanne,1,12005,8.329862557267805e-05
marie,1,12005,8.329862557267805e-05
couches,1,12005,8.329862557267805e-05
quel,1,12005,8.329862557267805e-05
honnête,1,12005,8.329862557267805e-05
tenant,1,12005,8.329862557267805e-05
schulza,1,12005,8.329862557267805e-05
mangera,1,12005,8.329862557267805e-05
exécutant,1,12005,8.329862557267805e-05
arthritisme,1,12005,8.329862557267805e-05
activement,1,12005,8.329862557267805e-05
vejsu,1,12005,8.329862557267805e-05
140,1,12005,8.329862557267805e-05
considérable,1,12005,8.329862557267805e-05
18,1,12005,8.329862557267805e-05
parmesan,1,12005,8.329862557267805e-05
gâtés,1,12005,8.329862557267805e-05
servent,1,12005,8.329862557267805e-05
tures,1,12005,8.329862557267805e-05
bourgeoise,1,12005,8.329862557267805e-05
lecteur,1,12005,8.329862557267805e-05
apport,1,12005,8.329862557267805e-05
privilège,1,12005,8.329862557267805e-05
càpre,1,12005,8.329862557267805e-05
supporter,1,12005,8.329862557267805e-05
renvoie,1,12005,8.329862557267805e-05
exigeons,1,12005,8.329862557267805e-05
alcoolique,1,12005,8.329862557267805e-05
qualité,1,12005,8.329862557267805e-05
courges,1,12005,8.329862557267805e-05
prof,1,12005,8.329862557267805e-05
respectifs,1,12005,8.329862557267805e-05
exemple,1,12005,8.329862557267805e-05
appliquent,1,12005,8.329862557267805e-05
8216,1,12005,8.329862557267805e-05
moutarde,1,12005,8.329862557267805e-05
devront,1,12005,8.329862557267805e-05
pèches,1,12005,8.329862557267805e-05
conduites,1,12005,8.329862557267805e-05
poire,1,12005,8.329862557267805e-05
nourrissons,1,12005,8.329862557267805e-05
trempée,1,12005,8.329862557267805e-05
appliquer,1,12005,8.329862557267805e-05
cellules,1,12005,8.329862557267805e-05
rave,1,12005,8.329862557267805e-05
rois,1,12005,8.329862557267805e-05
beurres,1,12005,8.329862557267805e-05
7967,1,12005,8.329862557267805e-05
towioe,1,12005,8.329862557267805e-05
vitriol,1,12005,8.329862557267805e-05
reine,1,12005,8.329862557267805e-05
2&gt,1,12005,8.329862557267805e-05
président,1,12005,8.329862557267805e-05
cr,1,12005,8.329862557267805e-05
erreur,1,12005,8.329862557267805e-05
indispensable,1,12005,8.329862557267805e-05
carbonique,1,12005,8.329862557267805e-05
cherchent,1,12005,8.329862557267805e-05
conserves,1,12005,8.329862557267805e-05
migraines,1,12005,8.329862557267805e-05
hewel,1,12005,8.329862557267805e-05
cuisiniers,1,12005,8.329862557267805e-05
souffre,1,12005,8.329862557267805e-05
italie,1,12005,8.329862557267805e-05
dextriniser,1,12005,8.329862557267805e-05
ï,1,12005,8.329862557267805e-05
brioche,1,12005,8.329862557267805e-05
expérimentateurs,1,12005,8.329862557267805e-05
blarez,1,12005,8.329862557267805e-05
rawson,1,12005,8.329862557267805e-05
fabrication,1,12005,8.329862557267805e-05
pssc,1,12005,8.329862557267805e-05
fouettés,1,12005,8.329862557267805e-05
surpopulation,1,12005,8.329862557267805e-05
sensation,1,12005,8.329862557267805e-05
rejetée,1,12005,8.329862557267805e-05
déjà,1,12005,8.329862557267805e-05
bruni,1,12005,8.329862557267805e-05
3525,1,12005,8.329862557267805e-05
man,1,12005,8.329862557267805e-05
dernier,1,12005,8.329862557267805e-05
06,1,12005,8.329862557267805e-05
échantillon,1,12005,8.329862557267805e-05
emploie,1,12005,8.329862557267805e-05
crambé,1,12005,8.329862557267805e-05
donnerait,1,12005,8.329862557267805e-05
drogues,1,12005,8.329862557267805e-05
05,1,12005,8.329862557267805e-05
contemporains,1,12005,8.329862557267805e-05
ménages,1,12005,8.329862557267805e-05
hygiéniques,1,12005,8.329862557267805e-05
libre,1,12005,8.329862557267805e-05
nvssens,1,12005,8.329862557267805e-05
offrira,1,12005,8.329862557267805e-05
adapté,1,12005,8.329862557267805e-05
égales,1,12005,8.329862557267805e-05
moyens,1,12005,8.329862557267805e-05
embrasser,1,12005,8.329862557267805e-05
pères,1,12005,8.329862557267805e-05
éléments,1,12005,8.329862557267805e-05
touristes,1,12005,8.329862557267805e-05
oo,1,12005,8.329862557267805e-05
régénération,1,12005,8.329862557267805e-05
ajoutées,1,12005,8.329862557267805e-05
abondamment,1,12005,8.329862557267805e-05
glacés,1,12005,8.329862557267805e-05
inutilement,1,12005,8.329862557267805e-05
ra,1,12005,8.329862557267805e-05
6268,1,12005,8.329862557267805e-05
pétrit,1,12005,8.329862557267805e-05
autorités,1,12005,8.329862557267805e-05
farcir,1,12005,8.329862557267805e-05
intéressent,1,12005,8.329862557267805e-05
vapeur,1,12005,8.329862557267805e-05
congrès,1,12005,8.329862557267805e-05
rangé,1,12005,8.329862557267805e-05
résulterait,1,12005,8.329862557267805e-05
club,1,12005,8.329862557267805e-05
durée,1,12005,8.329862557267805e-05
féculents,1,12005,8.329862557267805e-05
maison,1,12005,8.329862557267805e-05
soigneusement,1,12005,8.329862557267805e-05
nice,1,12005,8.329862557267805e-05
tacccrpssssmsc,1,12005,8.329862557267805e-05
déjeuner,1,12005,8.329862557267805e-05
800,1,12005,8.329862557267805e-05
limonade,1,12005,8.329862557267805e-05
résultant,1,12005,8.329862557267805e-05
agricoles,1,12005,8.329862557267805e-05
tendances,1,12005,8.329862557267805e-05
or,1,12005,8.329862557267805e-05
reflux,1,12005,8.329862557267805e-05
entraîner,1,12005,8.329862557267805e-05
rrppmmssssrr,1,12005,8.329862557267805e-05
appréciée,1,12005,8.329862557267805e-05
vérifier,1,12005,8.329862557267805e-05
utilisé,1,12005,8.329862557267805e-05
couvert,1,12005,8.329862557267805e-05
parfumé,1,12005,8.329862557267805e-05
caroubes,1,12005,8.329862557267805e-05
plaindre,1,12005,8.329862557267805e-05
rudes,1,12005,8.329862557267805e-05
quotidien,1,12005,8.329862557267805e-05
remplacer,1,12005,8.329862557267805e-05
compliqués,1,12005,8.329862557267805e-05
ménager,1,12005,8.329862557267805e-05
eâ,1,12005,8.329862557267805e-05
relativement,1,12005,8.329862557267805e-05
•§,1,12005,8.329862557267805e-05
jeté,1,12005,8.329862557267805e-05
goûts,1,12005,8.329862557267805e-05
sanglante,1,12005,8.329862557267805e-05
exposition,1,12005,8.329862557267805e-05
?m,1,12005,8.329862557267805e-05
600,1,12005,8.329862557267805e-05
175,1,12005,8.329862557267805e-05
alcoolisme,1,12005,8.329862557267805e-05
adresser,1,12005,8.329862557267805e-05
côté,1,12005,8.329862557267805e-05
céréale,1,12005,8.329862557267805e-05
ppppssmmmm,1,12005,8.329862557267805e-05
poudings,1,12005,8.329862557267805e-05
combustibles,1,12005,8.329862557267805e-05
secrétaires,1,12005,8.329862557267805e-05
purées,1,12005,8.329862557267805e-05
sras,1,12005,8.329862557267805e-05
dîner,1,12005,8.329862557267805e-05
décrite,1,12005,8.329862557267805e-05
ruxelle,1,12005,8.329862557267805e-05
rangs,1,12005,8.329862557267805e-05
chauffez,1,12005,8.329862557267805e-05
butyrate,1,12005,8.329862557267805e-05
mm,1,12005,8.329862557267805e-05
détailler,1,12005,8.329862557267805e-05
armateur,1,12005,8.329862557267805e-05
plutôt,1,12005,8.329862557267805e-05
