ngram,count,total_words,frequency
de,1091,15866,0.06876339341989159
à,467,15866,0.029434009832345898
la,465,15866,0.029307954115719147
et,439,15866,0.02766922979957141
les,388,15866,0.02445480902558931
le,386,15866,0.024328753308962562
riz,381,15866,0.024013614017395688
en,222,15866,0.013992184545569141
une,205,15866,0.012920710954241774
dans,193,15866,0.012164376654481281
au,184,15866,0.01159712592966091
un,153,15866,0.009643262321946301
sauce,133,15866,0.00838270515567881
grammes,131,15866,0.008256649439052062
avec,123,15866,0.007752426572545065
du,116,15866,0.007311231564351444
on,113,15866,0.00712214798941132
pour,110,15866,0.006933064414471196
ou,107,15866,0.006743980839531072
beurre,91,15866,0.005735535106517081
minutes,90,15866,0.005672507248203706
œufs,87,15866,0.005483423673263582
que,84,15866,0.0052943400983234586
des,79,15866,0.0049792008067565865
casserole,79,15866,0.0049792008067565865
pilaw,78,15866,0.004916172948443212
quelques,73,15866,0.004601033656876339
cuillerées,73,15866,0.004601033656876339
est,71,15866,0.004474977940249591
sur,71,15866,0.004474977940249591
faire,70,15866,0.004411950081936216
deux,68,15866,0.004285894365309467
ce,64,15866,0.0040337829320559685
aux,62,15866,0.003907727215429219
cuisson,62,15866,0.003907727215429219
sel,60,15866,0.0037816714988024706
ajouter,59,15866,0.003718643640489096
même,54,15866,0.0034035043489222235
poivre,50,15866,0.0031513929156687256
cuit,48,15866,0.0030253371990419764
temps,46,15866,0.0028992814824152276
tomate,46,15866,0.0028992814824152276
servir,44,15866,0.0027732257657884785
feu,44,15866,0.0027732257657884785
comme,43,15866,0.002710197907475104
il,43,15866,0.002710197907475104
trois,42,15866,0.0026471700491617293
cuire,41,15866,0.002584142190848355
être,40,15866,0.0025211143325349805
a,39,15866,0.002458086474221606
plus,38,15866,0.0023950586159082314
litre,38,15866,0.0023950586159082314
bouillon,37,15866,0.0023320307575948568
très,37,15866,0.0023320307575948568
par,37,15866,0.0023320307575948568
bien,37,15866,0.0023320307575948568
d’un,36,15866,0.0022690028992814826
mêler,34,15866,0.0021429471826547334
demi,34,15866,0.0021429471826547334
mettre,31,15866,0.0019538636077146097
cette,31,15866,0.0019538636077146097
couvrir,31,15866,0.0019538636077146097
petits,31,15866,0.0019538636077146097
peut,31,15866,0.0019538636077146097
se,30,15866,0.0018908357494012353
curry,30,15866,0.0018908357494012353
pourra,30,15866,0.0018908357494012353
d’eau,29,15866,0.001827807891087861
qui,29,15866,0.001827807891087861
part,29,15866,0.001827807891087861
10,28,15866,0.0017647800327744863
donner,27,15866,0.0017017521744611117
18,27,15866,0.0017017521744611117
crème,27,15866,0.0017017521744611117
2,27,15866,0.0017017521744611117
tomates,27,15866,0.0017017521744611117
pas,27,15866,0.0017017521744611117
légèrement,26,15866,0.0016387243161477374
l’eau,26,15866,0.0016387243161477374
plat,26,15866,0.0016387243161477374
retirer,25,15866,0.0015756964578343628
30,25,15866,0.0015756964578343628
tout,25,15866,0.0015756964578343628
volaille,25,15866,0.0015756964578343628
cuillerée,24,15866,0.0015126685995209882
petit,24,15866,0.0015126685995209882
proportions,23,15866,0.0014496407412076138
provençale,23,15866,0.0014496407412076138
«,23,15866,0.0014496407412076138
hors,23,15866,0.0014496407412076138
assaisonner,22,15866,0.0013866128828942392
sont,22,15866,0.0013866128828942392
d,22,15866,0.0013866128828942392
farine,22,15866,0.0013866128828942392
ne,22,15866,0.0013866128828942392
paprika,22,15866,0.0013866128828942392
lait,21,15866,0.0013235850245808646
lui,21,15866,0.0013235850245808646
l,21,15866,0.0013235850245808646
haché,21,15866,0.0013235850245808646
quatre,21,15866,0.0013235850245808646
truffes,21,15866,0.0013235850245808646
façon,21,15866,0.0013235850245808646
doit,21,15866,0.0013235850245808646
mouiller,20,15866,0.0012605571662674903
chauffer,20,15866,0.0012605571662674903
d’une,20,15866,0.0012605571662674903
cuits,20,15866,0.0012605571662674903
frais,20,15866,0.0012605571662674903
dresser,20,15866,0.0012605571662674903
soit,20,15866,0.0012605571662674903
personnes,20,15866,0.0012605571662674903
8,20,15866,0.0012605571662674903
pincée,19,15866,0.0011975293079541157
morceaux,19,15866,0.0011975293079541157
sucre,19,15866,0.0011975293079541157
laisser,19,15866,0.0011975293079541157
ces,19,15866,0.0011975293079541157
mouton,19,15866,0.0011975293079541157
blanc,19,15866,0.0011975293079541157
rizotto,19,15866,0.0011975293079541157
nota,19,15866,0.0011975293079541157
son,19,15866,0.0011975293079541157
aussitôt,18,15866,0.0011345014496407413
persil,18,15866,0.0011345014496407413
etc,18,15866,0.0011345014496407413
soupe,18,15866,0.0011345014496407413
carrés,18,15866,0.0011345014496407413
si,18,15866,0.0011345014496407413
four,18,15866,0.0011345014496407413
y,17,15866,0.0010714735913273667
tenir,17,15866,0.0010714735913273667
leur,17,15866,0.0010714735913273667
six,17,15866,0.0010714735913273667
50,17,15866,0.0010714735913273667
assaisonnement,17,15866,0.0010714735913273667
choisir,17,15866,0.0010714735913273667
20,16,15866,0.0010084457330139921
100,16,15866,0.0010084457330139921
veau,16,15866,0.0010084457330139921
poêle,16,15866,0.0010084457330139921
râpé,16,15866,0.0010084457330139921
peu,16,15866,0.0010084457330139921
toulonnaise,16,15866,0.0010084457330139921
bouillante,16,15866,0.0010084457330139921
ménagère,15,15866,0.0009454178747006176
volume,15,15866,0.0009454178747006176
passer,15,15866,0.0009454178747006176
finement,15,15866,0.0009454178747006176
safran,15,15866,0.0009454178747006176
tous,15,15866,0.0009454178747006176
250,15,15866,0.0009454178747006176
grande,15,15866,0.0009454178747006176
volonté,15,15866,0.0009454178747006176
lard,15,15866,0.0009454178747006176
3,15,15866,0.0009454178747006176
aussi,15,15866,0.0009454178747006176
poisson,15,15866,0.0009454178747006176
purée,14,15866,0.0008823900163872432
1,14,15866,0.0008823900163872432
jaunes,14,15866,0.0008823900163872432
gras,14,15866,0.0008823900163872432
15,14,15866,0.0008823900163872432
cailles,14,15866,0.0008823900163872432
eau,14,15866,0.0008823900163872432
hachées,14,15866,0.0008823900163872432
cinq,14,15866,0.0008823900163872432
cas,14,15866,0.0008823900163872432
sert,14,15866,0.0008823900163872432
poulet,14,15866,0.0008823900163872432
pochés,14,15866,0.0008823900163872432
d’huile,14,15866,0.0008823900163872432
surface,13,15866,0.0008193621580738687
prise,13,15866,0.0008193621580738687
crabes,13,15866,0.0008193621580738687
saindoux,13,15866,0.0008193621580738687
d’ébullition,13,15866,0.0008193621580738687
verser,13,15866,0.0008193621580738687
rose,13,15866,0.0008193621580738687
préparé,13,15866,0.0008193621580738687
frits,13,15866,0.0008193621580738687
chou,13,15866,0.0008193621580738687
dès,13,15866,0.0008193621580738687
viandes,13,15866,0.0008193621580738687
service,13,15866,0.0008193621580738687
pelées,13,15866,0.0008193621580738687
l’égoutter,13,15866,0.0008193621580738687
française,13,15866,0.0008193621580738687
cuiller,13,15866,0.0008193621580738687
additionné,13,15866,0.0008193621580738687
point,13,15866,0.0008193621580738687
légumes,13,15866,0.0008193621580738687
pendant,13,15866,0.0008193621580738687
fait,13,15866,0.0008193621580738687
blondir,13,15866,0.0008193621580738687
fromage,13,15866,0.0008193621580738687
bouillant,13,15866,0.0008193621580738687
autre,13,15866,0.0008193621580738687
bouillir,13,15866,0.0008193621580738687
sauter,13,15866,0.0008193621580738687
petites,13,15866,0.0008193621580738687
25,12,15866,0.0007563342997604941
sautés,12,15866,0.0007563342997604941
pain,12,15866,0.0007563342997604941
facultativement,12,15866,0.0007563342997604941
poule,12,15866,0.0007563342997604941
n°,12,15866,0.0007563342997604941
ensuite,12,15866,0.0007563342997604941
paris,12,15866,0.0007563342997604941
glace,12,15866,0.0007563342997604941
avant,12,15866,0.0007563342997604941
l’huile,12,15866,0.0007563342997604941
indiqué,12,15866,0.0007563342997604941
fine,12,15866,0.0007563342997604941
après,12,15866,0.0007563342997604941
remplacer,12,15866,0.0007563342997604941
laurier,11,15866,0.0006933064414471196
alors,11,15866,0.0006933064414471196
12,11,15866,0.0006933064414471196
aura,11,15866,0.0006933064414471196
remuer,11,15866,0.0006933064414471196
mayonnaise,11,15866,0.0006933064414471196
fruits,11,15866,0.0006933064414471196
150,11,15866,0.0006933064414471196
instants,11,15866,0.0006933064414471196
préparation,11,15866,0.0006933064414471196
coupée,11,15866,0.0006933064414471196
d’olive,11,15866,0.0006933064414471196
lié,11,15866,0.0006933064414471196
mets,11,15866,0.0006933064414471196
viande,11,15866,0.0006933064414471196
préparer,11,15866,0.0006933064414471196
sans,11,15866,0.0006933064414471196
doux,11,15866,0.0006933064414471196
passoire,11,15866,0.0006933064414471196
velouté,11,15866,0.0006933064414471196
pêches,11,15866,0.0006933064414471196
dés,11,15866,0.0006933064414471196
grosseur,10,15866,0.0006302785831337451
filets,10,15866,0.0006302785831337451
feuille,10,15866,0.0006302785831337451
ainsi,10,15866,0.0006302785831337451
pommes,10,15866,0.0006302785831337451
entremets,10,15866,0.0006302785831337451
fraîche,10,15866,0.0006302785831337451
d’ail,10,15866,0.0006302785831337451
c’est,10,15866,0.0006302785831337451
rue,10,15866,0.0006302785831337451
chaude,10,15866,0.0006302785831337451
partie,10,15866,0.0006302785831337451
cabillaud,10,15866,0.0006302785831337451
diverses,10,15866,0.0006302785831337451
continuer,10,15866,0.0006302785831337451
épépinées,10,15866,0.0006302785831337451
homard,10,15866,0.0006302785831337451
d’oignon,10,15866,0.0006302785831337451
litres,10,15866,0.0006302785831337451
tyrolienne,10,15866,0.0006302785831337451
fois,10,15866,0.0006302785831337451
moitié,10,15866,0.0006302785831337451
addition,10,15866,0.0006302785831337451
saupoudrer,10,15866,0.0006302785831337451
salée,10,15866,0.0006302785831337451
chair,10,15866,0.0006302785831337451
potages,10,15866,0.0006302785831337451
joindre,10,15866,0.0006302785831337451
r,9,15866,0.0005672507248203707
puis,9,15866,0.0005672507248203707
hachés,9,15866,0.0005672507248203707
500,9,15866,0.0005672507248203707
mais,9,15866,0.0005672507248203707
5,9,15866,0.0005672507248203707
foie,9,15866,0.0005672507248203707
nécessaire,9,15866,0.0005672507248203707
l’anglaise,9,15866,0.0005672507248203707
sauté,9,15866,0.0005672507248203707
huile,9,15866,0.0005672507248203707
&,9,15866,0.0005672507248203707
chaud,9,15866,0.0005672507248203707
33,9,15866,0.0005672507248203707
terre,9,15866,0.0005672507248203707
aubergines,9,15866,0.0005672507248203707
garniture,9,15866,0.0005672507248203707
lier,9,15866,0.0005672507248203707
crevettes,9,15866,0.0005672507248203707
oignon,9,15866,0.0005672507248203707
bon,9,15866,0.0005672507248203707
vinaigre,9,15866,0.0005672507248203707
sauces,9,15866,0.0005672507248203707
poularde,9,15866,0.0005672507248203707
prendre,9,15866,0.0005672507248203707
citron,9,15866,0.0005672507248203707
créole,9,15866,0.0005672507248203707
6,9,15866,0.0005672507248203707
prépare,9,15866,0.0005672507248203707
vin,9,15866,0.0005672507248203707
sa,9,15866,0.0005672507248203707
chez,8,15866,0.0005042228665069961
peuvent,8,15866,0.0005042228665069961
ajoute,8,15866,0.0005042228665069961
ranger,8,15866,0.0005042228665069961
possible,8,15866,0.0005042228665069961
volailles,8,15866,0.0005042228665069961
choux,8,15866,0.0005042228665069961
préparations,8,15866,0.0005042228665069961
remuant,8,15866,0.0005042228665069961
moules,8,15866,0.0005042228665069961
accompagnement,8,15866,0.0005042228665069961
200,8,15866,0.0005042228665069961
bœuf,8,15866,0.0005042228665069961
60,8,15866,0.0005042228665069961
base,8,15866,0.0005042228665069961
qu’il,8,15866,0.0005042228665069961
garnir,8,15866,0.0005042228665069961
café,8,15866,0.0005042228665069961
rouler,8,15866,0.0005042228665069961
cuites,8,15866,0.0005042228665069961
parties,8,15866,0.0005042228665069961
morue,8,15866,0.0005042228665069961
aliment,8,15866,0.0005042228665069961
poudre,8,15866,0.0005042228665069961
d’œufs,8,15866,0.0005042228665069961
liquide,8,15866,0.0005042228665069961
ses,8,15866,0.0005042228665069961
bordure,8,15866,0.0005042228665069961
rafraîchir,8,15866,0.0005042228665069961
toutes,8,15866,0.0005042228665069961
d’agneau,8,15866,0.0005042228665069961
ci,8,15866,0.0005042228665069961
suivant,8,15866,0.0005042228665069961
soigneusement,8,15866,0.0005042228665069961
petite,8,15866,0.0005042228665069961
d’autre,8,15866,0.0005042228665069961
poivrons,7,15866,0.0004411950081936216
valeur,7,15866,0.0004411950081936216
35,7,15866,0.0004411950081936216
cuisine,7,15866,0.0004411950081936216
courgettes,7,15866,0.0004411950081936216
l’on,7,15866,0.0004411950081936216
d’œuvre,7,15866,0.0004411950081936216
pois,7,15866,0.0004411950081936216
poids,7,15866,0.0004411950081936216
également,7,15866,0.0004411950081936216
l’autre,7,15866,0.0004411950081936216
rognons,7,15866,0.0004411950081936216
toujours,7,15866,0.0004411950081936216
béchamel,7,15866,0.0004411950081936216
je,7,15866,0.0004411950081936216
qu’on,7,15866,0.0004411950081936216
langouste,7,15866,0.0004411950081936216
doucement,7,15866,0.0004411950081936216
fin,7,15866,0.0004411950081936216
grains,7,15866,0.0004411950081936216
matières,7,15866,0.0004411950081936216
côté,7,15866,0.0004411950081936216
jus,7,15866,0.0004411950081936216
suprême,7,15866,0.0004411950081936216
lieu,7,15866,0.0004411950081936216
lamelles,7,15866,0.0004411950081936216
parmesan,7,15866,0.0004411950081936216
font,7,15866,0.0004411950081936216
31,7,15866,0.0004411950081936216
julienne,7,15866,0.0004411950081936216
oignons,7,15866,0.0004411950081936216
piémontaise,7,15866,0.0004411950081936216
verre,7,15866,0.0004411950081936216
votre,7,15866,0.0004411950081936216
pointe,7,15866,0.0004411950081936216
chapon,7,15866,0.0004411950081936216
formules,7,15866,0.0004411950081936216
l’américaine,7,15866,0.0004411950081936216
aurore,7,15866,0.0004411950081936216
coupé,7,15866,0.0004411950081936216
remettre,7,15866,0.0004411950081936216
agneau,7,15866,0.0004411950081936216
dont,7,15866,0.0004411950081936216
court,7,15866,0.0004411950081936216
300,7,15866,0.0004411950081936216
tranches,6,15866,0.00037816714988024705
consommé,6,15866,0.00037816714988024705
4,6,15866,0.00037816714988024705
bananes,6,15866,0.00037816714988024705
perdreaux,6,15866,0.00037816714988024705
environ,6,15866,0.00037816714988024705
toute,6,15866,0.00037816714988024705
tiers,6,15866,0.00037816714988024705
forme,6,15866,0.00037816714988024705
feuilles,6,15866,0.00037816714988024705
nutritive,6,15866,0.00037816714988024705
fr,6,15866,0.00037816714988024705
parcelles,6,15866,0.00037816714988024705
décilitre,6,15866,0.00037816714988024705
blonde,6,15866,0.00037816714988024705
général,6,15866,0.00037816714988024705
29,6,15866,0.00037816714988024705
40,6,15866,0.00037816714988024705
7,6,15866,0.00037816714988024705
terrine,6,15866,0.00037816714988024705
importante,6,15866,0.00037816714988024705
h,6,15866,0.00037816714988024705
vanille,6,15866,0.00037816714988024705
compléter,6,15866,0.00037816714988024705
veloutés,6,15866,0.00037816714988024705
préparent,6,15866,0.00037816714988024705
décilitres,6,15866,0.00037816714988024705
saucisses,6,15866,0.00037816714988024705
quantité,6,15866,0.00037816714988024705
vous,6,15866,0.00037816714988024705
nos,6,15866,0.00037816714988024705
réserve,6,15866,0.00037816714988024705
farcir,6,15866,0.00037816714988024705
lapereau,6,15866,0.00037816714988024705
branches,6,15866,0.00037816714988024705
accompagnés,6,15866,0.00037816714988024705
champignons,6,15866,0.00037816714988024705
modéré,6,15866,0.00037816714988024705
sirop,6,15866,0.00037816714988024705
d’accompagnement,6,15866,0.00037816714988024705
quart,6,15866,0.00037816714988024705
kilogr,6,15866,0.00037816714988024705
ont,6,15866,0.00037816714988024705
bouquet,6,15866,0.00037816714988024705
l’oignon,6,15866,0.00037816714988024705
ragoût,6,15866,0.00037816714988024705
encore,6,15866,0.00037816714988024705
cet,6,15866,0.00037816714988024705
fondu,6,15866,0.00037816714988024705
blancs,6,15866,0.00037816714988024705
variation,6,15866,0.00037816714988024705
noix,6,15866,0.00037816714988024705
grandeur,6,15866,0.00037816714988024705
potage,6,15866,0.00037816714988024705
arroser,6,15866,0.00037816714988024705
crèmes,6,15866,0.00037816714988024705
menus,6,15866,0.00037816714988024705
poitrine,6,15866,0.00037816714988024705
l’alimentation,6,15866,0.00037816714988024705
coupées,6,15866,0.00037816714988024705
l’entrée,5,15866,0.00031513929156687257
froid,5,15866,0.00031513929156687257
surtout,5,15866,0.00031513929156687257
bois,5,15866,0.00031513929156687257
commence,5,15866,0.00031513929156687257
beaucoup,5,15866,0.00031513929156687257
huîtres,5,15866,0.00031513929156687257
moule,5,15866,0.00031513929156687257
complètement,5,15866,0.00031513929156687257
estragon,5,15866,0.00031513929156687257
pudding,5,15866,0.00031513929156687257
14,5,15866,0.00031513929156687257
pièce,5,15866,0.00031513929156687257
26,5,15866,0.00031513929156687257
rouges,5,15866,0.00031513929156687257
manière,5,15866,0.00031513929156687257
l’une,5,15866,0.00031513929156687257
détailler,5,15866,0.00031513929156687257
couleur,5,15866,0.00031513929156687257
farcies,5,15866,0.00031513929156687257
sortir,5,15866,0.00031513929156687257
complète,5,15866,0.00031513929156687257
cerfeuil,5,15866,0.00031513929156687257
75,5,15866,0.00031513929156687257
sous,5,15866,0.00031513929156687257
dit,5,15866,0.00031513929156687257
dire,5,15866,0.00031513929156687257
généralement,5,15866,0.00031513929156687257
taillé,5,15866,0.00031513929156687257
000,5,15866,0.00031513929156687257
provence,5,15866,0.00031513929156687257
moutarde,5,15866,0.00031513929156687257
trop,5,15866,0.00031513929156687257
certains,5,15866,0.00031513929156687257
procéder,5,15866,0.00031513929156687257
trouve,5,15866,0.00031513929156687257
mollets,5,15866,0.00031513929156687257
taillés,5,15866,0.00031513929156687257
directement,5,15866,0.00031513929156687257
secondes,5,15866,0.00031513929156687257
fraîches,5,15866,0.00031513929156687257
épinards,5,15866,0.00031513929156687257
choix,5,15866,0.00031513929156687257
excellent,5,15866,0.00031513929156687257
soin,5,15866,0.00031513929156687257
diviser,5,15866,0.00031513929156687257
d’oeufs,5,15866,0.00031513929156687257
recettes,5,15866,0.00031513929156687257
mûres,5,15866,0.00031513929156687257
livre,5,15866,0.00031513929156687257
étant,5,15866,0.00031513929156687257
laver,5,15866,0.00031513929156687257
égale,5,15866,0.00031513929156687257
fortement,5,15866,0.00031513929156687257
poissons,5,15866,0.00031513929156687257
grand,5,15866,0.00031513929156687257
pot,5,15866,0.00031513929156687257
pointes,5,15866,0.00031513929156687257
gâteau,5,15866,0.00031513929156687257
doivent,5,15866,0.00031513929156687257
avantageusement,5,15866,0.00031513929156687257
11,5,15866,0.00031513929156687257
kirsch,5,15866,0.00031513929156687257
fins,5,15866,0.00031513929156687257
morceau,5,15866,0.00031513929156687257
goût,5,15866,0.00031513929156687257
d’anchois,5,15866,0.00031513929156687257
timbale,5,15866,0.00031513929156687257
nettoyer,5,15866,0.00031513929156687257
graisse,5,15866,0.00031513929156687257
c,5,15866,0.00031513929156687257
blanches,5,15866,0.00031513929156687257
jour,5,15866,0.00031513929156687257
leurs,5,15866,0.00031513929156687257
égoutter,4,15866,0.00025211143325349803
têtes,4,15866,0.00025211143325349803
belles,4,15866,0.00025211143325349803
meilleures,4,15866,0.00025211143325349803
suprêmes,4,15866,0.00025211143325349803
double,4,15866,0.00025211143325349803
conditions,4,15866,0.00025211143325349803
avoir,4,15866,0.00025211143325349803
langoustes,4,15866,0.00025211143325349803
fourchette,4,15866,0.00025211143325349803
table,4,15866,0.00025211143325349803
incorporer,4,15866,0.00025211143325349803
écrasés,4,15866,0.00025211143325349803
confectionner,4,15866,0.00025211143325349803
procédant,4,15866,0.00025211143325349803
jusqu’à,4,15866,0.00025211143325349803
porc,4,15866,0.00025211143325349803
déjeuner,4,15866,0.00025211143325349803
ciboulette,4,15866,0.00025211143325349803
merlan,4,15866,0.00025211143325349803
mélangé,4,15866,0.00025211143325349803
chaleur,4,15866,0.00025211143325349803
régime,4,15866,0.00025211143325349803
t,4,15866,0.00025211143325349803
américaine,4,15866,0.00025211143325349803
conserve,4,15866,0.00025211143325349803
grain,4,15866,0.00025211143325349803
indiquées,4,15866,0.00025211143325349803
ordinaire,4,15866,0.00025211143325349803
question,4,15866,0.00025211143325349803
13,4,15866,0.00025211143325349803
sauf,4,15866,0.00025211143325349803
qu,4,15866,0.00025211143325349803
presser,4,15866,0.00025211143325349803
gibiers,4,15866,0.00025211143325349803
composition,4,15866,0.00025211143325349803
arêtes,4,15866,0.00025211143325349803
ananas,4,15866,0.00025211143325349803
lit,4,15866,0.00025211143325349803
servi,4,15866,0.00025211143325349803
couche,4,15866,0.00025211143325349803
simple,4,15866,0.00025211143325349803
masquer,4,15866,0.00025211143325349803
centre,4,15866,0.00025211143325349803
moment,4,15866,0.00025211143325349803
additionnée,4,15866,0.00025211143325349803
intestinale,4,15866,0.00025211143325349803
émincées,4,15866,0.00025211143325349803
grenouilles,4,15866,0.00025211143325349803
moins,4,15866,0.00025211143325349803
obtenir,4,15866,0.00025211143325349803
huit,4,15866,0.00025211143325349803
salades,4,15866,0.00025211143325349803
pocher,4,15866,0.00025211143325349803
société,4,15866,0.00025211143325349803
économique,4,15866,0.00025211143325349803
54,4,15866,0.00025211143325349803
28,4,15866,0.00025211143325349803
mêmes,4,15866,0.00025211143325349803
sole,4,15866,0.00025211143325349803
ébullition,4,15866,0.00025211143325349803
palets,4,15866,0.00025211143325349803
lorsque,4,15866,0.00025211143325349803
celles,4,15866,0.00025211143325349803
france,4,15866,0.00025211143325349803
merlans,4,15866,0.00025211143325349803
nom,4,15866,0.00025211143325349803
fermière,4,15866,0.00025211143325349803
expliqué,4,15866,0.00025211143325349803
fournisseur,4,15866,0.00025211143325349803
cependant,4,15866,0.00025211143325349803
mélanger,4,15866,0.00025211143325349803
qu’ils,4,15866,0.00025211143325349803
emploi,4,15866,0.00025211143325349803
nouvelles,4,15866,0.00025211143325349803
mouillé,4,15866,0.00025211143325349803
rissoler,4,15866,0.00025211143325349803
muscade,4,15866,0.00025211143325349803
fouet,4,15866,0.00025211143325349803
anglaise,4,15866,0.00025211143325349803
seine,4,15866,0.00025211143325349803
43,4,15866,0.00025211143325349803
beurré,4,15866,0.00025211143325349803
compote,4,15866,0.00025211143325349803
condé,4,15866,0.00025211143325349803
notre,4,15866,0.00025211143325349803
mon,4,15866,0.00025211143325349803
alimentation,4,15866,0.00025211143325349803
fortes,4,15866,0.00025211143325349803
nombreuses,4,15866,0.00025211143325349803
soupçon,4,15866,0.00025211143325349803
assez,4,15866,0.00025211143325349803
n’a,4,15866,0.00025211143325349803
bouilli,4,15866,0.00025211143325349803
mie,4,15866,0.00025211143325349803
soufflé,4,15866,0.00025211143325349803
jamais,4,15866,0.00025211143325349803
préparée,4,15866,0.00025211143325349803
d’asperges,4,15866,0.00025211143325349803
remplir,4,15866,0.00025211143325349803
i,4,15866,0.00025211143325349803
réduire,4,15866,0.00025211143325349803
fonds,4,15866,0.00025211143325349803
ayant,4,15866,0.00025211143325349803
foies,4,15866,0.00025211143325349803
intérêt,4,15866,0.00025211143325349803
lentement,4,15866,0.00025211143325349803
tamis,4,15866,0.00025211143325349803
carottes,4,15866,0.00025211143325349803
piémont,4,15866,0.00025211143325349803
n’est,4,15866,0.00025211143325349803
lequel,4,15866,0.00025211143325349803
rizières,4,15866,0.00025211143325349803
culinaires,4,15866,0.00025211143325349803
accompagner,4,15866,0.00025211143325349803
cuite,4,15866,0.00025211143325349803
divers,4,15866,0.00025211143325349803
besoin,4,15866,0.00025211143325349803
600,4,15866,0.00025211143325349803
pâte,4,15866,0.00025211143325349803
thym,4,15866,0.00025211143325349803
vide,4,15866,0.00025211143325349803
voulue,4,15866,0.00025211143325349803
dessus,4,15866,0.00025211143325349803
61,4,15866,0.00025211143325349803
raisin,4,15866,0.00025211143325349803
chacun,4,15866,0.00025211143325349803
boucherie,4,15866,0.00025211143325349803
constipation,3,15866,0.00018908357494012352
d’être,3,15866,0.00018908357494012352
j,3,15866,0.00018908357494012352
tel,3,15866,0.00018908357494012352
légumier,3,15866,0.00018908357494012352
cocotte,3,15866,0.00018908357494012352
formule,3,15866,0.00018908357494012352
neige,3,15866,0.00018908357494012352
demande,3,15866,0.00018908357494012352
ris,3,15866,0.00018908357494012352
maison,3,15866,0.00018908357494012352
pays,3,15866,0.00018908357494012352
brindilles,3,15866,0.00018908357494012352
émincés,3,15866,0.00018908357494012352
avenue,3,15866,0.00018908357494012352
turcs,3,15866,0.00018908357494012352
l’ébullition,3,15866,0.00018908357494012352
sécher,3,15866,0.00018908357494012352
gibier,3,15866,0.00018908357494012352
contraire,3,15866,0.00018908357494012352
égoutté,3,15866,0.00018908357494012352
pelure,3,15866,0.00018908357494012352
bain,3,15866,0.00018908357494012352
composé,3,15866,0.00018908357494012352
fraises,3,15866,0.00018908357494012352
piments,3,15866,0.00018908357494012352
thon,3,15866,0.00018908357494012352
milanaise,3,15866,0.00018908357494012352
kilog,3,15866,0.00018908357494012352
saveur,3,15866,0.00018908357494012352
paupiettes,3,15866,0.00018908357494012352
jeter,3,15866,0.00018908357494012352
63,3,15866,0.00018908357494012352
pattes,3,15866,0.00018908357494012352
gros,3,15866,0.00018908357494012352
donc,3,15866,0.00018908357494012352
d’excellents,3,15866,0.00018908357494012352
gastro,3,15866,0.00018908357494012352
culinaire,3,15866,0.00018908357494012352
24,3,15866,0.00018908357494012352
manger,3,15866,0.00018908357494012352
graines,3,15866,0.00018908357494012352
gratiner,3,15866,0.00018908357494012352
19,3,15866,0.00018908357494012352
marmite,3,15866,0.00018908357494012352
800,3,15866,0.00018908357494012352
fécule,3,15866,0.00018908357494012352
paysanne,3,15866,0.00018908357494012352
l’orientale,3,15866,0.00018908357494012352
hachis,3,15866,0.00018908357494012352
barde,3,15866,0.00018908357494012352
émincer,3,15866,0.00018908357494012352
finir,3,15866,0.00018908357494012352
•,3,15866,0.00018908357494012352
raison,3,15866,0.00018908357494012352
môme,3,15866,0.00018908357494012352
donne,3,15866,0.00018908357494012352
commencent,3,15866,0.00018908357494012352
nous,3,15866,0.00018908357494012352
marasquin,3,15866,0.00018908357494012352
l’appareil,3,15866,0.00018908357494012352
garni,3,15866,0.00018908357494012352
41,3,15866,0.00018908357494012352
pomme,3,15866,0.00018908357494012352
confiture,3,15866,0.00018908357494012352
n’en,3,15866,0.00018908357494012352
froide,3,15866,0.00018908357494012352
marie,3,15866,0.00018908357494012352
place,3,15866,0.00018908357494012352
égaliser,3,15866,0.00018908357494012352
9,3,15866,0.00018908357494012352
précédent,3,15866,0.00018908357494012352
bâton,3,15866,0.00018908357494012352
varier,3,15866,0.00018908357494012352
23,3,15866,0.00018908357494012352
linge,3,15866,0.00018908357494012352
moyenne,3,15866,0.00018908357494012352
confits,3,15866,0.00018908357494012352
l’indienne,3,15866,0.00018908357494012352
tels,3,15866,0.00018908357494012352
sautées,3,15866,0.00018908357494012352
tableau,3,15866,0.00018908357494012352
8°,3,15866,0.00018908357494012352
compte,3,15866,0.00018908357494012352
coq,3,15866,0.00018908357494012352
44,3,15866,0.00018908357494012352
pièces,3,15866,0.00018908357494012352
tant,3,15866,0.00018908357494012352
55,3,15866,0.00018908357494012352
l’anguille,3,15866,0.00018908357494012352
46,3,15866,0.00018908357494012352
dits,3,15866,0.00018908357494012352
pièmontaise,3,15866,0.00018908357494012352
enlever,3,15866,0.00018908357494012352
cèpes,3,15866,0.00018908357494012352
pouvoir,3,15866,0.00018908357494012352
longueur,3,15866,0.00018908357494012352
souvent,3,15866,0.00018908357494012352
obtient,3,15866,0.00018908357494012352
restant,3,15866,0.00018908357494012352
français,3,15866,0.00018908357494012352
tendre,3,15866,0.00018908357494012352
laitues,3,15866,0.00018908357494012352
délayer,3,15866,0.00018908357494012352
65,3,15866,0.00018908357494012352
léger,3,15866,0.00018908357494012352
66,3,15866,0.00018908357494012352
brider,3,15866,0.00018908357494012352
guide,3,15866,0.00018908357494012352
heure,3,15866,0.00018908357494012352
décortiquées,3,15866,0.00018908357494012352
pris,3,15866,0.00018908357494012352
l’arroser,3,15866,0.00018908357494012352
ceufs,3,15866,0.00018908357494012352
plusieurs,3,15866,0.00018908357494012352
orange,3,15866,0.00018908357494012352
cela,3,15866,0.00018908357494012352
vapeur,3,15866,0.00018908357494012352
simplement,3,15866,0.00018908357494012352
rhum,3,15866,0.00018908357494012352
étuver,3,15866,0.00018908357494012352
400,3,15866,0.00018908357494012352
pages,3,15866,0.00018908357494012352
abricots,3,15866,0.00018908357494012352
serviette,3,15866,0.00018908357494012352
échalotes,3,15866,0.00018908357494012352
hauteur,3,15866,0.00018908357494012352
80,3,15866,0.00018908357494012352
59,3,15866,0.00018908357494012352
girofle,3,15866,0.00018908357494012352
45,3,15866,0.00018908357494012352
quelquefois,3,15866,0.00018908357494012352
daudens,3,15866,0.00018908357494012352
pelée,3,15866,0.00018908357494012352
rondelles,3,15866,0.00018908357494012352
guise,3,15866,0.00018908357494012352
dressés,3,15866,0.00018908357494012352
70,3,15866,0.00018908357494012352
débrider,3,15866,0.00018908357494012352
entrées,3,15866,0.00018908357494012352
supprimer,3,15866,0.00018908357494012352
hachée,3,15866,0.00018908357494012352
usage,3,15866,0.00018908357494012352
39,3,15866,0.00018908357494012352
parfumé,3,15866,0.00018908357494012352
dessert,3,15866,0.00018908357494012352
blanquette,3,15866,0.00018908357494012352
auquel,3,15866,0.00018908357494012352
éléments,3,15866,0.00018908357494012352
séparément,3,15866,0.00018908357494012352
anguilles,3,15866,0.00018908357494012352
2°,3,15866,0.00018908357494012352
absorbé,3,15866,0.00018908357494012352
farines,3,15866,0.00018908357494012352
nutritif,3,15866,0.00018908357494012352
jours,3,15866,0.00018908357494012352
pilaws,3,15866,0.00018908357494012352
spéciale,3,15866,0.00018908357494012352
puits,3,15866,0.00018908357494012352
couper,3,15866,0.00018908357494012352
ils,3,15866,0.00018908357494012352
roses,3,15866,0.00018908357494012352
jambon,3,15866,0.00018908357494012352
comestibles,3,15866,0.00018908357494012352
17,3,15866,0.00018908357494012352
indochine,3,15866,0.00018908357494012352
relevée,3,15866,0.00018908357494012352
ravigote,3,15866,0.00018908357494012352
90,3,15866,0.00018908357494012352
spécialités,3,15866,0.00018908357494012352
flammarion,3,15866,0.00018908357494012352
noires,3,15866,0.00018908357494012352
démouler,3,15866,0.00018908357494012352
chaque,3,15866,0.00018908357494012352
in,3,15866,0.00018908357494012352
queues,3,15866,0.00018908357494012352
complet,3,15866,0.00018908357494012352
croquettes,3,15866,0.00018908357494012352
coupés,3,15866,0.00018908357494012352
entre,3,15866,0.00018908357494012352
fond,3,15866,0.00018908357494012352
autres,3,15866,0.00018908357494012352
former,3,15866,0.00018908357494012352
piler,3,15866,0.00018908357494012352
meilleur,3,15866,0.00018908357494012352
perd,3,15866,0.00018908357494012352
bonne,3,15866,0.00018908357494012352
première,3,15866,0.00018908357494012352
1997,3,15866,0.00018908357494012352
soupes,3,15866,0.00018908357494012352
durs,3,15866,0.00018908357494012352
purées,3,15866,0.00018908357494012352
extra,3,15866,0.00018908357494012352
16,3,15866,0.00018908357494012352
diabétiques,3,15866,0.00018908357494012352
intérieur,3,15866,0.00018908357494012352
accompagnées,3,15866,0.00018908357494012352
carapace,3,15866,0.00018908357494012352
pochées,3,15866,0.00018908357494012352
saler,3,15866,0.00018908357494012352
mentionnées,3,15866,0.00018908357494012352
épépinée,3,15866,0.00018908357494012352
entier,2,15866,0.00012605571662674902
traité,2,15866,0.00012605571662674902
crêtes,2,15866,0.00012605571662674902
économie,2,15866,0.00012605571662674902
sera,2,15866,0.00012605571662674902
b,2,15866,0.00012605571662674902
combustible,2,15866,0.00012605571662674902
260,2,15866,0.00012605571662674902
concombre,2,15866,0.00012605571662674902
indienne,2,15866,0.00012605571662674902
monter,2,15866,0.00012605571662674902
classes,2,15866,0.00012605571662674902
morilles,2,15866,0.00012605571662674902
braiser,2,15866,0.00012605571662674902
compositions,2,15866,0.00012605571662674902
cerises,2,15866,0.00012605571662674902
mouler,2,15866,0.00012605571662674902
kub,2,15866,0.00012605571662674902
vicomtesse,2,15866,0.00012605571662674902
pression,2,15866,0.00012605571662674902
émincé,2,15866,0.00012605571662674902
relevé,2,15866,0.00012605571662674902
d’autres,2,15866,0.00012605571662674902
quesnoy,2,15866,0.00012605571662674902
dessous,2,15866,0.00012605571662674902
éponger,2,15866,0.00012605571662674902
ün,2,15866,0.00012605571662674902
victor,2,15866,0.00012605571662674902
gratin,2,15866,0.00012605571662674902
dépouiller,2,15866,0.00012605571662674902
écrevisses,2,15866,0.00012605571662674902
peau,2,15866,0.00012605571662674902
roussir,2,15866,0.00012605571662674902
particulièrement,2,15866,0.00012605571662674902
d’abricots,2,15866,0.00012605571662674902
digestibilité,2,15866,0.00012605571662674902
assaisonnées,2,15866,0.00012605571662674902
genre,2,15866,0.00012605571662674902
53,2,15866,0.00012605571662674902
relevés,2,15866,0.00012605571662674902
alimentaire,2,15866,0.00012605571662674902
grillées,2,15866,0.00012605571662674902
dorer,2,15866,0.00012605571662674902
substances,2,15866,0.00012605571662674902
125,2,15866,0.00012605571662674902
ia,2,15866,0.00012605571662674902
27,2,15866,0.00012605571662674902
l’addition,2,15866,0.00012605571662674902
moyen,2,15866,0.00012605571662674902
légumineuses,2,15866,0.00012605571662674902
d’estragon,2,15866,0.00012605571662674902
garnitures,2,15866,0.00012605571662674902
battu,2,15866,0.00012605571662674902
nombreux,2,15866,0.00012605571662674902
l’observation,2,15866,0.00012605571662674902
vivement,2,15866,0.00012605571662674902
abricot,2,15866,0.00012605571662674902
odette,2,15866,0.00012605571662674902
ceci,2,15866,0.00012605571662674902
rouge,2,15866,0.00012605571662674902
vue,2,15866,0.00012605571662674902
brochure,2,15866,0.00012605571662674902
grillés,2,15866,0.00012605571662674902
tiède,2,15866,0.00012605571662674902
brune,2,15866,0.00012605571662674902
vigne,2,15866,0.00012605571662674902
vente,2,15866,0.00012605571662674902
prix,2,15866,0.00012605571662674902
intestinales,2,15866,0.00012605571662674902
l’émincé,2,15866,0.00012605571662674902
suivante,2,15866,0.00012605571662674902
tranche,2,15866,0.00012605571662674902
rémoulade,2,15866,0.00012605571662674902
modérée,2,15866,0.00012605571662674902
lavé,2,15866,0.00012605571662674902
ajoutent,2,15866,0.00012605571662674902
dégraisser,2,15866,0.00012605571662674902
truffé,2,15866,0.00012605571662674902
vif,2,15866,0.00012605571662674902
kléber,2,15866,0.00012605571662674902
rafraîchi,2,15866,0.00012605571662674902
repas,2,15866,0.00012605571662674902
fatigue,2,15866,0.00012605571662674902
qu’elle,2,15866,0.00012605571662674902
avantages,2,15866,0.00012605571662674902
parfumer,2,15866,0.00012605571662674902
câpres,2,15866,0.00012605571662674902
reprint,2,15866,0.00012605571662674902
tige,2,15866,0.00012605571662674902
grises,2,15866,0.00012605571662674902
ciselés,2,15866,0.00012605571662674902
ronde,2,15866,0.00012605571662674902
enrober,2,15866,0.00012605571662674902
33000,2,15866,0.00012605571662674902
carlo,2,15866,0.00012605571662674902
saurait,2,15866,0.00012605571662674902
bonnes,2,15866,0.00012605571662674902
mis,2,15866,0.00012605571662674902
important,2,15866,0.00012605571662674902
écrasée,2,15866,0.00012605571662674902
intéressant,2,15866,0.00012605571662674902
parfois,2,15866,0.00012605571662674902
usitées,2,15866,0.00012605571662674902
beurrée,2,15866,0.00012605571662674902
ri,2,15866,0.00012605571662674902
vraie,2,15866,0.00012605571662674902
avantage,2,15866,0.00012605571662674902
bienfaisante,2,15866,0.00012605571662674902
infuser,2,15866,0.00012605571662674902
uniquement,2,15866,0.00012605571662674902
charlotte,2,15866,0.00012605571662674902
juliette,2,15866,0.00012605571662674902
employée,2,15866,0.00012605571662674902
centrales,2,15866,0.00012605571662674902
bientôt,2,15866,0.00012605571662674902
vingt,2,15866,0.00012605571662674902
saison,2,15866,0.00012605571662674902
carcasse,2,15866,0.00012605571662674902
portugaise,2,15866,0.00012605571662674902
l’assaisonnement,2,15866,0.00012605571662674902
parmi,2,15866,0.00012605571662674902
certaines,2,15866,0.00012605571662674902
monte,2,15866,0.00012605571662674902
faisant,2,15866,0.00012605571662674902
mouillement,2,15866,0.00012605571662674902
extraire,2,15866,0.00012605571662674902
s’y,2,15866,0.00012605571662674902
central,2,15866,0.00012605571662674902
dois,2,15866,0.00012605571662674902
étendus,2,15866,0.00012605571662674902
aujourd’hui,2,15866,0.00012605571662674902
dur,2,15866,0.00012605571662674902
douzaine,2,15866,0.00012605571662674902
grandes,2,15866,0.00012605571662674902
windsor,2,15866,0.00012605571662674902
parfait,2,15866,0.00012605571662674902
napper,2,15866,0.00012605571662674902
recouvrir,2,15866,0.00012605571662674902
minces,2,15866,0.00012605571662674902
tomber,2,15866,0.00012605571662674902
piqué,2,15866,0.00012605571662674902
détacher,2,15866,0.00012605571662674902
dernière,2,15866,0.00012605571662674902
vitamines,2,15866,0.00012605571662674902
nombre,2,15866,0.00012605571662674902
ménagères,2,15866,0.00012605571662674902
gombos,2,15866,0.00012605571662674902
chipolata,2,15866,0.00012605571662674902
trouvent,2,15866,0.00012605571662674902
agent,2,15866,0.00012605571662674902
passées,2,15866,0.00012605571662674902
l’intérieur,2,15866,0.00012605571662674902
douce,2,15866,0.00012605571662674902
tenue,2,15866,0.00012605571662674902
réaliser,2,15866,0.00012605571662674902
recommandable,2,15866,0.00012605571662674902
constitue,2,15866,0.00012605571662674902
cuisses,2,15866,0.00012605571662674902
apprécié,2,15866,0.00012605571662674902
pourrait,2,15866,0.00012605571662674902
1°,2,15866,0.00012605571662674902
zeste,2,15866,0.00012605571662674902
ta,2,15866,0.00012605571662674902
chinois,2,15866,0.00012605571662674902
oeuvre,2,15866,0.00012605571662674902
toulousaine,2,15866,0.00012605571662674902
vivants,2,15866,0.00012605571662674902
sucrée,2,15866,0.00012605571662674902
l’édition,2,15866,0.00012605571662674902
g2,2,15866,0.00012605571662674902
gourmet,2,15866,0.00012605571662674902
basse,2,15866,0.00012605571662674902
débarrassés,2,15866,0.00012605571662674902
femme,2,15866,0.00012605571662674902
destinée,2,15866,0.00012605571662674902
légume,2,15866,0.00012605571662674902
mesure,2,15866,0.00012605571662674902
divisé,2,15866,0.00012605571662674902
étaler,2,15866,0.00012605571662674902
déjà,2,15866,0.00012605571662674902
hacher,2,15866,0.00012605571662674902
poireau,2,15866,0.00012605571662674902
digestion,2,15866,0.00012605571662674902
s’associe,2,15866,0.00012605571662674902
poires,2,15866,0.00012605571662674902
orientaux,2,15866,0.00012605571662674902
38,2,15866,0.00012605571662674902
22,2,15866,0.00012605571662674902
faculté,2,15866,0.00012605571662674902
l’usage,2,15866,0.00012605571662674902
lanières,2,15866,0.00012605571662674902
remplaçant,2,15866,0.00012605571662674902
préparées,2,15866,0.00012605571662674902
habitants,2,15866,0.00012605571662674902
batterie,2,15866,0.00012605571662674902
indiens,2,15866,0.00012605571662674902
d’indochine,2,15866,0.00012605571662674902
lentilles,2,15866,0.00012605571662674902
cultive,2,15866,0.00012605571662674902
près,2,15866,0.00012605571662674902
qualité,2,15866,0.00012605571662674902
téléphone,2,15866,0.00012605571662674902
faut,2,15866,0.00012605571662674902
ninon,2,15866,0.00012605571662674902
contient,2,15866,0.00012605571662674902
crustacé,2,15866,0.00012605571662674902
creux,2,15866,0.00012605571662674902
mijoter,2,15866,0.00012605571662674902
gilbert,2,15866,0.00012605571662674902
chocolat,2,15866,0.00012605571662674902
procédé,2,15866,0.00012605571662674902
mouille,2,15866,0.00012605571662674902
égouttée,2,15866,0.00012605571662674902
frire,2,15866,0.00012605571662674902
liés,2,15866,0.00012605571662674902
potiron,2,15866,0.00012605571662674902
seule,2,15866,0.00012605571662674902
xavier,2,15866,0.00012605571662674902
immédiatement,2,15866,0.00012605571662674902
marseille,2,15866,0.00012605571662674902
meringuées,2,15866,0.00012605571662674902
goutte,2,15866,0.00012605571662674902
peintre,2,15866,0.00012605571662674902
établissements,2,15866,0.00012605571662674902
pratique,2,15866,0.00012605571662674902
1b0,2,15866,0.00012605571662674902
vinaigrette,2,15866,0.00012605571662674902
jm,2,15866,0.00012605571662674902
l’agneau,2,15866,0.00012605571662674902
catalane,2,15866,0.00012605571662674902
francillon,2,15866,0.00012605571662674902
37,2,15866,0.00012605571662674902
cuisent,2,15866,0.00012605571662674902
macérées,2,15866,0.00012605571662674902
chacune,2,15866,0.00012605571662674902
fondre,2,15866,0.00012605571662674902
cognac,2,15866,0.00012605571662674902
couverte,2,15866,0.00012605571662674902
digestions,2,15866,0.00012605571662674902
naise,2,15866,0.00012605571662674902
jeunes,2,15866,0.00012605571662674902
saupoudrée,2,15866,0.00012605571662674902
assiette,2,15866,0.00012605571662674902
béatrice,2,15866,0.00012605571662674902
découper,2,15866,0.00012605571662674902
absorber,2,15866,0.00012605571662674902
editions,2,15866,0.00012605571662674902
résulte,2,15866,0.00012605571662674902
observation,2,15866,0.00012605571662674902
l’intestin,2,15866,0.00012605571662674902
disposition,2,15866,0.00012605571662674902
hydrocarbonées,2,15866,0.00012605571662674902
meringue,2,15866,0.00012605571662674902
n’y,2,15866,0.00012605571662674902
d’après,2,15866,0.00012605571662674902
assaisonnés,2,15866,0.00012605571662674902
ordre,2,15866,0.00012605571662674902
bardes,2,15866,0.00012605571662674902
méridionales,2,15866,0.00012605571662674902
choses,2,15866,0.00012605571662674902
œuf,2,15866,0.00012605571662674902
indispensable,2,15866,0.00012605571662674902
famille,2,15866,0.00012605571662674902
aide,2,15866,0.00012605571662674902
gousse,2,15866,0.00012605571662674902
été,2,15866,0.00012605571662674902
comparatif,2,15866,0.00012605571662674902
méditerranée,2,15866,0.00012605571662674902
quantités,2,15866,0.00012605571662674902
pierre,2,15866,0.00012605571662674902
"n""",2,15866,0.00012605571662674902
clairs,2,15866,0.00012605571662674902
&lt,2,15866,0.00012605571662674902
aliments,2,15866,0.00012605571662674902
écrasé,2,15866,0.00012605571662674902
favorite,2,15866,0.00012605571662674902
pains,2,15866,0.00012605571662674902
quarts,2,15866,0.00012605571662674902
régulateur,2,15866,0.00012605571662674902
n’empêche,2,15866,0.00012605571662674902
l’année,2,15866,0.00012605571662674902
escalopes,2,15866,0.00012605571662674902
henriette,2,15866,0.00012605571662674902
zola,2,15866,0.00012605571662674902
fort,2,15866,0.00012605571662674902
constituent,2,15866,0.00012605571662674902
céréales,2,15866,0.00012605571662674902
halles,2,15866,0.00012605571662674902
adresse,2,15866,0.00012605571662674902
d’anguilles,2,15866,0.00012605571662674902
95,2,15866,0.00012605571662674902
santé,2,15866,0.00012605571662674902
pinces,2,15866,0.00012605571662674902
boisson,2,15866,0.00012605571662674902
autant,2,15866,0.00012605571662674902
consommation,2,15866,0.00012605571662674902
nettoyée,2,15866,0.00012605571662674902
hiver,2,15866,0.00012605571662674902
fêtes,2,15866,0.00012605571662674902
braisés,2,15866,0.00012605571662674902
concassées,2,15866,0.00012605571662674902
tronçons,2,15866,0.00012605571662674902
japonais,2,15866,0.00012605571662674902
égales,2,15866,0.00012605571662674902
l’emploi,2,15866,0.00012605571662674902
douzaines,2,15866,0.00012605571662674902
reste,2,15866,0.00012605571662674902
agréable,2,15866,0.00012605571662674902
serbe,2,15866,0.00012605571662674902
vii,2,15866,0.00012605571662674902
l’étaler,2,15866,0.00012605571662674902
côtés,2,15866,0.00012605571662674902
58,2,15866,0.00012605571662674902
elles,2,15866,0.00012605571662674902
farcis,2,15866,0.00012605571662674902
49,2,15866,0.00012605571662674902
braisées,2,15866,0.00012605571662674902
48,2,15866,0.00012605571662674902
composée,2,15866,0.00012605571662674902
duchesse,2,15866,0.00012605571662674902
plate,2,15866,0.00012605571662674902
bourses,2,15866,0.00012605571662674902
maisons,2,15866,0.00012605571662674902
usine,2,15866,0.00012605571662674902
perdre,2,15866,0.00012605571662674902
épaisse,2,15866,0.00012605571662674902
fétu,2,15866,0.00012605571662674902
pouding,2,15866,0.00012605571662674902
vraiment,2,15866,0.00012605571662674902
me,2,15866,0.00012605571662674902
0,2,15866,0.00012605571662674902
suivantes,2,15866,0.00012605571662674902
marques,2,15866,0.00012605571662674902
enfants,2,15866,0.00012605571662674902
impératrice,2,15866,0.00012605571662674902
poche,2,15866,0.00012605571662674902
délicieux,2,15866,0.00012605571662674902
plonger,2,15866,0.00012605571662674902
banane,2,15866,0.00012605571662674902
passé,2,15866,0.00012605571662674902
restaurants,2,15866,0.00012605571662674902
retroussées,2,15866,0.00012605571662674902
68,2,15866,0.00012605571662674902
d’heure,2,15866,0.00012605571662674902
préférable,2,15866,0.00012605571662674902
saupoudré,2,15866,0.00012605571662674902
refroidir,2,15866,0.00012605571662674902
méthodes,2,15866,0.00012605571662674902
fendre,2,15866,0.00012605571662674902
agréablement,2,15866,0.00012605571662674902
ancienne,2,15866,0.00012605571662674902
milieu,2,15866,0.00012605571662674902
médecine,2,15866,0.00012605571662674902
haricots,2,15866,0.00012605571662674902
fonte,2,15866,0.00012605571662674902
conserves,2,15866,0.00012605571662674902
mariné,2,15866,0.00012605571662674902
dizaine,2,15866,0.00012605571662674902
pilés,2,15866,0.00012605571662674902
intimement,2,15866,0.00012605571662674902
méthode,2,15866,0.00012605571662674902
couronne,2,15866,0.00012605571662674902
figurer,2,15866,0.00012605571662674902
épaule,2,15866,0.00012605571662674902
spécial,2,15866,0.00012605571662674902
oeufs,2,15866,0.00012605571662674902
débarrassées,2,15866,0.00012605571662674902
accompagne,2,15866,0.00012605571662674902
produits,2,15866,0.00012605571662674902
longtemps,2,15866,0.00012605571662674902
pochée,2,15866,0.00012605571662674902
liaison,2,15866,0.00012605571662674902
effet,2,15866,0.00012605571662674902
l’œuf,2,15866,0.00012605571662674902
laquelle,2,15866,0.00012605571662674902
simples,2,15866,0.00012605571662674902
52,2,15866,0.00012605571662674902
nombreuse,2,15866,0.00012605571662674902
épiciers,2,15866,0.00012605571662674902
saumon,2,15866,0.00012605571662674902
fontenay,2,15866,0.00012605571662674902
85,2,15866,0.00012605571662674902
lætitia,2,15866,0.00012605571662674902
d’écrevisses,2,15866,0.00012605571662674902
fraîchement,2,15866,0.00012605571662674902
indiquée,2,15866,0.00012605571662674902
colorer,2,15866,0.00012605571662674902
ménage,2,15866,0.00012605571662674902
tartare,2,15866,0.00012605571662674902
intéressante,2,15866,0.00012605571662674902
proportion,2,15866,0.00012605571662674902
trouvera,2,15866,0.00012605571662674902
3°,2,15866,0.00012605571662674902
clou,2,15866,0.00012605571662674902
horizontalement,2,15866,0.00012605571662674902
bordeaux,2,15866,0.00012605571662674902
agora,2,15866,0.00012605571662674902
langue,2,15866,0.00012605571662674902
mentionné,2,15866,0.00012605571662674902
action,2,15866,0.00012605571662674902
anciens,2,15866,0.00012605571662674902
dressage,2,15866,0.00012605571662674902
considéré,2,15866,0.00012605571662674902
l’un,2,15866,0.00012605571662674902
fermer,2,15866,0.00012605571662674902
depuis,2,15866,0.00012605571662674902
1927,2,15866,0.00012605571662674902
escoffier,2,15866,0.00012605571662674902
courante,2,15866,0.00012605571662674902
employer,2,15866,0.00012605571662674902
fruit,2,15866,0.00012605571662674902
établi,2,15866,0.00012605571662674902
persane,2,15866,0.00012605571662674902
nouveau,2,15866,0.00012605571662674902
rosita,2,15866,0.00012605571662674902
renommée,2,15866,0.00012605571662674902
turque,2,15866,0.00012605571662674902
nutritives,2,15866,0.00012605571662674902
moulu,2,15866,0.00012605571662674902
discernement,1,15866,6.302785831337451e-05
entéri,1,15866,6.302785831337451e-05
énorme,1,15866,6.302785831337451e-05
ajoutés,1,15866,6.302785831337451e-05
sucrées,1,15866,6.302785831337451e-05
faciliter,1,15866,6.302785831337451e-05
d’idées,1,15866,6.302785831337451e-05
sérieux,1,15866,6.302785831337451e-05
cause,1,15866,6.302785831337451e-05
azotées,1,15866,6.302785831337451e-05
accommoder,1,15866,6.302785831337451e-05
bibliotheque,1,15866,6.302785831337451e-05
d’abricot,1,15866,6.302785831337451e-05
dc,1,15866,6.302785831337451e-05
délicieuse,1,15866,6.302785831337451e-05
combinaisons,1,15866,6.302785831337451e-05
courte,1,15866,6.302785831337451e-05
crois,1,15866,6.302785831337451e-05
professeur,1,15866,6.302785831337451e-05
~,1,15866,6.302785831337451e-05
employés,1,15866,6.302785831337451e-05
qn’il,1,15866,6.302785831337451e-05
réduites,1,15866,6.302785831337451e-05
explique,1,15866,6.302785831337451e-05
isst,1,15866,6.302785831337451e-05
maquereau,1,15866,6.302785831337451e-05
réalisant,1,15866,6.302785831337451e-05
d’uzès,1,15866,6.302785831337451e-05
exiger,1,15866,6.302785831337451e-05
serai,1,15866,6.302785831337451e-05
ooo,1,15866,6.302785831337451e-05
finalement,1,15866,6.302785831337451e-05
poulette,1,15866,6.302785831337451e-05
sucres,1,15866,6.302785831337451e-05
remplacée,1,15866,6.302785831337451e-05
dépose,1,15866,6.302785831337451e-05
lente,1,15866,6.302785831337451e-05
îo,1,15866,6.302785831337451e-05
tailler,1,15866,6.302785831337451e-05
imprégné,1,15866,6.302785831337451e-05
presque,1,15866,6.302785831337451e-05
savoureux,1,15866,6.302785831337451e-05
l’impératrice,1,15866,6.302785831337451e-05
erronée,1,15866,6.302785831337451e-05
ùi,1,15866,6.302785831337451e-05
icm,1,15866,6.302785831337451e-05
considérés,1,15866,6.302785831337451e-05
assure,1,15866,6.302785831337451e-05
supérieures,1,15866,6.302785831337451e-05
estomac,1,15866,6.302785831337451e-05
poser,1,15866,6.302785831337451e-05
adoptées,1,15866,6.302785831337451e-05
réussir,1,15866,6.302785831337451e-05
acides,1,15866,6.302785831337451e-05
tremper,1,15866,6.302785831337451e-05
gomboust,1,15866,6.302785831337451e-05
souci,1,15866,6.302785831337451e-05
do,1,15866,6.302785831337451e-05
peine,1,15866,6.302785831337451e-05
consommés,1,15866,6.302785831337451e-05
délayées,1,15866,6.302785831337451e-05
orient,1,15866,6.302785831337451e-05
gâteaux,1,15866,6.302785831337451e-05
faute,1,15866,6.302785831337451e-05
section,1,15866,6.302785831337451e-05
cartonné,1,15866,6.302785831337451e-05
respectivement,1,15866,6.302785831337451e-05
voit,1,15866,6.302785831337451e-05
abatis,1,15866,6.302785831337451e-05
divisées,1,15866,6.302785831337451e-05
prêts,1,15866,6.302785831337451e-05
froids,1,15866,6.302785831337451e-05
bol,1,15866,6.302785831337451e-05
épais,1,15866,6.302785831337451e-05
friandise,1,15866,6.302785831337451e-05
bangkock,1,15866,6.302785831337451e-05
nice,1,15866,6.302785831337451e-05
précieux,1,15866,6.302785831337451e-05
supériorité,1,15866,6.302785831337451e-05
o,1,15866,6.302785831337451e-05
heureux,1,15866,6.302785831337451e-05
urbain,1,15866,6.302785831337451e-05
livraison,1,15866,6.302785831337451e-05
gourmets,1,15866,6.302785831337451e-05
zûu,1,15866,6.302785831337451e-05
tandis,1,15866,6.302785831337451e-05
déduire,1,15866,6.302785831337451e-05
133,1,15866,6.302785831337451e-05
azotés,1,15866,6.302785831337451e-05
augmente,1,15866,6.302785831337451e-05
nourries,1,15866,6.302785831337451e-05
meil,1,15866,6.302785831337451e-05
affaire,1,15866,6.302785831337451e-05
i°,1,15866,6.302785831337451e-05
fleur,1,15866,6.302785831337451e-05
colonies,1,15866,6.302785831337451e-05
œuvre,1,15866,6.302785831337451e-05
commerça,1,15866,6.302785831337451e-05
exécuté,1,15866,6.302785831337451e-05
donneront,1,15866,6.302785831337451e-05
cbair,1,15866,6.302785831337451e-05
blanquettes,1,15866,6.302785831337451e-05
fldi,1,15866,6.302785831337451e-05
épongée,1,15866,6.302785831337451e-05
facteurs,1,15866,6.302785831337451e-05
vauclu,1,15866,6.302785831337451e-05
pu,1,15866,6.302785831337451e-05
courgette,1,15866,6.302785831337451e-05
carcasses,1,15866,6.302785831337451e-05
cellulose,1,15866,6.302785831337451e-05
homards,1,15866,6.302785831337451e-05
j’ai,1,15866,6.302785831337451e-05
bords,1,15866,6.302785831337451e-05
déjection,1,15866,6.302785831337451e-05
toulonnatse,1,15866,6.302785831337451e-05
secret,1,15866,6.302785831337451e-05
semblables,1,15866,6.302785831337451e-05
expéditions,1,15866,6.302785831337451e-05
combe,1,15866,6.302785831337451e-05
saisir,1,15866,6.302785831337451e-05
probant,1,15866,6.302785831337451e-05
dm,1,15866,6.302785831337451e-05
atténuer,1,15866,6.302785831337451e-05
turbot,1,15866,6.302785831337451e-05
grossièrement,1,15866,6.302785831337451e-05
producteurs,1,15866,6.302785831337451e-05
centrai,1,15866,6.302785831337451e-05
fidèles,1,15866,6.302785831337451e-05
1”,1,15866,6.302785831337451e-05
italienne,1,15866,6.302785831337451e-05
ttusstfhtgiie,1,15866,6.302785831337451e-05
phiit,1,15866,6.302785831337451e-05
51,1,15866,6.302785831337451e-05
surplus,1,15866,6.302785831337451e-05
entièrement,1,15866,6.302785831337451e-05
modération,1,15866,6.302785831337451e-05
normale,1,15866,6.302785831337451e-05
gelée,1,15866,6.302785831337451e-05
affirmant,1,15866,6.302785831337451e-05
cornichons,1,15866,6.302785831337451e-05
prétendues,1,15866,6.302785831337451e-05
cultivé,1,15866,6.302785831337451e-05
chairs,1,15866,6.302785831337451e-05
ciselé,1,15866,6.302785831337451e-05
d’empêcher,1,15866,6.302785831337451e-05
mangeant,1,15866,6.302785831337451e-05
disparaître,1,15866,6.302785831337451e-05
d’abord,1,15866,6.302785831337451e-05
additionnées,1,15866,6.302785831337451e-05
exportation,1,15866,6.302785831337451e-05
81,1,15866,6.302785831337451e-05
vivres,1,15866,6.302785831337451e-05
rigoureuse,1,15866,6.302785831337451e-05
fondés,1,15866,6.302785831337451e-05
globe,1,15866,6.302785831337451e-05
parures,1,15866,6.302785831337451e-05
tient,1,15866,6.302785831337451e-05
entrent,1,15866,6.302785831337451e-05
condition,1,15866,6.302785831337451e-05
tods,1,15866,6.302785831337451e-05
rambouillet,1,15866,6.302785831337451e-05
commerce,1,15866,6.302785831337451e-05
demie,1,15866,6.302785831337451e-05
édouard,1,15866,6.302785831337451e-05
inédites,1,15866,6.302785831337451e-05
alcalin,1,15866,6.302785831337451e-05
d’auteurs,1,15866,6.302785831337451e-05
reléguant,1,15866,6.302785831337451e-05
860,1,15866,6.302785831337451e-05
rizerie,1,15866,6.302785831337451e-05
voulez,1,15866,6.302785831337451e-05
râpées,1,15866,6.302785831337451e-05
apporté,1,15866,6.302785831337451e-05
sept,1,15866,6.302785831337451e-05
clous,1,15866,6.302785831337451e-05
prenez,1,15866,6.302785831337451e-05
physiologique,1,15866,6.302785831337451e-05
agneaux,1,15866,6.302785831337451e-05
dorées,1,15866,6.302785831337451e-05
dépositaires,1,15866,6.302785831337451e-05
exemples,1,15866,6.302785831337451e-05
enrichir,1,15866,6.302785831337451e-05
convives,1,15866,6.302785831337451e-05
désorganisation,1,15866,6.302785831337451e-05
168,1,15866,6.302785831337451e-05
tiques,1,15866,6.302785831337451e-05
remplacé,1,15866,6.302785831337451e-05
cgm,1,15866,6.302785831337451e-05
procédera,1,15866,6.302785831337451e-05
passés,1,15866,6.302785831337451e-05
servis,1,15866,6.302785831337451e-05
turquoise,1,15866,6.302785831337451e-05
grand’mère,1,15866,6.302785831337451e-05
constitutifs,1,15866,6.302785831337451e-05
deauville,1,15866,6.302785831337451e-05
mena,1,15866,6.302785831337451e-05
l’amateur,1,15866,6.302785831337451e-05
comparaison,1,15866,6.302785831337451e-05
étrangères,1,15866,6.302785831337451e-05
inférieures,1,15866,6.302785831337451e-05
consomjné,1,15866,6.302785831337451e-05
houblon,1,15866,6.302785831337451e-05
pokgeiirïhe,1,15866,6.302785831337451e-05
145,1,15866,6.302785831337451e-05
digestif,1,15866,6.302785831337451e-05
circulaire,1,15866,6.302785831337451e-05
déposer,1,15866,6.302785831337451e-05
bref,1,15866,6.302785831337451e-05
sud,1,15866,6.302785831337451e-05
éliminer,1,15866,6.302785831337451e-05
piémontaisc,1,15866,6.302785831337451e-05
oublié,1,15866,6.302785831337451e-05
l’assaisonner,1,15866,6.302785831337451e-05
entérites,1,15866,6.302785831337451e-05
mêlés,1,15866,6.302785831337451e-05
mollusques,1,15866,6.302785831337451e-05
envelopper,1,15866,6.302785831337451e-05
met,1,15866,6.302785831337451e-05
nières,1,15866,6.302785831337451e-05
madagascar,1,15866,6.302785831337451e-05
42,1,15866,6.302785831337451e-05
tamponner,1,15866,6.302785831337451e-05
jam,1,15866,6.302785831337451e-05
\,1,15866,6.302785831337451e-05
l’ananas,1,15866,6.302785831337451e-05
toile,1,15866,6.302785831337451e-05
était,1,15866,6.302785831337451e-05
vieillesse,1,15866,6.302785831337451e-05
suffisamment,1,15866,6.302785831337451e-05
poêlon,1,15866,6.302785831337451e-05
formant,1,15866,6.302785831337451e-05
caicasae,1,15866,6.302785831337451e-05
grassouillette,1,15866,6.302785831337451e-05
maïtena,1,15866,6.302785831337451e-05
perdu,1,15866,6.302785831337451e-05
puddings,1,15866,6.302785831337451e-05
rafraîchissantes,1,15866,6.302785831337451e-05
voir,1,15866,6.302785831337451e-05
rngoûtf,1,15866,6.302785831337451e-05
c«ïk#ire,1,15866,6.302785831337451e-05
ofna,1,15866,6.302785831337451e-05
eux,1,15866,6.302785831337451e-05
jury,1,15866,6.302785831337451e-05
forte,1,15866,6.302785831337451e-05
jacques,1,15866,6.302785831337451e-05
savoureuses,1,15866,6.302785831337451e-05
voulu,1,15866,6.302785831337451e-05
toutefois,1,15866,6.302785831337451e-05
insuffisante,1,15866,6.302785831337451e-05
opérées,1,15866,6.302785831337451e-05
commencement,1,15866,6.302785831337451e-05
glacé,1,15866,6.302785831337451e-05
lesquelles,1,15866,6.302785831337451e-05
exactement,1,15866,6.302785831337451e-05
trous,1,15866,6.302785831337451e-05
incorporant,1,15866,6.302785831337451e-05
boire,1,15866,6.302785831337451e-05
difficiles,1,15866,6.302785831337451e-05
éviter,1,15866,6.302785831337451e-05
bébé,1,15866,6.302785831337451e-05
mer,1,15866,6.302785831337451e-05
prises,1,15866,6.302785831337451e-05
lagnt,1,15866,6.302785831337451e-05
bridée,1,15866,6.302785831337451e-05
broyer,1,15866,6.302785831337451e-05
“le,1,15866,6.302785831337451e-05
84325,1,15866,6.302785831337451e-05
soufflés,1,15866,6.302785831337451e-05
l’opéra,1,15866,6.302785831337451e-05
valentinoit,1,15866,6.302785831337451e-05
putréfactions,1,15866,6.302785831337451e-05
avisée,1,15866,6.302785831337451e-05
recommander,1,15866,6.302785831337451e-05
«nrobé,1,15866,6.302785831337451e-05
dures,1,15866,6.302785831337451e-05
ajoutant,1,15866,6.302785831337451e-05
l’ingéniosité,1,15866,6.302785831337451e-05
chois,1,15866,6.302785831337451e-05
conformer,1,15866,6.302785831337451e-05
plaque,1,15866,6.302785831337451e-05
i5,1,15866,6.302785831337451e-05
950,1,15866,6.302785831337451e-05
dehillerin,1,15866,6.302785831337451e-05
chimiques,1,15866,6.302785831337451e-05
700,1,15866,6.302785831337451e-05
uzès,1,15866,6.302785831337451e-05
devient,1,15866,6.302785831337451e-05
pépins,1,15866,6.302785831337451e-05
dessalée,1,15866,6.302785831337451e-05
dessèche,1,15866,6.302785831337451e-05
seules,1,15866,6.302785831337451e-05
vingtaine,1,15866,6.302785831337451e-05
selon,1,15866,6.302785831337451e-05
nu,1,15866,6.302785831337451e-05
loi,1,15866,6.302785831337451e-05
données,1,15866,6.302785831337451e-05
vënte,1,15866,6.302785831337451e-05
aucune,1,15866,6.302785831337451e-05
l’aubergine,1,15866,6.302785831337451e-05
permettra,1,15866,6.302785831337451e-05
remplacent,1,15866,6.302785831337451e-05
angélique,1,15866,6.302785831337451e-05
rizeries,1,15866,6.302785831337451e-05
d’ceufs,1,15866,6.302785831337451e-05
lient,1,15866,6.302785831337451e-05
non,1,15866,6.302785831337451e-05
ramollit,1,15866,6.302785831337451e-05
d’excellent,1,15866,6.302785831337451e-05
1150,1,15866,6.302785831337451e-05
«aîjîae,1,15866,6.302785831337451e-05
l’organisme,1,15866,6.302785831337451e-05
quartiers,1,15866,6.302785831337451e-05
qu’aux,1,15866,6.302785831337451e-05
s’accommode,1,15866,6.302785831337451e-05
restera,1,15866,6.302785831337451e-05
tables,1,15866,6.302785831337451e-05
connaissent,1,15866,6.302785831337451e-05
utilité,1,15866,6.302785831337451e-05
it,1,15866,6.302785831337451e-05
°b0,1,15866,6.302785831337451e-05
écrase,1,15866,6.302785831337451e-05
filet,1,15866,6.302785831337451e-05
poulets,1,15866,6.302785831337451e-05
août,1,15866,6.302785831337451e-05
paquets,1,15866,6.302785831337451e-05
travers,1,15866,6.302785831337451e-05
s’imposent,1,15866,6.302785831337451e-05
asiatiques,1,15866,6.302785831337451e-05
pans,1,15866,6.302785831337451e-05
cendres,1,15866,6.302785831337451e-05
expliquait,1,15866,6.302785831337451e-05
devenir,1,15866,6.302785831337451e-05
vésuve,1,15866,6.302785831337451e-05
saladier,1,15866,6.302785831337451e-05
tsssiv,1,15866,6.302785831337451e-05
ajouté,1,15866,6.302785831337451e-05
apprêter,1,15866,6.302785831337451e-05
fondée,1,15866,6.302785831337451e-05
cure,1,15866,6.302785831337451e-05
sortes,1,15866,6.302785831337451e-05
végétale,1,15866,6.302785831337451e-05
d’huîtres,1,15866,6.302785831337451e-05
matériaux,1,15866,6.302785831337451e-05
littérature,1,15866,6.302785831337451e-05
travailler,1,15866,6.302785831337451e-05
manquent,1,15866,6.302785831337451e-05
meilleure,1,15866,6.302785831337451e-05
d’apprêter,1,15866,6.302785831337451e-05
croûte,1,15866,6.302785831337451e-05
l’honneur,1,15866,6.302785831337451e-05
grasses,1,15866,6.302785831337451e-05
caramélise,1,15866,6.302785831337451e-05
ûovsofu,1,15866,6.302785831337451e-05
émincée,1,15866,6.302785831337451e-05
telle,1,15866,6.302785831337451e-05
expédition,1,15866,6.302785831337451e-05
framboises,1,15866,6.302785831337451e-05
tard,1,15866,6.302785831337451e-05
mère,1,15866,6.302785831337451e-05
agissant,1,15866,6.302785831337451e-05
mandragore,1,15866,6.302785831337451e-05
tenu,1,15866,6.302785831337451e-05
bouche,1,15866,6.302785831337451e-05
sensiblement,1,15866,6.302785831337451e-05
produit,1,15866,6.302785831337451e-05
cubaine,1,15866,6.302785831337451e-05
d’huilr,1,15866,6.302785831337451e-05
potin,1,15866,6.302785831337451e-05
antiseptiques,1,15866,6.302785831337451e-05
n’indispose,1,15866,6.302785831337451e-05
fe,1,15866,6.302785831337451e-05
alimentaires,1,15866,6.302785831337451e-05
anonyme,1,15866,6.302785831337451e-05
additionner,1,15866,6.302785831337451e-05
nationale,1,15866,6.302785831337451e-05
l’antisepsie,1,15866,6.302785831337451e-05
intestinaux,1,15866,6.302785831337451e-05
cru,1,15866,6.302785831337451e-05
malgré,1,15866,6.302785831337451e-05
coquillière,1,15866,6.302785831337451e-05
l’ail,1,15866,6.302785831337451e-05
m’oblige,1,15866,6.302785831337451e-05
ressources,1,15866,6.302785831337451e-05
fancy,1,15866,6.302785831337451e-05
enrobés,1,15866,6.302785831337451e-05
77,1,15866,6.302785831337451e-05
haute,1,15866,6.302785831337451e-05
glaçage,1,15866,6.302785831337451e-05
excitants,1,15866,6.302785831337451e-05
diffère,1,15866,6.302785831337451e-05
montée,1,15866,6.302785831337451e-05
exprimer,1,15866,6.302785831337451e-05
suppléer,1,15866,6.302785831337451e-05
contenant,1,15866,6.302785831337451e-05
l’agent,1,15866,6.302785831337451e-05
d’exquises,1,15866,6.302785831337451e-05
ive,1,15866,6.302785831337451e-05
opiniâtre,1,15866,6.302785831337451e-05
réservée,1,15866,6.302785831337451e-05
possibles,1,15866,6.302785831337451e-05
sortant,1,15866,6.302785831337451e-05
l’abus,1,15866,6.302785831337451e-05
boule,1,15866,6.302785831337451e-05
débarrasser,1,15866,6.302785831337451e-05
l’extraction,1,15866,6.302785831337451e-05
rassembler,1,15866,6.302785831337451e-05
rissolage,1,15866,6.302785831337451e-05
d3,1,15866,6.302785831337451e-05
bourse,1,15866,6.302785831337451e-05
aewond?,1,15866,6.302785831337451e-05
assimilation,1,15866,6.302785831337451e-05
poêlée,1,15866,6.302785831337451e-05
tris,1,15866,6.302785831337451e-05
supprime,1,15866,6.302785831337451e-05
façons,1,15866,6.302785831337451e-05
caramel,1,15866,6.302785831337451e-05
revenir,1,15866,6.302785831337451e-05
l’étuve,1,15866,6.302785831337451e-05
diarrhéïques,1,15866,6.302785831337451e-05
carotte,1,15866,6.302785831337451e-05
évitant,1,15866,6.302785831337451e-05
conviennent,1,15866,6.302785831337451e-05
communiquez,1,15866,6.302785831337451e-05
époque,1,15866,6.302785831337451e-05
cuivre,1,15866,6.302785831337451e-05
voilà,1,15866,6.302785831337451e-05
crue,1,15866,6.302785831337451e-05
suffisant,1,15866,6.302785831337451e-05
partout,1,15866,6.302785831337451e-05
où,1,15866,6.302785831337451e-05
78,1,15866,6.302785831337451e-05
cubains,1,15866,6.302785831337451e-05
d’excellentes,1,15866,6.302785831337451e-05
nouveaux,1,15866,6.302785831337451e-05
spécialité,1,15866,6.302785831337451e-05
docteurs,1,15866,6.302785831337451e-05
développement,1,15866,6.302785831337451e-05
nomment,1,15866,6.302785831337451e-05
fournies,1,15866,6.302785831337451e-05
siège,1,15866,6.302785831337451e-05
kicheric,1,15866,6.302785831337451e-05
fréquente,1,15866,6.302785831337451e-05
lavage,1,15866,6.302785831337451e-05
toulon,1,15866,6.302785831337451e-05
moulé,1,15866,6.302785831337451e-05
sorte,1,15866,6.302785831337451e-05
gigot,1,15866,6.302785831337451e-05
mirepoix,1,15866,6.302785831337451e-05
attitré,1,15866,6.302785831337451e-05
bureaux,1,15866,6.302785831337451e-05
ingrédients,1,15866,6.302785831337451e-05
bouillie,1,15866,6.302785831337451e-05
regrets,1,15866,6.302785831337451e-05
l’ai,1,15866,6.302785831337451e-05
saucés,1,15866,6.302785831337451e-05
vie,1,15866,6.302785831337451e-05
détaillés,1,15866,6.302785831337451e-05
perte,1,15866,6.302785831337451e-05
tenant,1,15866,6.302785831337451e-05
modérément,1,15866,6.302785831337451e-05
puisque,1,15866,6.302785831337451e-05
faïence,1,15866,6.302785831337451e-05
îr,1,15866,6.302785831337451e-05
isbn,1,15866,6.302785831337451e-05
accompagnée,1,15866,6.302785831337451e-05
tw,1,15866,6.302785831337451e-05
poussée,1,15866,6.302785831337451e-05
suppose,1,15866,6.302785831337451e-05
t{esta,1,15866,6.302785831337451e-05
md,1,15866,6.302785831337451e-05
savons,1,15866,6.302785831337451e-05
superficielle,1,15866,6.302785831337451e-05
appropriés,1,15866,6.302785831337451e-05
figure,1,15866,6.302785831337451e-05
dénomination,1,15866,6.302785831337451e-05
enferme,1,15866,6.302785831337451e-05
cervelle,1,15866,6.302785831337451e-05
caroline,1,15866,6.302785831337451e-05
w,1,15866,6.302785831337451e-05
es,1,15866,6.302785831337451e-05
l’étranoer,1,15866,6.302785831337451e-05
raisons,1,15866,6.302785831337451e-05
insignifiante,1,15866,6.302785831337451e-05
aiment,1,15866,6.302785831337451e-05
mile,1,15866,6.302785831337451e-05
œéraoiic,1,15866,6.302785831337451e-05
roulées,1,15866,6.302785831337451e-05
tend,1,15866,6.302785831337451e-05
social,1,15866,6.302785831337451e-05
dresse,1,15866,6.302785831337451e-05
mignonnette,1,15866,6.302785831337451e-05
refroidissement,1,15866,6.302785831337451e-05
mi1,1,15866,6.302785831337451e-05
commodité,1,15866,6.302785831337451e-05
qualités,1,15866,6.302785831337451e-05
précipitation,1,15866,6.302785831337451e-05
016,1,15866,6.302785831337451e-05
160,1,15866,6.302785831337451e-05
études,1,15866,6.302785831337451e-05
lors,1,15866,6.302785831337451e-05
stomacale,1,15866,6.302785831337451e-05
soient,1,15866,6.302785831337451e-05
crever,1,15866,6.302785831337451e-05
convient,1,15866,6.302785831337451e-05
mères,1,15866,6.302785831337451e-05
cigales,1,15866,6.302785831337451e-05
5s,1,15866,6.302785831337451e-05
provenances,1,15866,6.302785831337451e-05
recommandée,1,15866,6.302785831337451e-05
soupière,1,15866,6.302785831337451e-05
rond,1,15866,6.302785831337451e-05
so,1,15866,6.302785831337451e-05
procurer,1,15866,6.302785831337451e-05
d’attention,1,15866,6.302785831337451e-05
l’avantage,1,15866,6.302785831337451e-05
parfaite,1,15866,6.302785831337451e-05
cos,1,15866,6.302785831337451e-05
ressort,1,15866,6.302785831337451e-05
redonnent,1,15866,6.302785831337451e-05
tronçonnée,1,15866,6.302785831337451e-05
beaux,1,15866,6.302785831337451e-05
duquel,1,15866,6.302785831337451e-05
but,1,15866,6.302785831337451e-05
plan,1,15866,6.302785831337451e-05
âges,1,15866,6.302785831337451e-05
premiers,1,15866,6.302785831337451e-05
résultats,1,15866,6.302785831337451e-05
éditeur,1,15866,6.302785831337451e-05
750,1,15866,6.302785831337451e-05
écrasant,1,15866,6.302785831337451e-05
retourner,1,15866,6.302785831337451e-05
mêlé,1,15866,6.302785831337451e-05
lausanne,1,15866,6.302785831337451e-05
an,1,15866,6.302785831337451e-05
second,1,15866,6.302785831337451e-05
métro,1,15866,6.302785831337451e-05
réel,1,15866,6.302785831337451e-05
décorer,1,15866,6.302785831337451e-05
mille,1,15866,6.302785831337451e-05
l’extrême,1,15866,6.302785831337451e-05
dépôt,1,15866,6.302785831337451e-05
fa,1,15866,6.302785831337451e-05
voudrez,1,15866,6.302785831337451e-05
émile,1,15866,6.302785831337451e-05
roulés,1,15866,6.302785831337451e-05
donnant,1,15866,6.302785831337451e-05
groseille,1,15866,6.302785831337451e-05
seulement,1,15866,6.302785831337451e-05
provoque,1,15866,6.302785831337451e-05
effeuiller,1,15866,6.302785831337451e-05
faveur,1,15866,6.302785831337451e-05
mnzns,1,15866,6.302785831337451e-05
93&ol,1,15866,6.302785831337451e-05
rthé,1,15866,6.302785831337451e-05
répéter,1,15866,6.302785831337451e-05
personne,1,15866,6.302785831337451e-05
privé,1,15866,6.302785831337451e-05
arthritisme,1,15866,6.302785831337451e-05
littéralement,1,15866,6.302785831337451e-05
braisé,1,15866,6.302785831337451e-05
entraîné,1,15866,6.302785831337451e-05
terminer,1,15866,6.302785831337451e-05
amidon,1,15866,6.302785831337451e-05
facilité,1,15866,6.302785831337451e-05
ai,1,15866,6.302785831337451e-05
delesport,1,15866,6.302785831337451e-05
farcit,1,15866,6.302785831337451e-05
dextrines,1,15866,6.302785831337451e-05
lire,1,15866,6.302785831337451e-05
excellentes,1,15866,6.302785831337451e-05
fréquent,1,15866,6.302785831337451e-05
pair,1,15866,6.302785831337451e-05
abordable,1,15866,6.302785831337451e-05
s’accompagne,1,15866,6.302785831337451e-05
devenant,1,15866,6.302785831337451e-05
caraméliser,1,15866,6.302785831337451e-05
lambret,1,15866,6.302785831337451e-05
buffets,1,15866,6.302785831337451e-05
délicat,1,15866,6.302785831337451e-05
dubois,1,15866,6.302785831337451e-05
tète,1,15866,6.302785831337451e-05
avis,1,15866,6.302785831337451e-05
accepté,1,15866,6.302785831337451e-05
notamment,1,15866,6.302785831337451e-05
vite,1,15866,6.302785831337451e-05
pié,1,15866,6.302785831337451e-05
piiaw,1,15866,6.302785831337451e-05
l’opération,1,15866,6.302785831337451e-05
jàncej,1,15866,6.302785831337451e-05
parer,1,15866,6.302785831337451e-05
primeurs,1,15866,6.302785831337451e-05
pelures,1,15866,6.302785831337451e-05
habituel,1,15866,6.302785831337451e-05
chauds,1,15866,6.302785831337451e-05
d’y,1,15866,6.302785831337451e-05
désosser,1,15866,6.302785831337451e-05
d’hygiène,1,15866,6.302785831337451e-05
"""",1,15866,6.302785831337451e-05
tion,1,15866,6.302785831337451e-05
l’avis,1,15866,6.302785831337451e-05
sensible,1,15866,6.302785831337451e-05
quincailliers,1,15866,6.302785831337451e-05
ct,1,15866,6.302785831337451e-05
mü8,1,15866,6.302785831337451e-05
éprouver,1,15866,6.302785831337451e-05
c6té,1,15866,6.302785831337451e-05
certainement,1,15866,6.302785831337451e-05
devoir,1,15866,6.302785831337451e-05
00013324,1,15866,6.302785831337451e-05
ouvertes,1,15866,6.302785831337451e-05
hygiénique,1,15866,6.302785831337451e-05
bordures,1,15866,6.302785831337451e-05
colluboratiac,1,15866,6.302785831337451e-05
poirée,1,15866,6.302785831337451e-05
contenu,1,15866,6.302785831337451e-05
connaître,1,15866,6.302785831337451e-05
macarons,1,15866,6.302785831337451e-05
existant,1,15866,6.302785831337451e-05
ceux,1,15866,6.302785831337451e-05
succursale,1,15866,6.302785831337451e-05
disposer,1,15866,6.302785831337451e-05
apporter,1,15866,6.302785831337451e-05
divisée,1,15866,6.302785831337451e-05
crémeux,1,15866,6.302785831337451e-05
desséchée,1,15866,6.302785831337451e-05
incomparable,1,15866,6.302785831337451e-05
tvon,1,15866,6.302785831337451e-05
fraiches,1,15866,6.302785831337451e-05
décorées,1,15866,6.302785831337451e-05
110,1,15866,6.302785831337451e-05
quoique,1,15866,6.302785831337451e-05
personnel,1,15866,6.302785831337451e-05
capital,1,15866,6.302785831337451e-05
accompagné,1,15866,6.302785831337451e-05
épaissit,1,15866,6.302785831337451e-05
"“7""",1,15866,6.302785831337451e-05
ernest,1,15866,6.302785831337451e-05
supplément,1,15866,6.302785831337451e-05
poivron,1,15866,6.302785831337451e-05
aucun,1,15866,6.302785831337451e-05
linement,1,15866,6.302785831337451e-05
parachever,1,15866,6.302785831337451e-05
auteur,1,15866,6.302785831337451e-05
parfumée,1,15866,6.302785831337451e-05
l’associent,1,15866,6.302785831337451e-05
demandez,1,15866,6.302785831337451e-05
bestiole,1,15866,6.302785831337451e-05
entéritiques,1,15866,6.302785831337451e-05
province,1,15866,6.302785831337451e-05
l’italienne,1,15866,6.302785831337451e-05
jorme,1,15866,6.302785831337451e-05
recouverts,1,15866,6.302785831337451e-05
jasmin,1,15866,6.302785831337451e-05
d’usage,1,15866,6.302785831337451e-05
livres,1,15866,6.302785831337451e-05
120,1,15866,6.302785831337451e-05
pellicule,1,15866,6.302785831337451e-05
cent,1,15866,6.302785831337451e-05
diarrhéiques,1,15866,6.302785831337451e-05
scientifiquement,1,15866,6.302785831337451e-05
capus,1,15866,6.302785831337451e-05
bout,1,15866,6.302785831337451e-05
36,1,15866,6.302785831337451e-05
h50,1,15866,6.302785831337451e-05
vont,1,15866,6.302785831337451e-05
appréciées,1,15866,6.302785831337451e-05
moments,1,15866,6.302785831337451e-05
essences,1,15866,6.302785831337451e-05
venez,1,15866,6.302785831337451e-05
chapelure,1,15866,6.302785831337451e-05
ni,1,15866,6.302785831337451e-05
symétrie,1,15866,6.302785831337451e-05
loin,1,15866,6.302785831337451e-05
faits,1,15866,6.302785831337451e-05
pénètre,1,15866,6.302785831337451e-05
opéra,1,15866,6.302785831337451e-05
jarret,1,15866,6.302785831337451e-05
côtes,1,15866,6.302785831337451e-05
suivre,1,15866,6.302785831337451e-05
amylacées,1,15866,6.302785831337451e-05
chargée,1,15866,6.302785831337451e-05
jets,1,15866,6.302785831337451e-05
guillaume,1,15866,6.302785831337451e-05
assimilables,1,15866,6.302785831337451e-05
pofaçej,1,15866,6.302785831337451e-05
cfe,1,15866,6.302785831337451e-05
n’ont,1,15866,6.302785831337451e-05
enfance,1,15866,6.302785831337451e-05
soixante,1,15866,6.302785831337451e-05
d’astl,1,15866,6.302785831337451e-05
cadeaux,1,15866,6.302785831337451e-05
flageolets,1,15866,6.302785831337451e-05
machines,1,15866,6.302785831337451e-05
simplicité,1,15866,6.302785831337451e-05
destinés,1,15866,6.302785831337451e-05
remarques,1,15866,6.302785831337451e-05
\jne,1,15866,6.302785831337451e-05
économiques,1,15866,6.302785831337451e-05
1918,1,15866,6.302785831337451e-05
céleri,1,15866,6.302785831337451e-05
d’eeufs,1,15866,6.302785831337451e-05
alcalinité,1,15866,6.302785831337451e-05
répandu,1,15866,6.302785831337451e-05
réduit,1,15866,6.302785831337451e-05
bouillons,1,15866,6.302785831337451e-05
contenues,1,15866,6.302785831337451e-05
d’appétissants,1,15866,6.302785831337451e-05
franc,1,15866,6.302785831337451e-05
magasins,1,15866,6.302785831337451e-05
poli,1,15866,6.302785831337451e-05
nord,1,15866,6.302785831337451e-05
uraïuaa,1,15866,6.302785831337451e-05
nature,1,15866,6.302785831337451e-05
942,1,15866,6.302785831337451e-05
mayon,1,15866,6.302785831337451e-05
ailerons,1,15866,6.302785831337451e-05
risotto,1,15866,6.302785831337451e-05
racine,1,15866,6.302785831337451e-05
abondance,1,15866,6.302785831337451e-05
graminée,1,15866,6.302785831337451e-05
introduire,1,15866,6.302785831337451e-05
surveiller,1,15866,6.302785831337451e-05
usants,1,15866,6.302785831337451e-05
conseil,1,15866,6.302785831337451e-05
concassée,1,15866,6.302785831337451e-05
usines,1,15866,6.302785831337451e-05
estimée,1,15866,6.302785831337451e-05
élevés,1,15866,6.302785831337451e-05
57,1,15866,6.302785831337451e-05
rechercher,1,15866,6.302785831337451e-05
basses,1,15866,6.302785831337451e-05
08,1,15866,6.302785831337451e-05
renferment,1,15866,6.302785831337451e-05
rapidité,1,15866,6.302785831337451e-05
d’uns,1,15866,6.302785831337451e-05
bovex,1,15866,6.302785831337451e-05
7531,1,15866,6.302785831337451e-05
ll,1,15866,6.302785831337451e-05
d’entre,1,15866,6.302785831337451e-05
turquie,1,15866,6.302785831337451e-05
farcissent,1,15866,6.302785831337451e-05
56,1,15866,6.302785831337451e-05
désinfection,1,15866,6.302785831337451e-05
truffée,1,15866,6.302785831337451e-05
considère,1,15866,6.302785831337451e-05
arrivées,1,15866,6.302785831337451e-05
olives,1,15866,6.302785831337451e-05
plats,1,15866,6.302785831337451e-05
inespérées,1,15866,6.302785831337451e-05
02,1,15866,6.302785831337451e-05
américains,1,15866,6.302785831337451e-05
d’imprimé,1,15866,6.302785831337451e-05
ouvrir,1,15866,6.302785831337451e-05
inorganiques,1,15866,6.302785831337451e-05
devra,1,15866,6.302785831337451e-05
braisage,1,15866,6.302785831337451e-05
améliorerez,1,15866,6.302785831337451e-05
buccale,1,15866,6.302785831337451e-05
apprécier,1,15866,6.302785831337451e-05
tehrer,1,15866,6.302785831337451e-05
484,1,15866,6.302785831337451e-05
nçta,1,15866,6.302785831337451e-05
mes,1,15866,6.302785831337451e-05
presse,1,15866,6.302785831337451e-05
ml,1,15866,6.302785831337451e-05
achevé,1,15866,6.302785831337451e-05
oeuf,1,15866,6.302785831337451e-05
déchet,1,15866,6.302785831337451e-05
mal,1,15866,6.302785831337451e-05
4$,1,15866,6.302785831337451e-05
line,1,15866,6.302785831337451e-05
rentrer,1,15866,6.302785831337451e-05
planète,1,15866,6.302785831337451e-05
rousseau,1,15866,6.302785831337451e-05
friture,1,15866,6.302785831337451e-05
anglais,1,15866,6.302785831337451e-05
fous,1,15866,6.302785831337451e-05
passée,1,15866,6.302785831337451e-05
paitie,1,15866,6.302785831337451e-05
vivantes,1,15866,6.302785831337451e-05
derniers,1,15866,6.302785831337451e-05
pau,1,15866,6.302785831337451e-05
facile,1,15866,6.302785831337451e-05
identiquement,1,15866,6.302785831337451e-05
prophète,1,15866,6.302785831337451e-05
opération,1,15866,6.302785831337451e-05
préfèrent,1,15866,6.302785831337451e-05
accessible,1,15866,6.302785831337451e-05
bacon,1,15866,6.302785831337451e-05
blue,1,15866,6.302785831337451e-05
pourtant,1,15866,6.302785831337451e-05
reçoit,1,15866,6.302785831337451e-05
remarquer,1,15866,6.302785831337451e-05
fiartelé,1,15866,6.302785831337451e-05
broché,1,15866,6.302785831337451e-05
intérieurement,1,15866,6.302785831337451e-05
détails,1,15866,6.302785831337451e-05
utilisé,1,15866,6.302785831337451e-05
maintes,1,15866,6.302785831337451e-05
lapereaux,1,15866,6.302785831337451e-05
sec,1,15866,6.302785831337451e-05
mise,1,15866,6.302785831337451e-05
remarque,1,15866,6.302785831337451e-05
barbier,1,15866,6.302785831337451e-05
n’exige,1,15866,6.302785831337451e-05
lorsqu’on,1,15866,6.302785831337451e-05
remplace,1,15866,6.302785831337451e-05
conseils,1,15866,6.302785831337451e-05
fermentations,1,15866,6.302785831337451e-05
conduire,1,15866,6.302785831337451e-05
raviers,1,15866,6.302785831337451e-05
lever,1,15866,6.302785831337451e-05
potehie,1,15866,6.302785831337451e-05
lagarde,1,15866,6.302785831337451e-05
baudroie,1,15866,6.302785831337451e-05
1888,1,15866,6.302785831337451e-05
transforme,1,15866,6.302785831337451e-05
ouide,1,15866,6.302785831337451e-05
nord’ruo,1,15866,6.302785831337451e-05
saint,1,15866,6.302785831337451e-05
connu,1,15866,6.302785831337451e-05
cessgléawaat,1,15866,6.302785831337451e-05
nécessaires,1,15866,6.302785831337451e-05
qu’elles,1,15866,6.302785831337451e-05
corbeilles,1,15866,6.302785831337451e-05
270,1,15866,6.302785831337451e-05
"3""",1,15866,6.302785831337451e-05
importation,1,15866,6.302785831337451e-05
compact,1,15866,6.302785831337451e-05
décomposition,1,15866,6.302785831337451e-05
34,1,15866,6.302785831337451e-05
d’essence,1,15866,6.302785831337451e-05
frappe,1,15866,6.302785831337451e-05
caractérise,1,15866,6.302785831337451e-05
32,1,15866,6.302785831337451e-05
fur,1,15866,6.302785831337451e-05
d’agriculturc,1,15866,6.302785831337451e-05
parfumées,1,15866,6.302785831337451e-05
féveroles,1,15866,6.302785831337451e-05
râpée,1,15866,6.302785831337451e-05
d’euingor,1,15866,6.302785831337451e-05
légère,1,15866,6.302785831337451e-05
construction,1,15866,6.302785831337451e-05
président,1,15866,6.302785831337451e-05
choisie,1,15866,6.302785831337451e-05
souffrent,1,15866,6.302785831337451e-05
excellence,1,15866,6.302785831337451e-05
“moyünte”,1,15866,6.302785831337451e-05
lie,1,15866,6.302785831337451e-05
=,1,15866,6.302785831337451e-05
surabondant,1,15866,6.302785831337451e-05
siam,1,15866,6.302785831337451e-05
arrosé,1,15866,6.302785831337451e-05
crustacés,1,15866,6.302785831337451e-05
indispensables,1,15866,6.302785831337451e-05
enrobant,1,15866,6.302785831337451e-05
nourriture,1,15866,6.302785831337451e-05
12b,1,15866,6.302785831337451e-05
ïiv,1,15866,6.302785831337451e-05
jusqu,1,15866,6.302785831337451e-05
couverts,1,15866,6.302785831337451e-05
d’avoir,1,15866,6.302785831337451e-05
bonlevard,1,15866,6.302785831337451e-05
établie,1,15866,6.302785831337451e-05
familial,1,15866,6.302785831337451e-05
tomatée,1,15866,6.302785831337451e-05
«le,1,15866,6.302785831337451e-05
populaire,1,15866,6.302785831337451e-05
tonkin,1,15866,6.302785831337451e-05
uny,1,15866,6.302785831337451e-05
püiléas,1,15866,6.302785831337451e-05
qu’à,1,15866,6.302785831337451e-05
succursales,1,15866,6.302785831337451e-05
réduite,1,15866,6.302785831337451e-05
biarritz,1,15866,6.302785831337451e-05
prononce,1,15866,6.302785831337451e-05
chose,1,15866,6.302785831337451e-05
mettrê,1,15866,6.302785831337451e-05
s’abstenir,1,15866,6.302785831337451e-05
servie,1,15866,6.302785831337451e-05
siennes,1,15866,6.302785831337451e-05
désire,1,15866,6.302785831337451e-05
aubergine,1,15866,6.302785831337451e-05
reg,1,15866,6.302785831337451e-05
caractéristique,1,15866,6.302785831337451e-05
prévoir,1,15866,6.302785831337451e-05
saucière,1,15866,6.302785831337451e-05
devrait,1,15866,6.302785831337451e-05
chantilly,1,15866,6.302785831337451e-05
lune,1,15866,6.302785831337451e-05
commencer,1,15866,6.302785831337451e-05
relié,1,15866,6.302785831337451e-05
germain,1,15866,6.302785831337451e-05
foyer,1,15866,6.302785831337451e-05
notices,1,15866,6.302785831337451e-05
corps,1,15866,6.302785831337451e-05
plupart,1,15866,6.302785831337451e-05
mangé,1,15866,6.302785831337451e-05
parfaitement,1,15866,6.302785831337451e-05
piètrement,1,15866,6.302785831337451e-05
dépend,1,15866,6.302785831337451e-05
poudrer,1,15866,6.302785831337451e-05
cdtnpléter,1,15866,6.302785831337451e-05
secs,1,15866,6.302785831337451e-05
mieux,1,15866,6.302785831337451e-05
«e,1,15866,6.302785831337451e-05
grsçnaqo,1,15866,6.302785831337451e-05
croyance,1,15866,6.302785831337451e-05
exigez,1,15866,6.302785831337451e-05
yeloutés,1,15866,6.302785831337451e-05
réservées,1,15866,6.302785831337451e-05
verdâtres,1,15866,6.302785831337451e-05
envoyer,1,15866,6.302785831337451e-05
cuisiniers,1,15866,6.302785831337451e-05
expositions,1,15866,6.302785831337451e-05
pourquoi,1,15866,6.302785831337451e-05
l’ébulli,1,15866,6.302785831337451e-05
couvercles,1,15866,6.302785831337451e-05
hadeleini,1,15866,6.302785831337451e-05
dégelée,1,15866,6.302785831337451e-05
butinterfi,1,15866,6.302785831337451e-05
basant,1,15866,6.302785831337451e-05
mousserons,1,15866,6.302785831337451e-05
cé,1,15866,6.302785831337451e-05
é&lt,1,15866,6.302785831337451e-05
confectionne,1,15866,6.302785831337451e-05
monde,1,15866,6.302785831337451e-05
ciselées,1,15866,6.302785831337451e-05
coçuilliire,1,15866,6.302785831337451e-05
armées,1,15866,6.302785831337451e-05
entrer,1,15866,6.302785831337451e-05
uzkvim,1,15866,6.302785831337451e-05
dressent,1,15866,6.302785831337451e-05
tapioca,1,15866,6.302785831337451e-05
plateau,1,15866,6.302785831337451e-05
allerons,1,15866,6.302785831337451e-05
débris,1,15866,6.302785831337451e-05
grosse,1,15866,6.302785831337451e-05
reposer,1,15866,6.302785831337451e-05
mpuillé,1,15866,6.302785831337451e-05
d’aliment,1,15866,6.302785831337451e-05
pincées,1,15866,6.302785831337451e-05
caramélisé,1,15866,6.302785831337451e-05
différence,1,15866,6.302785831337451e-05
jean,1,15866,6.302785831337451e-05
moyens,1,15866,6.302785831337451e-05
problème,1,15866,6.302785831337451e-05
reprend,1,15866,6.302785831337451e-05
féià,1,15866,6.302785831337451e-05
bouillent,1,15866,6.302785831337451e-05
l’heure,1,15866,6.302785831337451e-05
passez,1,15866,6.302785831337451e-05
veglione,1,15866,6.302785831337451e-05
yam,1,15866,6.302785831337451e-05
gouttes,1,15866,6.302785831337451e-05
versera,1,15866,6.302785831337451e-05
membre,1,15866,6.302785831337451e-05
précision,1,15866,6.302785831337451e-05
pouvant,1,15866,6.302785831337451e-05
225,1,15866,6.302785831337451e-05
l’effeuiller,1,15866,6.302785831337451e-05
pourront,1,15866,6.302785831337451e-05
gautier,1,15866,6.302785831337451e-05
n’ai,1,15866,6.302785831337451e-05
pulpe,1,15866,6.302785831337451e-05
maxima,1,15866,6.302785831337451e-05
amalgamés,1,15866,6.302785831337451e-05
tstapleg,1,15866,6.302785831337451e-05
assurent,1,15866,6.302785831337451e-05
edouard,1,15866,6.302785831337451e-05
détaillant,1,15866,6.302785831337451e-05
cuisines,1,15866,6.302785831337451e-05
suffit,1,15866,6.302785831337451e-05
tél,1,15866,6.302785831337451e-05
tiltph,1,15866,6.302785831337451e-05
„,1,15866,6.302785831337451e-05
achat,1,15866,6.302785831337451e-05
suce,1,15866,6.302785831337451e-05
homogène,1,15866,6.302785831337451e-05
d’an,1,15866,6.302785831337451e-05
rare,1,15866,6.302785831337451e-05
enveloppée,1,15866,6.302785831337451e-05
rissolé,1,15866,6.302785831337451e-05
dupont,1,15866,6.302785831337451e-05
congrès,1,15866,6.302785831337451e-05
bas,1,15866,6.302785831337451e-05
actif,1,15866,6.302785831337451e-05
poursuivent,1,15866,6.302785831337451e-05
restes,1,15866,6.302785831337451e-05
pil&w,1,15866,6.302785831337451e-05
basées,1,15866,6.302785831337451e-05
madère,1,15866,6.302785831337451e-05
représenter,1,15866,6.302785831337451e-05
feulent,1,15866,6.302785831337451e-05
fondue,1,15866,6.302785831337451e-05
échange,1,15866,6.302785831337451e-05
chauveau,1,15866,6.302785831337451e-05
java,1,15866,6.302785831337451e-05
relève,1,15866,6.302785831337451e-05
limitée,1,15866,6.302785831337451e-05
k&jwmite,1,15866,6.302785831337451e-05
pressés,1,15866,6.302785831337451e-05
lés,1,15866,6.302785831337451e-05
aillée,1,15866,6.302785831337451e-05
sautée,1,15866,6.302785831337451e-05
incontestablement,1,15866,6.302785831337451e-05
propriétés,1,15866,6.302785831337451e-05
lutèce,1,15866,6.302785831337451e-05
scyacopi,1,15866,6.302785831337451e-05
ca,1,15866,6.302785831337451e-05
l’action,1,15866,6.302785831337451e-05
valentinois,1,15866,6.302785831337451e-05
fraise,1,15866,6.302785831337451e-05
italiens,1,15866,6.302785831337451e-05
ment,1,15866,6.302785831337451e-05
l’aplatir,1,15866,6.302785831337451e-05
d’accommoder,1,15866,6.302785831337451e-05
l’agrémenter,1,15866,6.302785831337451e-05
s’il,1,15866,6.302785831337451e-05
girel,1,15866,6.302785831337451e-05
noisettes,1,15866,6.302785831337451e-05
conserver,1,15866,6.302785831337451e-05
tturnoeh,1,15866,6.302785831337451e-05
hcrs,1,15866,6.302785831337451e-05
françaises,1,15866,6.302785831337451e-05
écossés,1,15866,6.302785831337451e-05
peler,1,15866,6.302785831337451e-05
779,1,15866,6.302785831337451e-05
réfléchir,1,15866,6.302785831337451e-05
restreintes,1,15866,6.302785831337451e-05
actuelle,1,15866,6.302785831337451e-05
0st,1,15866,6.302785831337451e-05
lu,1,15866,6.302785831337451e-05
décoction,1,15866,6.302785831337451e-05
zotto,1,15866,6.302785831337451e-05
goujon,1,15866,6.302785831337451e-05
haut,1,15866,6.302785831337451e-05
exemple,1,15866,6.302785831337451e-05
meunière,1,15866,6.302785831337451e-05
dégraissé,1,15866,6.302785831337451e-05
méritent,1,15866,6.302785831337451e-05
existe,1,15866,6.302785831337451e-05
poêlées,1,15866,6.302785831337451e-05
précieuse,1,15866,6.302785831337451e-05
tube,1,15866,6.302785831337451e-05
luxe,1,15866,6.302785831337451e-05
il6,1,15866,6.302785831337451e-05
qu’une,1,15866,6.302785831337451e-05
page,1,15866,6.302785831337451e-05
emincés,1,15866,6.302785831337451e-05
marché,1,15866,6.302785831337451e-05
servira,1,15866,6.302785831337451e-05
re,1,15866,6.302785831337451e-05
gamme,1,15866,6.302785831337451e-05
propager,1,15866,6.302785831337451e-05
boules,1,15866,6.302785831337451e-05
ferme,1,15866,6.302785831337451e-05
jambons,1,15866,6.302785831337451e-05
menu,1,15866,6.302785831337451e-05
poireaux,1,15866,6.302785831337451e-05
poudings,1,15866,6.302785831337451e-05
précisément,1,15866,6.302785831337451e-05
félix,1,15866,6.302785831337451e-05
fouetter,1,15866,6.302785831337451e-05
rtfîitn,1,15866,6.302785831337451e-05
113,1,15866,6.302785831337451e-05
lorsqu’elle,1,15866,6.302785831337451e-05
us,1,15866,6.302785831337451e-05
familles,1,15866,6.302785831337451e-05
175,1,15866,6.302785831337451e-05
edulcor,1,15866,6.302785831337451e-05
hygiène,1,15866,6.302785831337451e-05
p6oh,1,15866,6.302785831337451e-05
décortiqué,1,15866,6.302785831337451e-05
carné,1,15866,6.302785831337451e-05
atteintes,1,15866,6.302785831337451e-05
partir,1,15866,6.302785831337451e-05
qonne,1,15866,6.302785831337451e-05
incorporée,1,15866,6.302785831337451e-05
rendre,1,15866,6.302785831337451e-05
modernes,1,15866,6.302785831337451e-05
fameux,1,15866,6.302785831337451e-05
76,1,15866,6.302785831337451e-05
préférence,1,15866,6.302785831337451e-05
enrobées,1,15866,6.302785831337451e-05
refermer,1,15866,6.302785831337451e-05
absorption,1,15866,6.302785831337451e-05
réunir,1,15866,6.302785831337451e-05
étuvés,1,15866,6.302785831337451e-05
voici,1,15866,6.302785831337451e-05
emploient,1,15866,6.302785831337451e-05
s’en,1,15866,6.302785831337451e-05
rizot,1,15866,6.302785831337451e-05
oi,1,15866,6.302785831337451e-05
étrangers,1,15866,6.302785831337451e-05
grands,1,15866,6.302785831337451e-05
enveloppé,1,15866,6.302785831337451e-05
dites,1,15866,6.302785831337451e-05
grillé,1,15866,6.302785831337451e-05
z,1,15866,6.302785831337451e-05
sucs,1,15866,6.302785831337451e-05
anglaises,1,15866,6.302785831337451e-05
203,1,15866,6.302785831337451e-05
associent,1,15866,6.302785831337451e-05
oiseaux,1,15866,6.302785831337451e-05
ration,1,15866,6.302785831337451e-05
trempée,1,15866,6.302785831337451e-05
appareil,1,15866,6.302785831337451e-05
barbue,1,15866,6.302785831337451e-05
d’ôtre,1,15866,6.302785831337451e-05
aromatisé,1,15866,6.302785831337451e-05
cours,1,15866,6.302785831337451e-05
essence,1,15866,6.302785831337451e-05
légal,1,15866,6.302785831337451e-05
transparent,1,15866,6.302785831337451e-05
continue,1,15866,6.302785831337451e-05
essuyer,1,15866,6.302785831337451e-05
développer,1,15866,6.302785831337451e-05
utilisée,1,15866,6.302785831337451e-05
épuisement,1,15866,6.302785831337451e-05
aurait,1,15866,6.302785831337451e-05
souvenir,1,15866,6.302785831337451e-05
aspect,1,15866,6.302785831337451e-05
suffiront,1,15866,6.302785831337451e-05
quelque,1,15866,6.302785831337451e-05
angleterre,1,15866,6.302785831337451e-05
su,1,15866,6.302785831337451e-05
gutenberg,1,15866,6.302785831337451e-05
devenu,1,15866,6.302785831337451e-05
ragoûts,1,15866,6.302785831337451e-05
ls,1,15866,6.302785831337451e-05
ooaoassées,1,15866,6.302785831337451e-05
car,1,15866,6.302785831337451e-05
mémoire,1,15866,6.302785831337451e-05
excellente,1,15866,6.302785831337451e-05
103,1,15866,6.302785831337451e-05
d’exquis,1,15866,6.302785831337451e-05
provoquer,1,15866,6.302785831337451e-05
installation,1,15866,6.302785831337451e-05
aù,1,15866,6.302785831337451e-05
ébarbées,1,15866,6.302785831337451e-05
boulevard,1,15866,6.302785831337451e-05
restent,1,15866,6.302785831337451e-05
enflent,1,15866,6.302785831337451e-05
quinzaine,1,15866,6.302785831337451e-05
l’envelopper,1,15866,6.302785831337451e-05
rien,1,15866,6.302785831337451e-05
spéciaux,1,15866,6.302785831337451e-05
nourrissent,1,15866,6.302785831337451e-05
cornet,1,15866,6.302785831337451e-05
discontinuer,1,15866,6.302785831337451e-05
planche,1,15866,6.302785831337451e-05
l’avenir,1,15866,6.302785831337451e-05
montmartre,1,15866,6.302785831337451e-05
tturhone,1,15866,6.302785831337451e-05
gravier,1,15866,6.302785831337451e-05
collaboration,1,15866,6.302785831337451e-05
défaut,1,15866,6.302785831337451e-05
fines,1,15866,6.302785831337451e-05
gtixnds,1,15866,6.302785831337451e-05
efi&gt,1,15866,6.302785831337451e-05
facilement,1,15866,6.302785831337451e-05
compter,1,15866,6.302785831337451e-05
vrai,1,15866,6.302785831337451e-05
condè,1,15866,6.302785831337451e-05
courant,1,15866,6.302785831337451e-05
coquilles,1,15866,6.302785831337451e-05
chef,1,15866,6.302785831337451e-05
devenue,1,15866,6.302785831337451e-05
91,1,15866,6.302785831337451e-05
chaleurs,1,15866,6.302785831337451e-05
public,1,15866,6.302785831337451e-05
banlieue,1,15866,6.302785831337451e-05
elle,1,15866,6.302785831337451e-05
çorcellefi,1,15866,6.302785831337451e-05
dbs,1,15866,6.302785831337451e-05
pêchées,1,15866,6.302785831337451e-05
automobile,1,15866,6.302785831337451e-05
malades,1,15866,6.302785831337451e-05
formerait,1,15866,6.302785831337451e-05
reprises,1,15866,6.302785831337451e-05
tromper,1,15866,6.302785831337451e-05
guérisons,1,15866,6.302785831337451e-05
patna,1,15866,6.302785831337451e-05
exquis,1,15866,6.302785831337451e-05
albuminoïdes,1,15866,6.302785831337451e-05
raifet,1,15866,6.302785831337451e-05
concentré,1,15866,6.302785831337451e-05
roux,1,15866,6.302785831337451e-05
suite,1,15866,6.302785831337451e-05
{?,1,15866,6.302785831337451e-05
serait,1,15866,6.302785831337451e-05
«vec,1,15866,6.302785831337451e-05
printanier,1,15866,6.302785831337451e-05
polissage,1,15866,6.302785831337451e-05
hugo,1,15866,6.302785831337451e-05
rapport,1,15866,6.302785831337451e-05
bi,1,15866,6.302785831337451e-05
réchauffé,1,15866,6.302785831337451e-05
combien,1,15866,6.302785831337451e-05
complément,1,15866,6.302785831337451e-05
dextrine,1,15866,6.302785831337451e-05
vermicelle,1,15866,6.302785831337451e-05
quelconque,1,15866,6.302785831337451e-05
succulent,1,15866,6.302785831337451e-05
l’ustensile,1,15866,6.302785831337451e-05
l’économie,1,15866,6.302785831337451e-05
ébarber,1,15866,6.302785831337451e-05
lî,1,15866,6.302785831337451e-05
besoins,1,15866,6.302785831337451e-05
perdreau,1,15866,6.302785831337451e-05
centimètres,1,15866,6.302785831337451e-05
mangent,1,15866,6.302785831337451e-05
montaise,1,15866,6.302785831337451e-05
pâtes,1,15866,6.302785831337451e-05
augmenter,1,15866,6.302785831337451e-05
carnée,1,15866,6.302785831337451e-05
ciseler,1,15866,6.302785831337451e-05
dé,1,15866,6.302785831337451e-05
183,1,15866,6.302785831337451e-05
vanner,1,15866,6.302785831337451e-05
l’aliment,1,15866,6.302785831337451e-05
bourrer,1,15866,6.302785831337451e-05
réside,1,15866,6.302785831337451e-05
dl,1,15866,6.302785831337451e-05
briser,1,15866,6.302785831337451e-05
1er,1,15866,6.302785831337451e-05
clairement,1,15866,6.302785831337451e-05
richelieu,1,15866,6.302785831337451e-05
astringentes,1,15866,6.302785831337451e-05
830,1,15866,6.302785831337451e-05
affirmons,1,15866,6.302785831337451e-05
hôtels,1,15866,6.302785831337451e-05
sébastopol,1,15866,6.302785831337451e-05
article,1,15866,6.302785831337451e-05
choisit,1,15866,6.302785831337451e-05
baser,1,15866,6.302785831337451e-05
47,1,15866,6.302785831337451e-05
nanterre,1,15866,6.302785831337451e-05
fraîcheur,1,15866,6.302785831337451e-05
invraisemblables,1,15866,6.302785831337451e-05
141,1,15866,6.302785831337451e-05
d’orange,1,15866,6.302785831337451e-05
prédominer,1,15866,6.302785831337451e-05
tiz,1,15866,6.302785831337451e-05
brocha,1,15866,6.302785831337451e-05
d’épinards,1,15866,6.302785831337451e-05
tanger,1,15866,6.302785831337451e-05
d’épicerie,1,15866,6.302785831337451e-05
queue,1,15866,6.302785831337451e-05
supportent,1,15866,6.302785831337451e-05
recours,1,15866,6.302785831337451e-05
vieille,1,15866,6.302785831337451e-05
augmentation,1,15866,6.302785831337451e-05
porcelaine,1,15866,6.302785831337451e-05
librairie,1,15866,6.302785831337451e-05
vénération,1,15866,6.302785831337451e-05
années,1,15866,6.302785831337451e-05
j’indiquerai,1,15866,6.302785831337451e-05
siamois,1,15866,6.302785831337451e-05
meringues,1,15866,6.302785831337451e-05
heures,1,15866,6.302785831337451e-05
varie,1,15866,6.302785831337451e-05
fs,1,15866,6.302785831337451e-05
escoff1er,1,15866,6.302785831337451e-05
coloniale,1,15866,6.302785831337451e-05
forment,1,15866,6.302785831337451e-05
116,1,15866,6.302785831337451e-05
principale,1,15866,6.302785831337451e-05
spéciales,1,15866,6.302785831337451e-05
originale,1,15866,6.302785831337451e-05
genres,1,15866,6.302785831337451e-05
ménagerez,1,15866,6.302785831337451e-05
l’obtenir,1,15866,6.302785831337451e-05
güisihe,1,15866,6.302785831337451e-05
nourrissante,1,15866,6.302785831337451e-05
étendu,1,15866,6.302785831337451e-05
\\,1,15866,6.302785831337451e-05
771,1,15866,6.302785831337451e-05
associe,1,15866,6.302785831337451e-05
rend,1,15866,6.302785831337451e-05
boîtes,1,15866,6.302785831337451e-05
saura,1,15866,6.302785831337451e-05
écumoires,1,15866,6.302785831337451e-05
percés,1,15866,6.302785831337451e-05
pius,1,15866,6.302785831337451e-05
hautement,1,15866,6.302785831337451e-05
rougir,1,15866,6.302785831337451e-05
frites,1,15866,6.302785831337451e-05
yvon,1,15866,6.302785831337451e-05
plutôt,1,15866,6.302785831337451e-05
