ngram,count,total_words,frequency
0,410,7000,0.05857142857142857
5,245,7000,0.035
1,146,7000,0.02085714285714286
unä,122,7000,0.01742857142857143
man,113,7000,0.016142857142857143
in,111,7000,0.015857142857142858
mit,111,7000,0.015857142857142858
2,92,7000,0.013142857142857144
kohlrüben,91,7000,0.013
äie,90,7000,0.012857142857142857
3,74,7000,0.010571428571428572
^,72,7000,0.010285714285714285
8,70,7000,0.01
4,61,7000,0.008714285714285714
7,59,7000,0.00842857142857143
6,57,7000,0.008142857142857143
etwas,53,7000,0.007571428571428572
9,49,7000,0.007
oäer,45,7000,0.0064285714285714285
äer,41,7000,0.005857142857142857
koklrüben,37,7000,0.005285714285714286
°,36,7000,0.005142857142857143
äiese,35,7000,0.005
z,28,7000,0.004
ein,28,7000,0.004
gibt,27,7000,0.003857142857142857
eine,27,7000,0.003857142857142857
i,24,7000,0.0034285714285714284
von,24,7000,0.0034285714285714284
die,24,7000,0.0034285714285714284
12,23,7000,0.003285714285714286
nach,22,7000,0.003142857142857143
äen,22,7000,0.003142857142857143
gut,22,7000,0.003142857142857143
kann,21,7000,0.003
ist,21,7000,0.003
als,20,7000,0.002857142857142857
äas,20,7000,0.002857142857142857
ss«,20,7000,0.002857142857142857
^u,19,7000,0.0027142857142857142
l,19,7000,0.0027142857142857142
20,19,7000,0.0027142857142857142
10,18,7000,0.0025714285714285713
äem,18,7000,0.0025714285714285713
o,18,7000,0.0025714285714285713
einen,18,7000,0.0025714285714285713
17,18,7000,0.0025714285714285713
?u,17,7000,0.0024285714285714284
lälzt,17,7000,0.0024285714285714284
bei,16,7000,0.002285714285714286
weich,16,7000,0.002285714285714286
mucker,16,7000,0.002285714285714286
auf,16,7000,0.002285714285714286
18,16,7000,0.002285714285714286
und,15,7000,0.002142857142857143
21,15,7000,0.002142857142857143
alles,15,7000,0.002142857142857143
sal?,15,7000,0.002142857142857143
weräen,15,7000,0.002142857142857143
11,15,7000,0.002142857142857143
13,14,7000,0.002
15,14,7000,0.002
16,14,7000,0.002
an,14,7000,0.002
mus,13,7000,0.0018571428571428571
14,13,7000,0.0018571428571428571
76,13,7000,0.0018571428571428571
koblrüben,13,7000,0.0018571428571428571
«z,13,7000,0.0018571428571428571
90,13,7000,0.0018571428571428571
kutter,13,7000,0.0018571428571428571
nickt,13,7000,0.0018571428571428571
masse,12,7000,0.0017142857142857142
geschnittene,12,7000,0.0017142857142857142
sie,12,7000,0.0017142857142857142
zubereitung,12,7000,0.0017142857142857142
fleisch,12,7000,0.0017142857142857142
über,12,7000,0.0017142857142857142
19,12,7000,0.0017142857142857142
pfeffer,12,7000,0.0017142857142857142
>,12,7000,0.0017142857142857142
bis,11,7000,0.0015714285714285715
24,11,7000,0.0015714285714285715
äann,11,7000,0.0015714285714285715
oder,11,7000,0.0015714285714285715
mekl,11,7000,0.0015714285714285715
koklrübe,11,7000,0.0015714285714285715
gr,11,7000,0.0015714285714285715
nimmt,11,7000,0.0015714285714285715
scheiben,11,7000,0.0015714285714285715
22,11,7000,0.0015714285714285715
wie,11,7000,0.0015714285714285715
einem,10,7000,0.0014285714285714286
aus,10,7000,0.0014285714285714286
aasser,10,7000,0.0014285714285714286
«,10,7000,0.0014285714285714286
kocht,10,7000,0.0014285714285714286
löffel,10,7000,0.0014285714285714286
75,9,7000,0.0012857142857142856
äurck,9,7000,0.0012857142857142856
gan?,9,7000,0.0012857142857142856
sinä,9,7000,0.0012857142857142856
geschälte,9,7000,0.0012857142857142856
wenig,9,7000,0.0012857142857142856
nur,9,7000,0.0012857142857142856
einige,9,7000,0.0012857142857142856
preis,9,7000,0.0012857142857142856
das,9,7000,0.0012857142857142856
zwiebel,9,7000,0.0012857142857142856
wirä,9,7000,0.0012857142857142856
gewaschene,9,7000,0.0012857142857142856
pfunä,9,7000,0.0012857142857142856
32,9,7000,0.0012857142857142856
lxtrakt,8,7000,0.001142857142857143
kockt,8,7000,0.001142857142857143
so,8,7000,0.001142857142857143
der,8,7000,0.001142857142857143
25,8,7000,0.001142857142857143
ofen,8,7000,0.001142857142857143
«h,8,7000,0.001142857142857143
äes,8,7000,0.001142857142857143
f^ett,8,7000,0.001142857142857143
dann,8,7000,0.001142857142857143
h,8,7000,0.001142857142857143
ab,8,7000,0.001142857142857143
inzwischen,8,7000,0.001142857142857143
weick,8,7000,0.001142857142857143
im,8,7000,0.001142857142857143
kleine,8,7000,0.001142857142857143
gekochte,8,7000,0.001142857142857143
äa?u,7,7000,0.001
reichlich,7,7000,0.001
ge,7,7000,0.001
87,7,7000,0.001
geschnitten,7,7000,0.001
getrocknet,7,7000,0.001
kartoffeln,7,7000,0.001
42,7,7000,0.001
26,7,7000,0.001
würfel,7,7000,0.001
a,7,7000,0.001
äa^u,7,7000,0.001
200,7,7000,0.001
uncl,7,7000,0.001
einer,7,7000,0.001
72,7,7000,0.001
36,7,7000,0.001
gekocht,7,7000,0.001
80,6,7000,0.0008571428571428571
lioklrüben,6,7000,0.0008571428571428571
50,6,7000,0.0008571428571428571
ffett,6,7000,0.0008571428571428571
28,6,7000,0.0008571428571428571
140,6,7000,0.0008571428571428571
xoblrüben,6,7000,0.0008571428571428571
wieäer,6,7000,0.0008571428571428571
äaran,6,7000,0.0008571428571428571
den,6,7000,0.0008571428571428571
nicht,6,7000,0.0008571428571428571
81,6,7000,0.0008571428571428571
iett,6,7000,0.0008571428571428571
aber,6,7000,0.0008571428571428571
23,6,7000,0.0008571428571428571
tett,6,7000,0.0008571428571428571
semmel,6,7000,0.0008571428571428571
li,6,7000,0.0008571428571428571
44,6,7000,0.0008571428571428571
77,6,7000,0.0008571428571428571
mulz,6,7000,0.0008571428571428571
120,6,7000,0.0008571428571428571
stücke,6,7000,0.0008571428571428571
lesckmack,5,7000,0.0007142857142857143
73,5,7000,0.0007142857142857143
line,5,7000,0.0007142857142857143
wasser,5,7000,0.0007142857142857143
prise,5,7000,0.0007142857142857143
apfelmus,5,7000,0.0007142857142857143
100,5,7000,0.0007142857142857143
eines,5,7000,0.0007142857142857143
35,5,7000,0.0007142857142857143
q,5,7000,0.0007142857142857143
pflaumen,5,7000,0.0007142857142857143
ve,5,7000,0.0007142857142857143
giekt,5,7000,0.0007142857142857143
170,5,7000,0.0007142857142857143
rükrt,5,7000,0.0007142857142857143
66,5,7000,0.0007142857142857143
85,5,7000,0.0007142857142857143
äarüber,5,7000,0.0007142857142857143
t,5,7000,0.0007142857142857143
86,5,7000,0.0007142857142857143
<,5,7000,0.0007142857142857143
sich,5,7000,0.0007142857142857143
äünne,5,7000,0.0007142857142857143
ii,5,7000,0.0007142857142857143
xoklrüben,5,7000,0.0007142857142857143
27,5,7000,0.0007142857142857143
lssig,5,7000,0.0007142857142857143
37,5,7000,0.0007142857142857143
salat,5,7000,0.0007142857142857143
ülasser,5,7000,0.0007142857142857143
^ett,5,7000,0.0007142857142857143
43,5,7000,0.0007142857142857143
geriebene,5,7000,0.0007142857142857143
gekochten,5,7000,0.0007142857142857143
vie,5,7000,0.0007142857142857143
55,5,7000,0.0007142857142857143
67,5,7000,0.0007142857142857143
abgegossen,5,7000,0.0007142857142857143
95,5,7000,0.0007142857142857143
äick,5,7000,0.0007142857142857143
kocken,4,7000,0.0005714285714285715
s^rup,4,7000,0.0005714285714285715
reibt,4,7000,0.0005714285714285715
48,4,7000,0.0005714285714285715
weichgekochte,4,7000,0.0005714285714285715
mal,4,7000,0.0005714285714285715
70,4,7000,0.0005714285714285715
91,4,7000,0.0005714285714285715
^leisckbrüke,4,7000,0.0005714285714285715
lrbsen,4,7000,0.0005714285714285715
iiii,4,7000,0.0005714285714285715
240,4,7000,0.0005714285714285715
51,4,7000,0.0005714285714285715
kokl,4,7000,0.0005714285714285715
gielzt,4,7000,0.0005714285714285715
zitrone,4,7000,0.0005714285714285715
ick,4,7000,0.0005714285714285715
diese,4,7000,0.0005714285714285715
auch,4,7000,0.0005714285714285715
es,4,7000,0.0005714285714285715
verschnittene,4,7000,0.0005714285714285715
zusammen,4,7000,0.0005714285714285715
88,4,7000,0.0005714285714285715
"""",4,7000,0.0005714285714285715
93,4,7000,0.0005714285714285715
gebacken,4,7000,0.0005714285714285715
fügt,4,7000,0.0005714285714285715
cxtrakt,4,7000,0.0005714285714285715
40,4,7000,0.0005714285714285715
ss,4,7000,0.0005714285714285715
anstatt,4,7000,0.0005714285714285715
v,4,7000,0.0005714285714285715
69,4,7000,0.0005714285714285715
minuten,4,7000,0.0005714285714285715
um,4,7000,0.0005714285714285715
jeäes,4,7000,0.0005714285714285715
38,4,7000,0.0005714285714285715
langsam,4,7000,0.0005714285714285715
82,4,7000,0.0005714285714285715
450,4,7000,0.0005714285714285715
31,4,7000,0.0005714285714285715
gekorkte,4,7000,0.0005714285714285715
33,4,7000,0.0005714285714285715
stes,4,7000,0.0005714285714285715
auck,4,7000,0.0005714285714285715
130,4,7000,0.0005714285714285715
kompott,4,7000,0.0005714285714285715
39,4,7000,0.0005714285714285715
kümmel,4,7000,0.0005714285714285715
lutter,4,7000,0.0005714285714285715
speisen,4,7000,0.0005714285714285715
verlag,4,7000,0.0005714285714285715
60,4,7000,0.0005714285714285715
160,4,7000,0.0005714285714285715
je,4,7000,0.0005714285714285715
geben,4,7000,0.0005714285714285715
nack,4,7000,0.0005714285714285715
für,4,7000,0.0005714285714285715
iii,4,7000,0.0005714285714285715
msger,4,7000,0.0005714285714285715
fleischbrühe,4,7000,0.0005714285714285715
320,4,7000,0.0005714285714285715
salzwasser,4,7000,0.0005714285714285715
gleiche,4,7000,0.0005714285714285715
ca,4,7000,0.0005714285714285715
scbneiäet,4,7000,0.0005714285714285715
rüben,4,7000,0.0005714285714285715
nahrungsmittel,4,7000,0.0005714285714285715
56,4,7000,0.0005714285714285715
legt,4,7000,0.0005714285714285715
läkt,4,7000,0.0005714285714285715
sckneiäet,4,7000,0.0005714285714285715
30,4,7000,0.0005714285714285715
29,4,7000,0.0005714285714285715
oering,3,7000,0.00042857142857142855
kaltbar,3,7000,0.00042857142857142855
190,3,7000,0.00042857142857142855
sick,3,7000,0.00042857142857142855
54,3,7000,0.00042857142857142855
bäckt,3,7000,0.00042857142857142855
sal^,3,7000,0.00042857142857142855
geeignet,3,7000,0.00042857142857142855
hausfrau,3,7000,0.00042857142857142855
mitteliett,3,7000,0.00042857142857142855
2ur,3,7000,0.00042857142857142855
dieses,3,7000,0.00042857142857142855
41,3,7000,0.00042857142857142855
vorder,3,7000,0.00042857142857142855
suppe,3,7000,0.00042857142857142855
lescbmack,3,7000,0.00042857142857142855
quer,3,7000,0.00042857142857142855
99,3,7000,0.00042857142857142855
391,3,7000,0.00042857142857142855
geäünstet,3,7000,0.00042857142857142855
krüke,3,7000,0.00042857142857142855
stunäe,3,7000,0.00042857142857142855
6ut,3,7000,0.00042857142857142855
schwere,3,7000,0.00042857142857142855
übergossen,3,7000,0.00042857142857142855
verrükrt,3,7000,0.00042857142857142855
erkökt,3,7000,0.00042857142857142855
äünstet,3,7000,0.00042857142857142855
leicht,3,7000,0.00042857142857142855
äiesem,3,7000,0.00042857142857142855
okne,3,7000,0.00042857142857142855
sieb,3,7000,0.00042857142857142855
k,3,7000,0.00042857142857142855
zitronensaft,3,7000,0.00042857142857142855
ten,3,7000,0.00042857142857142855
schickt,3,7000,0.00042857142857142855
saft,3,7000,0.00042857142857142855
2u,3,7000,0.00042857142857142855
machen,3,7000,0.00042857142857142855
können,3,7000,0.00042857142857142855
kartoffel,3,7000,0.00042857142857142855
abgekochten,3,7000,0.00042857142857142855
kilo,3,7000,0.00042857142857142855
keigabe,3,7000,0.00042857142857142855
zwischen,3,7000,0.00042857142857142855
keulchen,3,7000,0.00042857142857142855
ocksena,3,7000,0.00042857142857142855
89,3,7000,0.00042857142857142855
sieke,3,7000,0.00042857142857142855
sonst,3,7000,0.00042857142857142855
streifen,3,7000,0.00042857142857142855
voll,3,7000,0.00042857142857142855
beiäes,3,7000,0.00042857142857142855
gebräuchlichsten,3,7000,0.00042857142857142855
zitronenschale,3,7000,0.00042857142857142855
kartoffelmus,3,7000,0.00042857142857142855
kohlrübe,3,7000,0.00042857142857142855
siebe,3,7000,0.00042857142857142855
409,3,7000,0.00042857142857142855
52,3,7000,0.00042857142857142855
krei,3,7000,0.00042857142857142855
mischgemüse,3,7000,0.00042857142857142855
marktpreis,3,7000,0.00042857142857142855
klein,3,7000,0.00042857142857142855
ä,3,7000,0.00042857142857142855
^arte,3,7000,0.00042857142857142855
äienen,3,7000,0.00042857142857142855
nakrungsmittel,3,7000,0.00042857142857142855
salü,3,7000,0.00042857142857142855
grolze,3,7000,0.00042857142857142855
pfeffergurke,3,7000,0.00042857142857142855
äurcb,3,7000,0.00042857142857142855
speise,3,7000,0.00042857142857142855
unter,3,7000,0.00042857142857142855
gewaschen,3,7000,0.00042857142857142855
kaden,3,7000,0.00042857142857142855
karpfen,3,7000,0.00042857142857142855
47,3,7000,0.00042857142857142855
treibt,3,7000,0.00042857142857142855
bat,3,7000,0.00042857142857142855
ülürfel,3,7000,0.00042857142857142855
jeäe,3,7000,0.00042857142857142855
krübe,3,7000,0.00042857142857142855
obenauf,3,7000,0.00042857142857142855
d,3,7000,0.00042857142857142855
lei,3,7000,0.00042857142857142855
vor,3,7000,0.00042857142857142855
xoklrübe,3,7000,0.00042857142857142855
welches,3,7000,0.00042857142857142855
53,3,7000,0.00042857142857142855
lick,3,7000,0.00042857142857142855
180,3,7000,0.00042857142857142855
kocbt,3,7000,0.00042857142857142855
83,3,7000,0.00042857142857142855
aufkochen,3,7000,0.00042857142857142855
abgekochtes,3,7000,0.00042857142857142855
abtropfen,3,7000,0.00042857142857142855
zusammensetzung,3,7000,0.00042857142857142855
lange,3,7000,0.00042857142857142855
arbeit,3,7000,0.00042857142857142855
bestreut,3,7000,0.00042857142857142855
art,3,7000,0.00042857142857142855
weichgekocht,3,7000,0.00042857142857142855
zz,2,7000,0.00028571428571428574
stets,2,7000,0.00028571428571428574
230,2,7000,0.00028571428571428574
ver,2,7000,0.00028571428571428574
tägliche,2,7000,0.00028571428571428574
gan^,2,7000,0.00028571428571428574
715,2,7000,0.00028571428571428574
übrig,2,7000,0.00028571428571428574
marmelaäe,2,7000,0.00028571428571428574
leschmack,2,7000,0.00028571428571428574
ö,2,7000,0.00028571428571428574
kucke,2,7000,0.00028571428571428574
398,2,7000,0.00028571428571428574
kraten,2,7000,0.00028571428571428574
keäarf,2,7000,0.00028571428571428574
erwachsene,2,7000,0.00028571428571428574
äarf,2,7000,0.00028571428571428574
säumig,2,7000,0.00028571428571428574
getrockneten,2,7000,0.00028571428571428574
275,2,7000,0.00028571428571428574
koklrübenmus,2,7000,0.00028571428571428574
keraus,2,7000,0.00028571428571428574
gesunäe,2,7000,0.00028571428571428574
vi,2,7000,0.00028571428571428574
pfennig,2,7000,0.00028571428571428574
mir,2,7000,0.00028571428571428574
macht,2,7000,0.00028571428571428574
ieäes,2,7000,0.00028571428571428574
57,2,7000,0.00028571428571428574
verschiedensten,2,7000,0.00028571428571428574
mökren,2,7000,0.00028571428571428574
steden,2,7000,0.00028571428571428574
äicke,2,7000,0.00028571428571428574
mebl,2,7000,0.00028571428571428574
lut,2,7000,0.00028571428571428574
rriegskochbuch,2,7000,0.00028571428571428574
braun,2,7000,0.00028571428571428574
kübe,2,7000,0.00028571428571428574
ffleisckbrüke,2,7000,0.00028571428571428574
gegeben,2,7000,0.00028571428571428574
ostpreuhischer,2,7000,0.00028571428571428574
kohlrübenbrei,2,7000,0.00028571428571428574
ülärme,2,7000,0.00028571428571428574
gesalzen,2,7000,0.00028571428571428574
brükt,2,7000,0.00028571428571428574
körper,2,7000,0.00028571428571428574
einkochen,2,7000,0.00028571428571428574
beste,2,7000,0.00028571428571428574
ffleisck,2,7000,0.00028571428571428574
316,2,7000,0.00028571428571428574
bleiben,2,7000,0.00028571428571428574
125,2,7000,0.00028571428571428574
^ohirüben,2,7000,0.00028571428571428574
könig,2,7000,0.00028571428571428574
lassen,2,7000,0.00028571428571428574
multipliziert,2,7000,0.00028571428571428574
kodlrüben,2,7000,0.00028571428571428574
sowie,2,7000,0.00028571428571428574
cler,2,7000,0.00028571428571428574
kalten,2,7000,0.00028571428571428574
weil,2,7000,0.00028571428571428574
tabelle,2,7000,0.00028571428571428574
gesalzener,2,7000,0.00028571428571428574
kartoffelmekl,2,7000,0.00028571428571428574
260,2,7000,0.00028571428571428574
nackäem,2,7000,0.00028571428571428574
j,2,7000,0.00028571428571428574
45,2,7000,0.00028571428571428574
kräftig,2,7000,0.00028571428571428574
361,2,7000,0.00028571428571428574
^unke,2,7000,0.00028571428571428574
rübrt,2,7000,0.00028571428571428574
einzukochen,2,7000,0.00028571428571428574
883,2,7000,0.00028571428571428574
möglichst,2,7000,0.00028571428571428574
zwiebeln,2,7000,0.00028571428571428574
ungekochten,2,7000,0.00028571428571428574
393,2,7000,0.00028571428571428574
>40,2,7000,0.00028571428571428574
kochen,2,7000,0.00028571428571428574
verriebene,2,7000,0.00028571428571428574
gestolzenen,2,7000,0.00028571428571428574
knete,2,7000,0.00028571428571428574
form,2,7000,0.00028571428571428574
cias,2,7000,0.00028571428571428574
beifügen,2,7000,0.00028571428571428574
xoklrllben,2,7000,0.00028571428571428574
gebliebene,2,7000,0.00028571428571428574
2028,2,7000,0.00028571428571428574
175,2,7000,0.00028571428571428574
>9,2,7000,0.00028571428571428574
^lda,2,7000,0.00028571428571428574
zur,2,7000,0.00028571428571428574
drückte,2,7000,0.00028571428571428574
milck,2,7000,0.00028571428571428574
129,2,7000,0.00028571428571428574
viel,2,7000,0.00028571428571428574
1000,2,7000,0.00028571428571428574
näbrwert,2,7000,0.00028571428571428574
geärückt,2,7000,0.00028571428571428574
iriscti,2,7000,0.00028571428571428574
rohlrüben,2,7000,0.00028571428571428574
viele,2,7000,0.00028571428571428574
?um,2,7000,0.00028571428571428574
ben,2,7000,0.00028571428571428574
bestänäigem,2,7000,0.00028571428571428574
schnittene,2,7000,0.00028571428571428574
mackt,2,7000,0.00028571428571428574
menschen,2,7000,0.00028571428571428574
xsse,2,7000,0.00028571428571428574
mhe,2,7000,0.00028571428571428574
ffleisch,2,7000,0.00028571428571428574
sauber,2,7000,0.00028571428571428574
klöhe,2,7000,0.00028571428571428574
gieken,2,7000,0.00028571428571428574
dill,2,7000,0.00028571428571428574
oben,2,7000,0.00028571428571428574
mäßiger,2,7000,0.00028571428571428574
paniert,2,7000,0.00028571428571428574
lxemplsr,2,7000,0.00028571428571428574
ungefähr,2,7000,0.00028571428571428574
anweisung,2,7000,0.00028571428571428574
64,2,7000,0.00028571428571428574
koklek^ärate,2,7000,0.00028571428571428574
gebackenen,2,7000,0.00028571428571428574
geschlagen,2,7000,0.00028571428571428574
klölze,2,7000,0.00028571428571428574
schweinefleisch,2,7000,0.00028571428571428574
gescknittene,2,7000,0.00028571428571428574
vorschrift,2,7000,0.00028571428571428574
sogar,2,7000,0.00028571428571428574
koblrübe,2,7000,0.00028571428571428574
765,2,7000,0.00028571428571428574
füllt,2,7000,0.00028571428571428574
erkalten,2,7000,0.00028571428571428574
backen,2,7000,0.00028571428571428574
äurckeinanäer,2,7000,0.00028571428571428574
bringt,2,7000,0.00028571428571428574
professor,2,7000,0.00028571428571428574
bel,2,7000,0.00028571428571428574
gebackenem,2,7000,0.00028571428571428574
erfolgen,2,7000,0.00028571428571428574
äaker,2,7000,0.00028571428571428574
solches,2,7000,0.00028571428571428574
scköne,2,7000,0.00028571428571428574
nock,2,7000,0.00028571428571428574
kin^u,2,7000,0.00028571428571428574
grüne,2,7000,0.00028571428571428574
möge,2,7000,0.00028571428571428574
röstcken,2,7000,0.00028571428571428574
äämpft,2,7000,0.00028571428571428574
sckeiben,2,7000,0.00028571428571428574
geäämpft,2,7000,0.00028571428571428574
arbeitende,2,7000,0.00028571428571428574
schale,2,7000,0.00028571428571428574
02,2,7000,0.00028571428571428574
ohne,2,7000,0.00028571428571428574
lioklrübe,2,7000,0.00028571428571428574
xu,2,7000,0.00028571428571428574
üblichen,2,7000,0.00028571428571428574
gegen,2,7000,0.00028571428571428574
imrgeläwert,2,7000,0.00028571428571428574
243,2,7000,0.00028571428571428574
360,2,7000,0.00028571428571428574
262,2,7000,0.00028571428571428574
weniger,2,7000,0.00028571428571428574
300,2,7000,0.00028571428571428574
250,2,7000,0.00028571428571428574
^leiscbbrübe,2,7000,0.00028571428571428574
chemnitz,2,7000,0.00028571428571428574
302,2,7000,0.00028571428571428574
bestrickenen,2,7000,0.00028571428571428574
gewinnen,2,7000,0.00028571428571428574
gersuckert,2,7000,0.00028571428571428574
ärückt,2,7000,0.00028571428571428574
nie,2,7000,0.00028571428571428574
i^äächen,2,7000,0.00028571428571428574
geschält,2,7000,0.00028571428571428574
kirnen,2,7000,0.00028571428571428574
874,2,7000,0.00028571428571428574
milchreisart,2,7000,0.00028571428571428574
billigsten,2,7000,0.00028571428571428574
68,2,7000,0.00028571428571428574
is,2,7000,0.00028571428571428574
sonäern,2,7000,0.00028571428571428574
aürfel,2,7000,0.00028571428571428574
sein,2,7000,0.00028571428571428574
mariniert,2,7000,0.00028571428571428574
62,2,7000,0.00028571428571428574
vereitung,2,7000,0.00028571428571428574
rübe,2,7000,0.00028571428571428574
z0,2,7000,0.00028571428571428574
lal?,2,7000,0.00028571428571428574
weg,2,7000,0.00028571428571428574
dick,2,7000,0.00028571428571428574
i^unke,2,7000,0.00028571428571428574
reibeisen,2,7000,0.00028571428571428574
deckel,2,7000,0.00028571428571428574
schneidet,2,7000,0.00028571428571428574
äarin,2,7000,0.00028571428571428574
5aft,2,7000,0.00028571428571428574
163,2,7000,0.00028571428571428574
vielen,2,7000,0.00028571428571428574
unserer,2,7000,0.00028571428571428574
lräe,2,7000,0.00028571428571428574
junge,2,7000,0.00028571428571428574
gelbe,2,7000,0.00028571428571428574
krot,2,7000,0.00028571428571428574
geriebener,2,7000,0.00028571428571428574
stampft,2,7000,0.00028571428571428574
^uckerfarbe,2,7000,0.00028571428571428574
nochmals,2,7000,0.00028571428571428574
zucker,2,7000,0.00028571428571428574
solche,2,7000,0.00028571428571428574
gielzen,2,7000,0.00028571428571428574
litronen,2,7000,0.00028571428571428574
?fg,2,7000,0.00028571428571428574
1813,2,7000,0.00028571428571428574
lasse,2,7000,0.00028571428571428574
wissen,2,7000,0.00028571428571428574
gelegt,2,7000,0.00028571428571428574
ltwas,2,7000,0.00028571428571428574
5uppe,2,7000,0.00028571428571428574
144,2,7000,0.00028571428571428574
werden,2,7000,0.00028571428571428574
410,2,7000,0.00028571428571428574
koche,2,7000,0.00028571428571428574
vorzüglicher,2,7000,0.00028571428571428574
möhren,2,7000,0.00028571428571428574
214,2,7000,0.00028571428571428574
fruchten,2,7000,0.00028571428571428574
macke,2,7000,0.00028571428571428574
jeäer,2,7000,0.00028571428571428574
cinkocken,2,7000,0.00028571428571428574
unberücksichtigt,2,7000,0.00028571428571428574
näkrgeläwert,2,7000,0.00028571428571428574
w,2,7000,0.00028571428571428574
schöpsenfleisch,2,7000,0.00028571428571428574
150,2,7000,0.00028571428571428574
veräickt,2,7000,0.00028571428571428574
gute,2,7000,0.00028571428571428574
^eile,2,7000,0.00028571428571428574
feine,2,7000,0.00028571428571428574
äasselbe,2,7000,0.00028571428571428574
hauptsache,2,7000,0.00028571428571428574
84,2,7000,0.00028571428571428574
äieses,2,7000,0.00028571428571428574
110,2,7000,0.00028571428571428574
rungsmittel,2,7000,0.00028571428571428574
zitronen,2,7000,0.00028571428571428574
koblrllben,2,7000,0.00028571428571428574
äarauf,2,7000,0.00028571428571428574
4847,2,7000,0.00028571428571428574
49,2,7000,0.00028571428571428574
ocier,2,7000,0.00028571428571428574
geschalte,2,7000,0.00028571428571428574
prelzkefe,2,7000,0.00028571428571428574
äa,2,7000,0.00028571428571428574
kartoffelmehl,2,7000,0.00028571428571428574
113,2,7000,0.00028571428571428574
seines,2,7000,0.00028571428571428574
524,2,7000,0.00028571428571428574
artikel,2,7000,0.00028571428571428574
turnip,2,7000,0.00028571428571428574
also,2,7000,0.00028571428571428574
friese,2,7000,0.00028571428571428574
nakrungsmittels,2,7000,0.00028571428571428574
genannt,2,7000,0.00028571428571428574
ltunäe,2,7000,0.00028571428571428574
braune,2,7000,0.00028571428571428574
z«,2,7000,0.00028571428571428574
kakm,2,7000,0.00028571428571428574
fein,2,7000,0.00028571428571428574
wür^t,2,7000,0.00028571428571428574
<>,1,7000,0.00014285714285714287
kohlruben,1,7000,0.00014285714285714287
len,1,7000,0.00014285714285714287
geräucherter,1,7000,0.00014285714285714287
linige,1,7000,0.00014285714285714287
kuttermilch,1,7000,0.00014285714285714287
entbält,1,7000,0.00014285714285714287
val,1,7000,0.00014285714285714287
unc,1,7000,0.00014285714285714287
sal^e,1,7000,0.00014285714285714287
vvirä,1,7000,0.00014285714285714287
i^scks,1,7000,0.00014285714285714287
roke,1,7000,0.00014285714285714287
nächsten,1,7000,0.00014285714285714287
öeruck,1,7000,0.00014285714285714287
gesalzenem,1,7000,0.00014285714285714287
kaltes,1,7000,0.00014285714285714287
xönig,1,7000,0.00014285714285714287
flack,1,7000,0.00014285714285714287
lang,1,7000,0.00014285714285714287
öeite,1,7000,0.00014285714285714287
länglicbe,1,7000,0.00014285714285714287
schwarzbrot,1,7000,0.00014285714285714287
veräaulick,1,7000,0.00014285714285714287
mischen,1,7000,0.00014285714285714287
äurckkocben,1,7000,0.00014285714285714287
^isckbrüke,1,7000,0.00014285714285714287
^usammenkält,1,7000,0.00014285714285714287
?ulet2t,1,7000,0.00014285714285714287
löst,1,7000,0.00014285714285714287
wür?,1,7000,0.00014285714285714287
nennt,1,7000,0.00014285714285714287
zodannlsztrsbe,1,7000,0.00014285714285714287
bexw,1,7000,0.00014285714285714287
läöt,1,7000,0.00014285714285714287
weisen,1,7000,0.00014285714285714287
693,1,7000,0.00014285714285714287
1177,1,7000,0.00014285714285714287
natur,1,7000,0.00014285714285714287
2i,1,7000,0.00014285714285714287
vermisckt,1,7000,0.00014285714285714287
verkochen,1,7000,0.00014285714285714287
bellgelb,1,7000,0.00014285714285714287
eingekochter?uckerbrüke,1,7000,0.00014285714285714287
anrichten,1,7000,0.00014285714285714287
sükem,1,7000,0.00014285714285714287
zusrk,1,7000,0.00014285714285714287
schneiäet,1,7000,0.00014285714285714287
lruckteile,1,7000,0.00014285714285714287
speck,1,7000,0.00014285714285714287
navet,1,7000,0.00014285714285714287
gereinigt,1,7000,0.00014285714285714287
stäubt,1,7000,0.00014285714285714287
illuls,1,7000,0.00014285714285714287
?tg,1,7000,0.00014285714285714287
luftäickt,1,7000,0.00014285714285714287
qrsupen,1,7000,0.00014285714285714287
218,1,7000,0.00014285714285714287
verfe>55mn,1,7000,0.00014285714285714287
1v,1,7000,0.00014285714285714287
lieisclipulver,1,7000,0.00014285714285714287
2v,1,7000,0.00014285714285714287
^v,1,7000,0.00014285714285714287
kochvorscbrift,1,7000,0.00014285714285714287
kiest,1,7000,0.00014285714285714287
kübren,1,7000,0.00014285714285714287
sollte,1,7000,0.00014285714285714287
erkält^,1,7000,0.00014285714285714287
kuchen,1,7000,0.00014285714285714287
lrsat?,1,7000,0.00014285714285714287
?e,1,7000,0.00014285714285714287
schichtweise,1,7000,0.00014285714285714287
«i,1,7000,0.00014285714285714287
?immt,1,7000,0.00014285714285714287
meklsckwit?ie,1,7000,0.00014285714285714287
zeiten,1,7000,0.00014285714285714287
schärfen,1,7000,0.00014285714285714287
?fefferfleisch,1,7000,0.00014285714285714287
gesunäbeitlicken,1,7000,0.00014285714285714287
10i,1,7000,0.00014285714285714287
6?fg,1,7000,0.00014285714285714287
genügt,1,7000,0.00014285714285714287
kennen,1,7000,0.00014285714285714287
65,1,7000,0.00014285714285714287
hsmmeltleiscti,1,7000,0.00014285714285714287
äünsten,1,7000,0.00014285714285714287
kriegsfleisck,1,7000,0.00014285714285714287
kohl,1,7000,0.00014285714285714287
unglmittel,1,7000,0.00014285714285714287
kot,1,7000,0.00014285714285714287
macken,1,7000,0.00014285714285714287
saure,1,7000,0.00014285714285714287
koiinen,1,7000,0.00014285714285714287
lraten,1,7000,0.00014285714285714287
>uerkraut,1,7000,0.00014285714285714287
berausgegeben,1,7000,0.00014285714285714287
sal^brüke,1,7000,0.00014285714285714287
337,1,7000,0.00014285714285714287
^unken,1,7000,0.00014285714285714287
lweilz,1,7000,0.00014285714285714287
2496,1,7000,0.00014285714285714287
394,1,7000,0.00014285714285714287
ülürkel,1,7000,0.00014285714285714287
abtrocknen,1,7000,0.00014285714285714287
cler?u,1,7000,0.00014285714285714287
«eil,1,7000,0.00014285714285714287
genug,1,7000,0.00014285714285714287
beilz,1,7000,0.00014285714285714287
formt,1,7000,0.00014285714285714287
äalz,1,7000,0.00014285714285714287
gliben,1,7000,0.00014285714285714287
gestobenen,1,7000,0.00014285714285714287
677,1,7000,0.00014285714285714287
706,1,7000,0.00014285714285714287
körper27,1,7000,0.00014285714285714287
nes,1,7000,0.00014285714285714287
208z,1,7000,0.00014285714285714287
lrube,1,7000,0.00014285714285714287
bedürfen,1,7000,0.00014285714285714287
gebi,1,7000,0.00014285714285714287
1017,1,7000,0.00014285714285714287
878,1,7000,0.00014285714285714287
567,1,7000,0.00014285714285714287
schmeckt,1,7000,0.00014285714285714287
lateiner,1,7000,0.00014285714285714287
stürmt,1,7000,0.00014285714285714287
1191,1,7000,0.00014285714285714287
cv,1,7000,0.00014285714285714287
601,1,7000,0.00014285714285714287
biertunke,1,7000,0.00014285714285714287
rokr,1,7000,0.00014285714285714287
1839,1,7000,0.00014285714285714287
mkren,1,7000,0.00014285714285714287
veutscke,1,7000,0.00014285714285714287
cr,1,7000,0.00014285714285714287
wohlgeschmack,1,7000,0.00014285714285714287
sal^weichgekockt,1,7000,0.00014285714285714287
lrkalten,1,7000,0.00014285714285714287
zuck,1,7000,0.00014285714285714287
ackte,1,7000,0.00014285714285714287
sckmackkafter,1,7000,0.00014285714285714287
breiig,1,7000,0.00014285714285714287
470,1,7000,0.00014285714285714287
ni5strshe,1,7000,0.00014285714285714287
46,1,7000,0.00014285714285714287
157,1,7000,0.00014285714285714287
1433,1,7000,0.00014285714285714287
116,1,7000,0.00014285714285714287
fleischbrübe,1,7000,0.00014285714285714287
flüssigen,1,7000,0.00014285714285714287
verhältnilz,1,7000,0.00014285714285714287
?wetsi5>en,1,7000,0.00014285714285714287
xunstbutter,1,7000,0.00014285714285714287
^chliüben,1,7000,0.00014285714285714287
xoklrsdi,1,7000,0.00014285714285714287
weibliche,1,7000,0.00014285714285714287
lieber,1,7000,0.00014285714285714287
1uc>e>n,1,7000,0.00014285714285714287
stenozrapkie,1,7000,0.00014285714285714287
per,1,7000,0.00014285714285714287
senfkörner,1,7000,0.00014285714285714287
2671,1,7000,0.00014285714285714287
ltunüen,1,7000,0.00014285714285714287
brauner,1,7000,0.00014285714285714287
litrone,1,7000,0.00014285714285714287
gestäubt,1,7000,0.00014285714285714287
eläser,1,7000,0.00014285714285714287
dauer,1,7000,0.00014285714285714287
entspreckenä,1,7000,0.00014285714285714287
i^ätirunasmittel,1,7000,0.00014285714285714287
soll,1,7000,0.00014285714285714287
abgetrocknete,1,7000,0.00014285714285714287
lichen,1,7000,0.00014285714285714287
diesen,1,7000,0.00014285714285714287
lz,1,7000,0.00014285714285714287
gefüllt,1,7000,0.00014285714285714287
pichelsteiner,1,7000,0.00014285714285714287
vorurteil,1,7000,0.00014285714285714287
imi,1,7000,0.00014285714285714287
kockenäer,1,7000,0.00014285714285714287
05,1,7000,0.00014285714285714287
768,1,7000,0.00014285714285714287
zalat,1,7000,0.00014285714285714287
würstltien,1,7000,0.00014285714285714287
lias,1,7000,0.00014285714285714287
kommenäer,1,7000,0.00014285714285714287
1>8,1,7000,0.00014285714285714287
linmackegläser,1,7000,0.00014285714285714287
1716,1,7000,0.00014285714285714287
?usammengerükrt,1,7000,0.00014285714285714287
aufnakme,1,7000,0.00014285714285714287
6an?e,1,7000,0.00014285714285714287
einpfund,1,7000,0.00014285714285714287
i^ederwurst,1,7000,0.00014285714285714287
142,1,7000,0.00014285714285714287
gern,1,7000,0.00014285714285714287
bekannt,1,7000,0.00014285714285714287
beträgt,1,7000,0.00014285714285714287
^nciei,1,7000,0.00014285714285714287
nähr,1,7000,0.00014285714285714287
mürbe,1,7000,0.00014285714285714287
winterkolu,1,7000,0.00014285714285714287
kiumenkolil,1,7000,0.00014285714285714287
mick,1,7000,0.00014285714285714287
5mv,1,7000,0.00014285714285714287
4687,1,7000,0.00014285714285714287
lluksaij,1,7000,0.00014285714285714287
reite,1,7000,0.00014285714285714287
livveilz,1,7000,0.00014285714285714287
2827,1,7000,0.00014285714285714287
sülzer,1,7000,0.00014285714285714287
kuckenblecken,1,7000,0.00014285714285714287
viesen,1,7000,0.00014285714285714287
einlegt,1,7000,0.00014285714285714287
1150,1,7000,0.00014285714285714287
900,1,7000,0.00014285714285714287
1296,1,7000,0.00014285714285714287
sal?e,1,7000,0.00014285714285714287
tin,1,7000,0.00014285714285714287
gebackene,1,7000,0.00014285714285714287
angebraten,1,7000,0.00014285714285714287
merxu,1,7000,0.00014285714285714287
denselben,1,7000,0.00014285714285714287
fn,1,7000,0.00014285714285714287
schütten,1,7000,0.00014285714285714287
ging,1,7000,0.00014285714285714287
isr^,1,7000,0.00014285714285714287
nerte,1,7000,0.00014285714285714287
4433,1,7000,0.00014285714285714287
1116,1,7000,0.00014285714285714287
regierung,1,7000,0.00014285714285714287
434,1,7000,0.00014285714285714287
meklsckwitzie,1,7000,0.00014285714285714287
zartfleiscbige,1,7000,0.00014285714285714287
cadaaze,1,7000,0.00014285714285714287
363094,1,7000,0.00014285714285714287
8tc>i^e,1,7000,0.00014285714285714287
zchweinefleisch,1,7000,0.00014285714285714287
awo,1,7000,0.00014285714285714287
105,1,7000,0.00014285714285714287
zrei,1,7000,0.00014285714285714287
kinäs,1,7000,0.00014285714285714287
crbsen,1,7000,0.00014285714285714287
wür?t,1,7000,0.00014285714285714287
claran,1,7000,0.00014285714285714287
uiert,1,7000,0.00014285714285714287
kalorien,1,7000,0.00014285714285714287
grübe,1,7000,0.00014285714285714287
verkockt,1,7000,0.00014285714285714287
sctis,1,7000,0.00014285714285714287
verkocken,1,7000,0.00014285714285714287
xrametsvöget,1,7000,0.00014285714285714287
zemmel,1,7000,0.00014285714285714287
1z,1,7000,0.00014285714285714287
neue,1,7000,0.00014285714285714287
lxisten?,1,7000,0.00014285714285714287
lalzt,1,7000,0.00014285714285714287
gelegenkeit,1,7000,0.00014285714285714287
folgen,1,7000,0.00014285714285714287
gebackenes,1,7000,0.00014285714285714287
?war,1,7000,0.00014285714285714287
angeschlossene,1,7000,0.00014285714285714287
980,1,7000,0.00014285714285714287
cierlelben,1,7000,0.00014285714285714287
mekr,1,7000,0.00014285714285714287
gerüuckert,1,7000,0.00014285714285714287
fleischbrüke,1,7000,0.00014285714285714287
c,1,7000,0.00014285714285714287
s^?rup,1,7000,0.00014285714285714287
206,1,7000,0.00014285714285714287
öeäarf,1,7000,0.00014285714285714287
i^ausenä,1,7000,0.00014285714285714287
samen,1,7000,0.00014285714285714287
pilsen,1,7000,0.00014285714285714287
1371,1,7000,0.00014285714285714287
xolrüben,1,7000,0.00014285714285714287
besten,1,7000,0.00014285714285714287
lclileie,1,7000,0.00014285714285714287
äeskalb,1,7000,0.00014285714285714287
imrstofs,1,7000,0.00014285714285714287
aufrübren,1,7000,0.00014285714285714287
pleisck,1,7000,0.00014285714285714287
probiert,1,7000,0.00014285714285714287
konservenerbsen,1,7000,0.00014285714285714287
lclovar^brot,1,7000,0.00014285714285714287
szährgeliiwert,1,7000,0.00014285714285714287
rot^lrüben,1,7000,0.00014285714285714287
mechanisch,1,7000,0.00014285714285714287
cinbeiten,1,7000,0.00014285714285714287
braunem,1,7000,0.00014285714285714287
kellbraun,1,7000,0.00014285714285714287
d«,1,7000,0.00014285714285714287
5000,1,7000,0.00014285714285714287
sülzstoff,1,7000,0.00014285714285714287
zabelsberzer,1,7000,0.00014285714285714287
l^aberclan,1,7000,0.00014285714285714287
lielze,1,7000,0.00014285714285714287
zube,1,7000,0.00014285714285714287
wieäerkolt,1,7000,0.00014285714285714287
lpargel,1,7000,0.00014285714285714287
^uchen,1,7000,0.00014285714285714287
lugen,1,7000,0.00014285714285714287
^nssk,1,7000,0.00014285714285714287
kzxempisr,1,7000,0.00014285714285714287
ihus,1,7000,0.00014285714285714287
1500,1,7000,0.00014285714285714287
versckwindet,1,7000,0.00014285714285714287
frieäens?eiten,1,7000,0.00014285714285714287
2548,1,7000,0.00014285714285714287
63,1,7000,0.00014285714285714287
üleickweräen,1,7000,0.00014285714285714287
verhältnis,1,7000,0.00014285714285714287
scköpsenfleisck,1,7000,0.00014285714285714287
meklbrei,1,7000,0.00014285714285714287
i1>,1,7000,0.00014285714285714287
152,1,7000,0.00014285714285714287
dunke,1,7000,0.00014285714285714287
258,1,7000,0.00014285714285714287
kin?u,1,7000,0.00014285714285714287
zugeben,1,7000,0.00014285714285714287
oer,1,7000,0.00014285714285714287
herausgegeben,1,7000,0.00014285714285714287
engliscti,1,7000,0.00014285714285714287
ksninckentleiscii,1,7000,0.00014285714285714287
scbwitötem,1,7000,0.00014285714285714287
benes,1,7000,0.00014285714285714287
i^apus,1,7000,0.00014285714285714287
sin,1,7000,0.00014285714285714287
tropft,1,7000,0.00014285714285714287
wenn,1,7000,0.00014285714285714287
dorsche,1,7000,0.00014285714285714287
686,1,7000,0.00014285714285714287
vorwort,1,7000,0.00014285714285714287
schwerer,1,7000,0.00014285714285714287
grolle,1,7000,0.00014285714285714287
5ode>,1,7000,0.00014285714285714287
auspressen,1,7000,0.00014285714285714287
479,1,7000,0.00014285714285714287
lcknittbolinxn,1,7000,0.00014285714285714287
ksnäiert,1,7000,0.00014285714285714287
usnut?ung,1,7000,0.00014285714285714287
zal^,1,7000,0.00014285714285714287
erbältlich,1,7000,0.00014285714285714287
nelke,1,7000,0.00014285714285714287
kaltem,1,7000,0.00014285714285714287
irmsäier,1,7000,0.00014285714285714287
ort,1,7000,0.00014285714285714287
liertunke,1,7000,0.00014285714285714287
gielit,1,7000,0.00014285714285714287
völlig,1,7000,0.00014285714285714287
^age,1,7000,0.00014285714285714287
bestreicbt,1,7000,0.00014285714285714287
fiausfrau,1,7000,0.00014285714285714287
8protten,1,7000,0.00014285714285714287
längliche,1,7000,0.00014285714285714287
äunkelbraun,1,7000,0.00014285714285714287
lrübe,1,7000,0.00014285714285714287
angesetzt,1,7000,0.00014285714285714287
205,1,7000,0.00014285714285714287
lrüke,1,7000,0.00014285714285714287
wirsing,1,7000,0.00014285714285714287
?arte,1,7000,0.00014285714285714287
341,1,7000,0.00014285714285714287
oorscti,1,7000,0.00014285714285714287
färbt,1,7000,0.00014285714285714287
?^u,1,7000,0.00014285714285714287
lxportdier,1,7000,0.00014285714285714287
797,1,7000,0.00014285714285714287
produkt,1,7000,0.00014285714285714287
zläser,1,7000,0.00014285714285714287
sckickt,1,7000,0.00014285714285714287
usw,1,7000,0.00014285714285714287
aärme,1,7000,0.00014285714285714287
fest,1,7000,0.00014285714285714287
keibeisen,1,7000,0.00014285714285714287
pflau,1,7000,0.00014285714285714287
men,1,7000,0.00014285714285714287
k«,1,7000,0.00014285714285714287
lmin,1,7000,0.00014285714285714287
seite,1,7000,0.00014285714285714287
empfieblt,1,7000,0.00014285714285714287
vveixenmelu,1,7000,0.00014285714285714287
1660,1,7000,0.00014285714285714287
102,1,7000,0.00014285714285714287
xalbsmil^li,1,7000,0.00014285714285714287
schicht,1,7000,0.00014285714285714287
mkl,1,7000,0.00014285714285714287
zu,1,7000,0.00014285714285714287
schä,1,7000,0.00014285714285714287
vvei?enrnek>,1,7000,0.00014285714285714287
backe,1,7000,0.00014285714285714287
fall,1,7000,0.00014285714285714287
kockvorsckriften,1,7000,0.00014285714285714287
frische,1,7000,0.00014285714285714287
lnglänäer,1,7000,0.00014285714285714287
äabei,1,7000,0.00014285714285714287
nützlich,1,7000,0.00014285714285714287
geprüft,1,7000,0.00014285714285714287
2410,1,7000,0.00014285714285714287
exemplar,1,7000,0.00014285714285714287
zubereiten,1,7000,0.00014285714285714287
mkrgelcwert,1,7000,0.00014285714285714287
vollen,1,7000,0.00014285714285714287
sicb,1,7000,0.00014285714285714287
liockbück,1,7000,0.00014285714285714287
reitung,1,7000,0.00014285714285714287
lentgurke,1,7000,0.00014285714285714287
dünne,1,7000,0.00014285714285714287
koblrübenmarmelaäe,1,7000,0.00014285714285714287
schnell,1,7000,0.00014285714285714287
dslst,1,7000,0.00014285714285714287
849,1,7000,0.00014285714285714287
kick,1,7000,0.00014285714285714287
xsldsmilck,1,7000,0.00014285714285714287
lege,1,7000,0.00014285714285714287
will,1,7000,0.00014285714285714287
223,1,7000,0.00014285714285714287
1728,1,7000,0.00014285714285714287
ose,1,7000,0.00014285714285714287
butterweich,1,7000,0.00014285714285714287
?ussmmenset?ung,1,7000,0.00014285714285714287
tiefen,1,7000,0.00014285714285714287
r^e,1,7000,0.00014285714285714287
cs,1,7000,0.00014285714285714287
kinveil,1,7000,0.00014285714285714287
zeliirn,1,7000,0.00014285714285714287
^ol,1,7000,0.00014285714285714287
üliäerwillens,1,7000,0.00014285714285714287
irüben,1,7000,0.00014285714285714287
^vviedsck,1,7000,0.00014285714285714287
kalbe,1,7000,0.00014285714285714287
schwache,1,7000,0.00014285714285714287
ffeuer,1,7000,0.00014285714285714287
nakrkaftesten,1,7000,0.00014285714285714287
molkenkiize,1,7000,0.00014285714285714287
kelter,1,7000,0.00014285714285714287
166,1,7000,0.00014285714285714287
sckält,1,7000,0.00014285714285714287
leigabe,1,7000,0.00014285714285714287
verkältnis,1,7000,0.00014285714285714287
wodurck,1,7000,0.00014285714285714287
koklrabi,1,7000,0.00014285714285714287
gelesene,1,7000,0.00014285714285714287
i^lilcti,1,7000,0.00014285714285714287
nak,1,7000,0.00014285714285714287
gleichen,1,7000,0.00014285714285714287
lllieiltiseii,1,7000,0.00014285714285714287
760,1,7000,0.00014285714285714287
kwlienzwi,1,7000,0.00014285714285714287
liebeln,1,7000,0.00014285714285714287
beimzhigei,1,7000,0.00014285714285714287
ülacbboläerbeeren,1,7000,0.00014285714285714287
woräen,1,7000,0.00014285714285714287
naccaroni,1,7000,0.00014285714285714287
pil?e,1,7000,0.00014285714285714287
eesckmack,1,7000,0.00014285714285714287
äieser,1,7000,0.00014285714285714287
123,1,7000,0.00014285714285714287
üben,1,7000,0.00014285714285714287
ier?u,1,7000,0.00014285714285714287
1037,1,7000,0.00014285714285714287
>«,1,7000,0.00014285714285714287
hering,1,7000,0.00014285714285714287
säumige,1,7000,0.00014285714285714287
ttartoffelstückchen,1,7000,0.00014285714285714287
n>as,1,7000,0.00014285714285714287
lorbeerblätter,1,7000,0.00014285714285714287
wein,1,7000,0.00014285714285714287
227,1,7000,0.00014285714285714287
?klsumen,1,7000,0.00014285714285714287
t«,1,7000,0.00014285714285714287
2046888,1,7000,0.00014285714285714287
382,1,7000,0.00014285714285714287
zellerie,1,7000,0.00014285714285714287
selbst,1,7000,0.00014285714285714287
bin^u,1,7000,0.00014285714285714287
ri,1,7000,0.00014285714285714287
788,1,7000,0.00014285714285714287
lesamtsumme,1,7000,0.00014285714285714287
kier?u,1,7000,0.00014285714285714287
2302,1,7000,0.00014285714285714287
vorstekenäe,1,7000,0.00014285714285714287
6e,1,7000,0.00014285714285714287
6emü5e,1,7000,0.00014285714285714287
ausgeschnittenen,1,7000,0.00014285714285714287
äaber,1,7000,0.00014285714285714287
verdunsten,1,7000,0.00014285714285714287
nannte,1,7000,0.00014285714285714287
fertigt,1,7000,0.00014285714285714287
beiäe,1,7000,0.00014285714285714287
malze,1,7000,0.00014285714285714287
mbrwert,1,7000,0.00014285714285714287
lckinken,1,7000,0.00014285714285714287
indischen,1,7000,0.00014285714285714287
fälz,1,7000,0.00014285714285714287
884,1,7000,0.00014285714285714287
8w^,1,7000,0.00014285714285714287
gevvoräen,1,7000,0.00014285714285714287
erkaltet,1,7000,0.00014285714285714287
praktische,1,7000,0.00014285714285714287
braucht,1,7000,0.00014285714285714287
ce,1,7000,0.00014285714285714287
lpinst,1,7000,0.00014285714285714287
>vei?enbrot,1,7000,0.00014285714285714287
lkampignon,1,7000,0.00014285714285714287
kutte,1,7000,0.00014285714285714287
kanäiert,1,7000,0.00014285714285714287
mnäfleisch,1,7000,0.00014285714285714287
familie,1,7000,0.00014285714285714287
rindfleisch,1,7000,0.00014285714285714287
ünterkoklrübe,1,7000,0.00014285714285714287
gekockte,1,7000,0.00014285714285714287
untätigen,1,7000,0.00014285714285714287
locker,1,7000,0.00014285714285714287
krt,1,7000,0.00014285714285714287
lxtrskt,1,7000,0.00014285714285714287
wird,1,7000,0.00014285714285714287
not,1,7000,0.00014285714285714287
tier^,1,7000,0.00014285714285714287
kebäck,1,7000,0.00014285714285714287
350,1,7000,0.00014285714285714287
lewür?,1,7000,0.00014285714285714287
iiiiiiiiiiiiii,1,7000,0.00014285714285714287
6emüse,1,7000,0.00014285714285714287
gielze,1,7000,0.00014285714285714287
59,1,7000,0.00014285714285714287
näkrwerttabelle,1,7000,0.00014285714285714287
lkou,1,7000,0.00014285714285714287
s2,1,7000,0.00014285714285714287
1421,1,7000,0.00014285714285714287
aoklgesckmack,1,7000,0.00014285714285714287
kür,1,7000,0.00014285714285714287
znnere,1,7000,0.00014285714285714287
koncis,1,7000,0.00014285714285714287
kanciiertes,1,7000,0.00014285714285714287
2742,1,7000,0.00014285714285714287
na8s,1,7000,0.00014285714285714287
geärekt,1,7000,0.00014285714285714287
solange,1,7000,0.00014285714285714287
kochenäes,1,7000,0.00014285714285714287
lratentunke,1,7000,0.00014285714285714287
zjäkrigen,1,7000,0.00014285714285714287
semmeln,1,7000,0.00014285714285714287
indem,1,7000,0.00014285714285714287
^tercieileiscii,1,7000,0.00014285714285714287
ackten,1,7000,0.00014285714285714287
aufgekocht,1,7000,0.00014285714285714287
erscheint,1,7000,0.00014285714285714287
745,1,7000,0.00014285714285714287
nicht?u,1,7000,0.00014285714285714287
zubereiteten,1,7000,0.00014285714285714287
lrsuenmilcti,1,7000,0.00014285714285714287
izwinch,1,7000,0.00014285714285714287
?ag,1,7000,0.00014285714285714287
äbnlick,1,7000,0.00014285714285714287
lellee,1,7000,0.00014285714285714287
344,1,7000,0.00014285714285714287
linlage,1,7000,0.00014285714285714287
leiäes,1,7000,0.00014285714285714287
konileli^,1,7000,0.00014285714285714287
gescbnittene,1,7000,0.00014285714285714287
keim,1,7000,0.00014285714285714287
vorker,1,7000,0.00014285714285714287
16t,1,7000,0.00014285714285714287
einemark,1,7000,0.00014285714285714287
rübenzucker,1,7000,0.00014285714285714287
reichlicher,1,7000,0.00014285714285714287
langt,1,7000,0.00014285714285714287
siwudt,1,7000,0.00014285714285714287
vvelcke,1,7000,0.00014285714285714287
ketteimann,1,7000,0.00014285714285714287
gslclwek,1,7000,0.00014285714285714287
k?incikleis<^>,1,7000,0.00014285714285714287
408,1,7000,0.00014285714285714287
rohlrübe,1,7000,0.00014285714285714287
ob,1,7000,0.00014285714285714287
«ss,1,7000,0.00014285714285714287
ärei,1,7000,0.00014285714285714287
s?,1,7000,0.00014285714285714287
seinen,1,7000,0.00014285714285714287
flüssiges,1,7000,0.00014285714285714287
nicbt,1,7000,0.00014285714285714287
abgetrocknet,1,7000,0.00014285714285714287
setzte,1,7000,0.00014285714285714287
vorivort,1,7000,0.00014285714285714287
bestimmen,1,7000,0.00014285714285714287
pichelsleiner,1,7000,0.00014285714285714287
dose,1,7000,0.00014285714285714287
einzusenden,1,7000,0.00014285714285714287
339,1,7000,0.00014285714285714287
körperge,1,7000,0.00014285714285714287
welchen,1,7000,0.00014285714285714287
„,1,7000,0.00014285714285714287
geschmackvoll,1,7000,0.00014285714285714287
liiere,1,7000,0.00014285714285714287
tinäen,1,7000,0.00014285714285714287
kohirüben,1,7000,0.00014285714285714287
aasserbaä,1,7000,0.00014285714285714287
linkaufper,1,7000,0.00014285714285714287
l^iaki,1,7000,0.00014285714285714287
stickstofffreien,1,7000,0.00014285714285714287
^leischbrübe,1,7000,0.00014285714285714287
nscti,1,7000,0.00014285714285714287
310,1,7000,0.00014285714285714287
krstlieringe,1,7000,0.00014285714285714287
beizugeben,1,7000,0.00014285714285714287
kartoffelstückchen,1,7000,0.00014285714285714287
sei,1,7000,0.00014285714285714287
lctione,1,7000,0.00014285714285714287
1029,1,7000,0.00014285714285714287
krat,1,7000,0.00014285714285714287
majoran,1,7000,0.00014285714285714287
üag,1,7000,0.00014285714285714287
zersulberr,1,7000,0.00014285714285714287
scharfem,1,7000,0.00014285714285714287
"dabrungsmittel""",1,7000,0.00014285714285714287
aufs,1,7000,0.00014285714285714287
verschaffen,1,7000,0.00014285714285714287
abküklen,1,7000,0.00014285714285714287
wicht,1,7000,0.00014285714285714287
lieck,1,7000,0.00014285714285714287
nacbäem,1,7000,0.00014285714285714287
8öld8t,1,7000,0.00014285714285714287
passenä,1,7000,0.00014285714285714287
zeigen,1,7000,0.00014285714285714287
nährwert,1,7000,0.00014285714285714287
pflan^en,1,7000,0.00014285714285714287
anpflanzung,1,7000,0.00014285714285714287
8ten0zrapkie,1,7000,0.00014285714285714287
warmen,1,7000,0.00014285714285714287
pfabl^,1,7000,0.00014285714285714287
erbswurst,1,7000,0.00014285714285714287
pfund,1,7000,0.00014285714285714287
äiesen,1,7000,0.00014285714285714287
hage,1,7000,0.00014285714285714287
ivisrgsrine,1,7000,0.00014285714285714287
6ias,1,7000,0.00014285714285714287
beseitigen,1,7000,0.00014285714285714287
t<oblrüben,1,7000,0.00014285714285714287
1125,1,7000,0.00014285714285714287
583,1,7000,0.00014285714285714287
ankaufs,1,7000,0.00014285714285714287
illllmiilllllllllllll,1,7000,0.00014285714285714287
lieller,1,7000,0.00014285714285714287
überall,1,7000,0.00014285714285714287
rooteä,1,7000,0.00014285714285714287
lckweine,1,7000,0.00014285714285714287
2z,1,7000,0.00014285714285714287
männliche,1,7000,0.00014285714285714287
ersckien,1,7000,0.00014285714285714287
aufkocken^,1,7000,0.00014285714285714287
i^unzs,1,7000,0.00014285714285714287
glätter,1,7000,0.00014285714285714287
nährstoffe,1,7000,0.00014285714285714287
keilen,1,7000,0.00014285714285714287
meklscbwitöe,1,7000,0.00014285714285714287
ikrer,1,7000,0.00014285714285714287
kackpulver,1,7000,0.00014285714285714287
^iegenmil^i,1,7000,0.00014285714285714287
lockeren,1,7000,0.00014285714285714287
>50,1,7000,0.00014285714285714287
läge,1,7000,0.00014285714285714287
reicklicb,1,7000,0.00014285714285714287
steckrübe,1,7000,0.00014285714285714287
pfablmuschel,1,7000,0.00014285714285714287
koblrabi,1,7000,0.00014285714285714287
äasser,1,7000,0.00014285714285714287
xoklrüde,1,7000,0.00014285714285714287
c?,1,7000,0.00014285714285714287
gewonnen,1,7000,0.00014285714285714287
keran?og,1,7000,0.00014285714285714287
xerstoöenen,1,7000,0.00014285714285714287
mettwurst,1,7000,0.00014285714285714287
eitronenscbale,1,7000,0.00014285714285714287
gerie,1,7000,0.00014285714285714287
340,1,7000,0.00014285714285714287
lucket,1,7000,0.00014285714285714287
zchöpsentleisch,1,7000,0.00014285714285714287
preiswür,1,7000,0.00014285714285714287
misckgemüse,1,7000,0.00014285714285714287
schei,1,7000,0.00014285714285714287
800,1,7000,0.00014285714285714287
nolken,1,7000,0.00014285714285714287
empfehlenswert,1,7000,0.00014285714285714287
äickes,1,7000,0.00014285714285714287
weickt,1,7000,0.00014285714285714287
koklrübensalat,1,7000,0.00014285714285714287
cin,1,7000,0.00014285714285714287
aufbewakrung,1,7000,0.00014285714285714287
anbrennt,1,7000,0.00014285714285714287
absüken,1,7000,0.00014285714285714287
sckön,1,7000,0.00014285714285714287
2ulet?t,1,7000,0.00014285714285714287
was,1,7000,0.00014285714285714287
erkaltete,1,7000,0.00014285714285714287
ülllrfel,1,7000,0.00014285714285714287
mager,1,7000,0.00014285714285714287
lrotsckeibe,1,7000,0.00014285714285714287
309,1,7000,0.00014285714285714287
letränken,1,7000,0.00014285714285714287
äberguk,1,7000,0.00014285714285714287
miscbt,1,7000,0.00014285714285714287
>1,1,7000,0.00014285714285714287
er,1,7000,0.00014285714285714287
muscbeln,1,7000,0.00014285714285714287
clurck,1,7000,0.00014285714285714287
lioklrabi,1,7000,0.00014285714285714287
dig,1,7000,0.00014285714285714287
419,1,7000,0.00014285714285714287
lilme,1,7000,0.00014285714285714287
kinäerpökel,1,7000,0.00014285714285714287
eingekocht,1,7000,0.00014285714285714287
ffleiscbbrübe,1,7000,0.00014285714285714287
stoffen,1,7000,0.00014285714285714287
röstet,1,7000,0.00014285714285714287
bei?,1,7000,0.00014285714285714287
etliche,1,7000,0.00014285714285714287
eingekochtes,1,7000,0.00014285714285714287
veutscklanä,1,7000,0.00014285714285714287
am,1,7000,0.00014285714285714287
sauren,1,7000,0.00014285714285714287
beträufelten,1,7000,0.00014285714285714287
2208,1,7000,0.00014285714285714287
ssolnge,1,7000,0.00014285714285714287
fäulnis,1,7000,0.00014285714285714287
oelieimnissen,1,7000,0.00014285714285714287
aufbewahrung,1,7000,0.00014285714285714287
käse,1,7000,0.00014285714285714287
klutvvurst,1,7000,0.00014285714285714287
koklrübenblätter,1,7000,0.00014285714285714287
„unsere,1,7000,0.00014285714285714287
550,1,7000,0.00014285714285714287
äiviäiert,1,7000,0.00014285714285714287
ausgekölten,1,7000,0.00014285714285714287
ffisckbrüke,1,7000,0.00014285714285714287
krotreste,1,7000,0.00014285714285714287
61,1,7000,0.00014285714285714287
551,1,7000,0.00014285714285714287
i^ieck,1,7000,0.00014285714285714287
xlölze,1,7000,0.00014285714285714287
nov,1,7000,0.00014285714285714287
abschließt,1,7000,0.00014285714285714287
kotinenmeiilsuppe,1,7000,0.00014285714285714287
1z7i,1,7000,0.00014285714285714287
keis,1,7000,0.00014285714285714287
keil,1,7000,0.00014285714285714287
bekannte,1,7000,0.00014285714285714287
unerkeklickem,1,7000,0.00014285714285714287
kocke,1,7000,0.00014285714285714287
3166,1,7000,0.00014285714285714287
kock,1,7000,0.00014285714285714287
steinobst,1,7000,0.00014285714285714287
gefertigten,1,7000,0.00014285714285714287
sanäige,1,7000,0.00014285714285714287
rieben,1,7000,0.00014285714285714287
angelegen,1,7000,0.00014285714285714287
izier,1,7000,0.00014285714285714287
237,1,7000,0.00014285714285714287
bingens,1,7000,0.00014285714285714287
zitronat,1,7000,0.00014285714285714287
schwitze,1,7000,0.00014285714285714287
8tockiiscii,1,7000,0.00014285714285714287
zemüse,1,7000,0.00014285714285714287
angegeben,1,7000,0.00014285714285714287
würben,1,7000,0.00014285714285714287
länglich,1,7000,0.00014285714285714287
703,1,7000,0.00014285714285714287
ff,1,7000,0.00014285714285714287
unäkörperschwere,1,7000,0.00014285714285714287
5^70,1,7000,0.00014285714285714287
5auerkraut,1,7000,0.00014285714285714287
8l>ivveinsi>sise1i,1,7000,0.00014285714285714287
einander,1,7000,0.00014285714285714287
cm,1,7000,0.00014285714285714287
verfeinert,1,7000,0.00014285714285714287
kl>iit,1,7000,0.00014285714285714287
toffeln,1,7000,0.00014285714285714287
linbeiten,1,7000,0.00014285714285714287
minsen,1,7000,0.00014285714285714287
preisvvüräiger,1,7000,0.00014285714285714287
steinernes,1,7000,0.00014285714285714287
204,1,7000,0.00014285714285714287
wiege,1,7000,0.00014285714285714287
musäbnlich,1,7000,0.00014285714285714287
sack,1,7000,0.00014285714285714287
abgesal^en,1,7000,0.00014285714285714287
287,1,7000,0.00014285714285714287
alle,1,7000,0.00014285714285714287
1531,1,7000,0.00014285714285714287
gelassen,1,7000,0.00014285714285714287
501,1,7000,0.00014285714285714287
2306,1,7000,0.00014285714285714287
koch,1,7000,0.00014285714285714287
1665,1,7000,0.00014285714285714287
abkochen,1,7000,0.00014285714285714287
ni3,1,7000,0.00014285714285714287
volksernäkrung,1,7000,0.00014285714285714287
mark,1,7000,0.00014285714285714287
94,1,7000,0.00014285714285714287
salzkartoffeln,1,7000,0.00014285714285714287
nakrgelävvertes,1,7000,0.00014285714285714287
frisches,1,7000,0.00014285714285714287
trot?,1,7000,0.00014285714285714287
xsldtleiscti,1,7000,0.00014285714285714287
5enfgurke,1,7000,0.00014285714285714287
xernodst,1,7000,0.00014285714285714287
luppe?,1,7000,0.00014285714285714287
massen,1,7000,0.00014285714285714287
kosen,1,7000,0.00014285714285714287
waren,1,7000,0.00014285714285714287
baden,1,7000,0.00014285714285714287
beständigem,1,7000,0.00014285714285714287
stark,1,7000,0.00014285714285714287
mk,1,7000,0.00014285714285714287
^uckerruden,1,7000,0.00014285714285714287
lslm,1,7000,0.00014285714285714287
i5vol,1,7000,0.00014285714285714287
sesckmack,1,7000,0.00014285714285714287
zchöpsenileisch,1,7000,0.00014285714285714287
guter,1,7000,0.00014285714285714287
gereinigte,1,7000,0.00014285714285714287
muskat,1,7000,0.00014285714285714287
il,1,7000,0.00014285714285714287
380,1,7000,0.00014285714285714287
näkren,1,7000,0.00014285714285714287
kodein,1,7000,0.00014285714285714287
sckmack,1,7000,0.00014285714285714287
cgbda^e,1,7000,0.00014285714285714287
voigtlänäer,1,7000,0.00014285714285714287
588,1,7000,0.00014285714285714287
842,1,7000,0.00014285714285714287
lesckälte,1,7000,0.00014285714285714287
kuii,1,7000,0.00014285714285714287
beträufelt,1,7000,0.00014285714285714287
330,1,7000,0.00014285714285714287
fleiscbbrübe,1,7000,0.00014285714285714287
klöscken,1,7000,0.00014285714285714287
celee,1,7000,0.00014285714285714287
praktifttie,1,7000,0.00014285714285714287
lervelstvvurst,1,7000,0.00014285714285714287
säumiger,1,7000,0.00014285714285714287
^pfel,1,7000,0.00014285714285714287
>207,1,7000,0.00014285714285714287
2278,1,7000,0.00014285714285714287
petersilie,1,7000,0.00014285714285714287
^pkel,1,7000,0.00014285714285714287
cä,1,7000,0.00014285714285714287
gewiegte,1,7000,0.00014285714285714287
bekömmlickes,1,7000,0.00014285714285714287
küctisenlleisck,1,7000,0.00014285714285714287
ungefäkr,1,7000,0.00014285714285714287
geäüngten,1,7000,0.00014285714285714287
kevor,1,7000,0.00014285714285714287
514,1,7000,0.00014285714285714287
^inäfleisck,1,7000,0.00014285714285714287
zerstengrie8,1,7000,0.00014285714285714287
rllben,1,7000,0.00014285714285714287
ümian,1,7000,0.00014285714285714287
?age,1,7000,0.00014285714285714287
kotl,1,7000,0.00014285714285714287
wir,1,7000,0.00014285714285714287
8ckrex,1,7000,0.00014285714285714287
äerselben,1,7000,0.00014285714285714287
wäscbt,1,7000,0.00014285714285714287
acbte,1,7000,0.00014285714285714287
stickstoffhaltigen,1,7000,0.00014285714285714287
lohnen,1,7000,0.00014285714285714287
zuerst,1,7000,0.00014285714285714287
6r,1,7000,0.00014285714285714287
krllke,1,7000,0.00014285714285714287
gebräucklicklten,1,7000,0.00014285714285714287
pteiterfleisch,1,7000,0.00014285714285714287
xnsckvurst,1,7000,0.00014285714285714287
aeickgekockte,1,7000,0.00014285714285714287
ltlssser,1,7000,0.00014285714285714287
aolf,1,7000,0.00014285714285714287
gesunäes,1,7000,0.00014285714285714287
228,1,7000,0.00014285714285714287
xrelcke,1,7000,0.00014285714285714287
weickkockt,1,7000,0.00014285714285714287
gedrückte,1,7000,0.00014285714285714287
556,1,7000,0.00014285714285714287
waschen,1,7000,0.00014285714285714287
sckmackkaft,1,7000,0.00014285714285714287
sckei,1,7000,0.00014285714285714287
271,1,7000,0.00014285714285714287
xommisdrot,1,7000,0.00014285714285714287
mein,1,7000,0.00014285714285714287
uncz,1,7000,0.00014285714285714287
essen,1,7000,0.00014285714285714287
koffe,1,7000,0.00014285714285714287
rellec,1,7000,0.00014285714285714287
tteciit,1,7000,0.00014285714285714287
gezeitigt,1,7000,0.00014285714285714287
74,1,7000,0.00014285714285714287
scbält,1,7000,0.00014285714285714287
kalter,1,7000,0.00014285714285714287
piennig,1,7000,0.00014285714285714287
keilzen,1,7000,0.00014285714285714287
2590,1,7000,0.00014285714285714287
3v,1,7000,0.00014285714285714287
6iern,1,7000,0.00014285714285714287
zäimsix,1,7000,0.00014285714285714287
flugemeines,1,7000,0.00014285714285714287
preilzelbeeren,1,7000,0.00014285714285714287
nasse,1,7000,0.00014285714285714287
isüben,1,7000,0.00014285714285714287
gens,1,7000,0.00014285714285714287
richtiger,1,7000,0.00014285714285714287
165,1,7000,0.00014285714285714287
lhökren,1,7000,0.00014285714285714287
pfahlmuscheln,1,7000,0.00014285714285714287
linkauf,1,7000,0.00014285714285714287
sckmal^rübe,1,7000,0.00014285714285714287
mancke,1,7000,0.00014285714285714287
koggenbrot,1,7000,0.00014285714285714287
größeren,1,7000,0.00014285714285714287
k0b,1,7000,0.00014285714285714287
ausnut^ungsfäkigkeit,1,7000,0.00014285714285714287
?funä,1,7000,0.00014285714285714287
llleiknackten,1,7000,0.00014285714285714287
1643,1,7000,0.00014285714285714287
kadm,1,7000,0.00014285714285714287
äiekoklrübengibt,1,7000,0.00014285714285714287
zeitweise,1,7000,0.00014285714285714287
^ük,1,7000,0.00014285714285714287
kümmelkörnern,1,7000,0.00014285714285714287
senkleiscti,1,7000,0.00014285714285714287
lrnäkrungssckvvierigkeiten,1,7000,0.00014285714285714287
lekanntgabe,1,7000,0.00014285714285714287
brüke,1,7000,0.00014285714285714287
kocben,1,7000,0.00014285714285714287
sckon,1,7000,0.00014285714285714287
trockene,1,7000,0.00014285714285714287
zankes,1,7000,0.00014285714285714287
pfunci,1,7000,0.00014285714285714287
nährgeldrvert,1,7000,0.00014285714285714287
561,1,7000,0.00014285714285714287
538,1,7000,0.00014285714285714287
erriclil,1,7000,0.00014285714285714287
gebratenen,1,7000,0.00014285714285714287
scküssel,1,7000,0.00014285714285714287
5ieb,1,7000,0.00014285714285714287
pfeifer,1,7000,0.00014285714285714287
erinnerungen,1,7000,0.00014285714285714287
gewascken,1,7000,0.00014285714285714287
msriniert,1,7000,0.00014285714285714287
i>,1,7000,0.00014285714285714287
^vlarli,1,7000,0.00014285714285714287
enkleiscii,1,7000,0.00014285714285714287
is74,1,7000,0.00014285714285714287
^lalirun^mittel,1,7000,0.00014285714285714287
^eit,1,7000,0.00014285714285714287
lrot,1,7000,0.00014285714285714287
margarine,1,7000,0.00014285714285714287
lriese,1,7000,0.00014285714285714287
189,1,7000,0.00014285714285714287
lanü,1,7000,0.00014285714285714287
beäeckt,1,7000,0.00014285714285714287
zruncilsgen,1,7000,0.00014285714285714287
vveixenstsrke,1,7000,0.00014285714285714287
kxtrakt,1,7000,0.00014285714285714287
^al,1,7000,0.00014285714285714287
peffergurke,1,7000,0.00014285714285714287
körnern,1,7000,0.00014285714285714287
1630,1,7000,0.00014285714285714287
sülickeutscher,1,7000,0.00014285714285714287
nahrungsmittels,1,7000,0.00014285714285714287
628,1,7000,0.00014285714285714287
lckvveineileisck,1,7000,0.00014285714285714287
pökelfleisch,1,7000,0.00014285714285714287
^un^e,1,7000,0.00014285714285714287
mensch,1,7000,0.00014285714285714287
üleickgekockte,1,7000,0.00014285714285714287
457,1,7000,0.00014285714285714287
zuckers^rup,1,7000,0.00014285714285714287
^istirunksmittel,1,7000,0.00014285714285714287
kslbtieiscti,1,7000,0.00014285714285714287
^abelle,1,7000,0.00014285714285714287
kinäileiscli,1,7000,0.00014285714285714287
diert,1,7000,0.00014285714285714287
fett,1,7000,0.00014285714285714287
ivlärk,1,7000,0.00014285714285714287
grünälick,1,7000,0.00014285714285714287
ksrpien,1,7000,0.00014285714285714287
35^2283,1,7000,0.00014285714285714287
sieäenäem,1,7000,0.00014285714285714287
sa>2,1,7000,0.00014285714285714287
as,1,7000,0.00014285714285714287
msrmelaäe,1,7000,0.00014285714285714287
ösumöl,1,7000,0.00014285714285714287
^iiiiiiliiiiii,1,7000,0.00014285714285714287
>70,1,7000,0.00014285714285714287
angezogen,1,7000,0.00014285714285714287
extrakt,1,7000,0.00014285714285714287
mokrrüben,1,7000,0.00014285714285714287
8kuckksnälunz,1,7000,0.00014285714285714287
öfterem,1,7000,0.00014285714285714287
ffreunä,1,7000,0.00014285714285714287
dosen,1,7000,0.00014285714285714287
beseitigt,1,7000,0.00014285714285714287
wegfallen,1,7000,0.00014285714285714287
lbemiker,1,7000,0.00014285714285714287
>2,1,7000,0.00014285714285714287
lioblrüben,1,7000,0.00014285714285714287
kükren,1,7000,0.00014285714285714287
erhaltenen,1,7000,0.00014285714285714287
gesckiekt,1,7000,0.00014285714285714287
äunsten,1,7000,0.00014285714285714287
gekabelte,1,7000,0.00014285714285714287
apri,1,7000,0.00014285714285714287
verkorkt,1,7000,0.00014285714285714287
1092,1,7000,0.00014285714285714287
289,1,7000,0.00014285714285714287
^uvor,1,7000,0.00014285714285714287
altbackenes,1,7000,0.00014285714285714287
pfaklmuscheln,1,7000,0.00014285714285714287
qer8tenrneti>,1,7000,0.00014285714285714287
lnglanäer,1,7000,0.00014285714285714287
1941,1,7000,0.00014285714285714287
verfahren,1,7000,0.00014285714285714287
äieselben,1,7000,0.00014285714285714287
empfeklen,1,7000,0.00014285714285714287
besser,1,7000,0.00014285714285714287
äeutscken,1,7000,0.00014285714285714287
da^u,1,7000,0.00014285714285714287
xeräucliert,1,7000,0.00014285714285714287
jeäem,1,7000,0.00014285714285714287
lckeniiscli,1,7000,0.00014285714285714287
?1enck,1,7000,0.00014285714285714287
882,1,7000,0.00014285714285714287
4014,1,7000,0.00014285714285714287
liokl,1,7000,0.00014285714285714287
^ekn,1,7000,0.00014285714285714287
weichkochen,1,7000,0.00014285714285714287
balbe,1,7000,0.00014285714285714287
äurch,1,7000,0.00014285714285714287
4ä2838,1,7000,0.00014285714285714287
71,1,7000,0.00014285714285714287
orüt^e,1,7000,0.00014285714285714287
äicken,1,7000,0.00014285714285714287
225,1,7000,0.00014285714285714287
?rise,1,7000,0.00014285714285714287
^rimkiurter,1,7000,0.00014285714285714287
welchem,1,7000,0.00014285714285714287
i^eil,1,7000,0.00014285714285714287
lringt,1,7000,0.00014285714285714287
^unze,1,7000,0.00014285714285714287
1253,1,7000,0.00014285714285714287
471,1,7000,0.00014285714285714287
anderer,1,7000,0.00014285714285714287
1707,1,7000,0.00014285714285714287
ktpl,1,7000,0.00014285714285714287
6ebäck,1,7000,0.00014285714285714287
forme,1,7000,0.00014285714285714287
lenulz,1,7000,0.00014285714285714287
gebe,1,7000,0.00014285714285714287
streut,1,7000,0.00014285714285714287
gerösteter,1,7000,0.00014285714285714287
alleräings,1,7000,0.00014285714285714287
öan^e,1,7000,0.00014285714285714287
gekocbt,1,7000,0.00014285714285714287
xnorpel,1,7000,0.00014285714285714287
leldst,1,7000,0.00014285714285714287
418,1,7000,0.00014285714285714287
kückiinge,1,7000,0.00014285714285714287
kerechnung,1,7000,0.00014285714285714287
vväkrenä,1,7000,0.00014285714285714287
xavisr,1,7000,0.00014285714285714287
fleisckbrüke,1,7000,0.00014285714285714287
lee^unge,1,7000,0.00014285714285714287
>59,1,7000,0.00014285714285714287
köblrüben,1,7000,0.00014285714285714287
nsrk,1,7000,0.00014285714285714287
1s,1,7000,0.00014285714285714287
kält,1,7000,0.00014285714285714287
202,1,7000,0.00014285714285714287
lrassica,1,7000,0.00014285714285714287
ttunäeäre88ur,1,7000,0.00014285714285714287
entvveäer,1,7000,0.00014285714285714287
wickelt,1,7000,0.00014285714285714287
1922,1,7000,0.00014285714285714287
preökopi,1,7000,0.00014285714285714287
kisker,1,7000,0.00014285714285714287
zülzmittel,1,7000,0.00014285714285714287
äasselde,1,7000,0.00014285714285714287
xäldtleiscti,1,7000,0.00014285714285714287
schöpsen,1,7000,0.00014285714285714287
ab^örstimt,1,7000,0.00014285714285714287
nirgends,1,7000,0.00014285714285714287
vas,1,7000,0.00014285714285714287
kind,1,7000,0.00014285714285714287
scbweinefleiscb,1,7000,0.00014285714285714287
xaksoboline,1,7000,0.00014285714285714287
1285,1,7000,0.00014285714285714287
1700,1,7000,0.00014285714285714287
pro,1,7000,0.00014285714285714287
6ivveilz,1,7000,0.00014285714285714287
lurkenkobel,1,7000,0.00014285714285714287
d^u^8^il,1,7000,0.00014285714285714287
imrstoff,1,7000,0.00014285714285714287
1204,1,7000,0.00014285714285714287
gelbem,1,7000,0.00014285714285714287
hammel,1,7000,0.00014285714285714287
mt>,1,7000,0.00014285714285714287
sii,1,7000,0.00014285714285714287
abnützen,1,7000,0.00014285714285714287
getrocknvt,1,7000,0.00014285714285714287
sammen,1,7000,0.00014285714285714287
kei,1,7000,0.00014285714285714287
labelie,1,7000,0.00014285714285714287
sonstiges,1,7000,0.00014285714285714287
öuttermilch,1,7000,0.00014285714285714287
äurckäämpfen,1,7000,0.00014285714285714287
ivisk,1,7000,0.00014285714285714287
787,1,7000,0.00014285714285714287
sanä,1,7000,0.00014285714285714287
damit,1,7000,0.00014285714285714287
unterlegt,1,7000,0.00014285714285714287
r«,1,7000,0.00014285714285714287
>80,1,7000,0.00014285714285714287
iiar,1,7000,0.00014285714285714287
äurek,1,7000,0.00014285714285714287
kerecknung,1,7000,0.00014285714285714287
l^nieclens^eiten,1,7000,0.00014285714285714287
enormen,1,7000,0.00014285714285714287
ksnckiertes,1,7000,0.00014285714285714287
?1utin,1,7000,0.00014285714285714287
llases,1,7000,0.00014285714285714287
kamen,1,7000,0.00014285714285714287
?i,1,7000,0.00014285714285714287
llas,1,7000,0.00014285714285714287
ikp,1,7000,0.00014285714285714287
knollen,1,7000,0.00014285714285714287
ptennix,1,7000,0.00014285714285714287
längere,1,7000,0.00014285714285714287
^stunäe,1,7000,0.00014285714285714287
648,1,7000,0.00014285714285714287
lratwurst,1,7000,0.00014285714285714287
säure,1,7000,0.00014285714285714287
<ll,1,7000,0.00014285714285714287
hockte,1,7000,0.00014285714285714287
seilen,1,7000,0.00014285714285714287
med,1,7000,0.00014285714285714287
milch,1,7000,0.00014285714285714287
318,1,7000,0.00014285714285714287
wert,1,7000,0.00014285714285714287
mittlere,1,7000,0.00014285714285714287
istsn,1,7000,0.00014285714285714287
laude,1,7000,0.00014285714285714287
tteli,1,7000,0.00014285714285714287
grünen,1,7000,0.00014285714285714287
?rok,1,7000,0.00014285714285714287
lettelmsnn,1,7000,0.00014285714285714287
zsnseileiscii,1,7000,0.00014285714285714287
erlernen,1,7000,0.00014285714285714287
lioteletten,1,7000,0.00014285714285714287
ß,1,7000,0.00014285714285714287
210,1,7000,0.00014285714285714287
^ati0nal,1,7000,0.00014285714285714287
ffür,1,7000,0.00014285714285714287
weicb,1,7000,0.00014285714285714287
arodes,1,7000,0.00014285714285714287
2°,1,7000,0.00014285714285714287
sackarin,1,7000,0.00014285714285714287
wolle,1,7000,0.00014285714285714287
saueren,1,7000,0.00014285714285714287
zessl^en,1,7000,0.00014285714285714287
angegebenen,1,7000,0.00014285714285714287
küchleins,1,7000,0.00014285714285714287
ffran^ose,1,7000,0.00014285714285714287
marmeladen,1,7000,0.00014285714285714287
meklsckwitxe,1,7000,0.00014285714285714287
od,1,7000,0.00014285714285714287
sie^epten,1,7000,0.00014285714285714287
erf0,1,7000,0.00014285714285714287
feinen,1,7000,0.00014285714285714287
"""kob",1,7000,0.00014285714285714287
sielie,1,7000,0.00014285714285714287
mustern,1,7000,0.00014285714285714287
hlskrele,1,7000,0.00014285714285714287
sebr,1,7000,0.00014285714285714287
kräutern,1,7000,0.00014285714285714287
gleichzeitig,1,7000,0.00014285714285714287
eiimi>,1,7000,0.00014285714285714287
?ur,1,7000,0.00014285714285714287
aruke,1,7000,0.00014285714285714287
jakr,1,7000,0.00014285714285714287
8teinp>i?e,1,7000,0.00014285714285714287
iluf,1,7000,0.00014285714285714287
sckvvinäen,1,7000,0.00014285714285714287
pultboknen,1,7000,0.00014285714285714287
ketter,1,7000,0.00014285714285714287
alles?u,1,7000,0.00014285714285714287
kuhe,1,7000,0.00014285714285714287
5övl,1,7000,0.00014285714285714287
labelle,1,7000,0.00014285714285714287
265,1,7000,0.00014285714285714287
i^ag,1,7000,0.00014285714285714287
357,1,7000,0.00014285714285714287
einzelnen,1,7000,0.00014285714285714287
billigste,1,7000,0.00014285714285714287
lpeck,1,7000,0.00014285714285714287
äörrt,1,7000,0.00014285714285714287
447,1,7000,0.00014285714285714287
zwie,1,7000,0.00014285714285714287
466,1,7000,0.00014285714285714287
üunken,1,7000,0.00014285714285714287
xopksalst,1,7000,0.00014285714285714287
entkalten,1,7000,0.00014285714285714287
lläser,1,7000,0.00014285714285714287
oriesmetilsuppe,1,7000,0.00014285714285714287
äigkeit,1,7000,0.00014285714285714287
kki,1,7000,0.00014285714285714287
^u8ammen8et2uns,1,7000,0.00014285714285714287
irisch,1,7000,0.00014285714285714287
rübenstücke,1,7000,0.00014285714285714287
626,1,7000,0.00014285714285714287
308,1,7000,0.00014285714285714287
ffarbe,1,7000,0.00014285714285714287
weizenbrot,1,7000,0.00014285714285714287
gestillt,1,7000,0.00014285714285714287
süääeutscher,1,7000,0.00014285714285714287
1?st,1,7000,0.00014285714285714287
finäen,1,7000,0.00014285714285714287
^issse^,1,7000,0.00014285714285714287
sck,1,7000,0.00014285714285714287
hopf,1,7000,0.00014285714285714287
^smmeltlei8cti,1,7000,0.00014285714285714287
xsrtotteln,1,7000,0.00014285714285714287
ihr,1,7000,0.00014285714285714287
xotil,1,7000,0.00014285714285714287
pfefserfleisch,1,7000,0.00014285714285714287
sauerkrsutgemüse,1,7000,0.00014285714285714287
xoklrude,1,7000,0.00014285714285714287
kleinen,1,7000,0.00014285714285714287
pienniz,1,7000,0.00014285714285714287
anäerenab,1,7000,0.00014285714285714287
klockaäe,1,7000,0.00014285714285714287
koggendrot,1,7000,0.00014285714285714287
ls,1,7000,0.00014285714285714287
6itronen,1,7000,0.00014285714285714287
8pi>rxel,1,7000,0.00014285714285714287
erwachsener,1,7000,0.00014285714285714287
370,1,7000,0.00014285714285714287
trisck,1,7000,0.00014285714285714287
c^>,1,7000,0.00014285714285714287
ausnut^bare,1,7000,0.00014285714285714287
xuti,1,7000,0.00014285714285714287
395,1,7000,0.00014285714285714287
gedachte,1,7000,0.00014285714285714287
lunke,1,7000,0.00014285714285714287
194,1,7000,0.00014285714285714287
>v,1,7000,0.00014285714285714287
keller,1,7000,0.00014285714285714287
268,1,7000,0.00014285714285714287
5alat,1,7000,0.00014285714285714287
kuttermilcti,1,7000,0.00014285714285714287
äeren,1,7000,0.00014285714285714287
xumys,1,7000,0.00014285714285714287
winterdier,1,7000,0.00014285714285714287
f?eute,1,7000,0.00014285714285714287
üunke,1,7000,0.00014285714285714287
erkal,1,7000,0.00014285714285714287
gekochtem,1,7000,0.00014285714285714287
2083,1,7000,0.00014285714285714287
bestänäigen,1,7000,0.00014285714285714287
mil,1,7000,0.00014285714285714287
1267,1,7000,0.00014285714285714287
149,1,7000,0.00014285714285714287
f?it^e,1,7000,0.00014285714285714287
uns,1,7000,0.00014285714285714287
"z""",1,7000,0.00014285714285714287
^isck,1,7000,0.00014285714285714287
nacb,1,7000,0.00014285714285714287
4083,1,7000,0.00014285714285714287
leickt,1,7000,0.00014285714285714287
kriscli,1,7000,0.00014285714285714287
geriebenen,1,7000,0.00014285714285714287
aääiert,1,7000,0.00014285714285714287
^ag,1,7000,0.00014285714285714287
cummi,1,7000,0.00014285714285714287
sena,1,7000,0.00014285714285714287
lrunäe^,1,7000,0.00014285714285714287
lenugtuung,1,7000,0.00014285714285714287
92,1,7000,0.00014285714285714287
meklscbwit^e,1,7000,0.00014285714285714287
senfrübe,1,7000,0.00014285714285714287
ksrtoffelstückchen,1,7000,0.00014285714285714287
wiegt,1,7000,0.00014285714285714287
975,1,7000,0.00014285714285714287
cliesen,1,7000,0.00014285714285714287
anhang,1,7000,0.00014285714285714287
lrdsenmeiiisuppe,1,7000,0.00014285714285714287
kinästalg,1,7000,0.00014285714285714287
wassers,1,7000,0.00014285714285714287
^5,1,7000,0.00014285714285714287
nacii,1,7000,0.00014285714285714287
nilcji,1,7000,0.00014285714285714287
v^erä^srtczezen,1,7000,0.00014285714285714287
koki,1,7000,0.00014285714285714287
^immt,1,7000,0.00014285714285714287
eigenartige,1,7000,0.00014285714285714287
lälit,1,7000,0.00014285714285714287
^lascken,1,7000,0.00014285714285714287
^^,1,7000,0.00014285714285714287
klüt,1,7000,0.00014285714285714287
lekockte,1,7000,0.00014285714285714287
toffel,1,7000,0.00014285714285714287
1756,1,7000,0.00014285714285714287
grobes,1,7000,0.00014285714285714287
168,1,7000,0.00014285714285714287
f?er?,1,7000,0.00014285714285714287
dieser,1,7000,0.00014285714285714287
ius,1,7000,0.00014285714285714287
ausgepreßten,1,7000,0.00014285714285714287
sckneiäen,1,7000,0.00014285714285714287
ikne,1,7000,0.00014285714285714287
geschnittener,1,7000,0.00014285714285714287
angesetztes,1,7000,0.00014285714285714287
zuclilicl,1,7000,0.00014285714285714287
obst,1,7000,0.00014285714285714287
kisquit,1,7000,0.00014285714285714287
allgemeines,1,7000,0.00014285714285714287
245,1,7000,0.00014285714285714287
pumpernickel,1,7000,0.00014285714285714287
kratwurst,1,7000,0.00014285714285714287
äock,1,7000,0.00014285714285714287
2^,1,7000,0.00014285714285714287
>110,1,7000,0.00014285714285714287
8tenozrapkle,1,7000,0.00014285714285714287
pfefferfleisch,1,7000,0.00014285714285714287
besonäers,1,7000,0.00014285714285714287
äeken,1,7000,0.00014285714285714287
deckels,1,7000,0.00014285714285714287
495,1,7000,0.00014285714285714287
eingekochter,1,7000,0.00014285714285714287
folgenäe,1,7000,0.00014285714285714287
^wiebel,1,7000,0.00014285714285714287
^ptel,1,7000,0.00014285714285714287
mittelketr,1,7000,0.00014285714285714287
meer,1,7000,0.00014285714285714287
großen,1,7000,0.00014285714285714287
spinat,1,7000,0.00014285714285714287
kuc1>xvei?enmeli>,1,7000,0.00014285714285714287
obne,1,7000,0.00014285714285714287
mtömm,1,7000,0.00014285714285714287
neunaugen,1,7000,0.00014285714285714287
338,1,7000,0.00014285714285714287
8s,1,7000,0.00014285714285714287
1167,1,7000,0.00014285714285714287
weikkräut,1,7000,0.00014285714285714287
ermitteln,1,7000,0.00014285714285714287
dem,1,7000,0.00014285714285714287
krbsen,1,7000,0.00014285714285714287
rgpikera,1,7000,0.00014285714285714287
?eit,1,7000,0.00014285714285714287
sckneller,1,7000,0.00014285714285714287
anterrübe,1,7000,0.00014285714285714287
augenscbeinlicb,1,7000,0.00014285714285714287
?eil,1,7000,0.00014285714285714287
^eil,1,7000,0.00014285714285714287
kaltbarer,1,7000,0.00014285714285714287
hül8eniruc1>tme1>i,1,7000,0.00014285714285714287
xoki,1,7000,0.00014285714285714287
liweilz,1,7000,0.00014285714285714287
4750,1,7000,0.00014285714285714287
kleich,1,7000,0.00014285714285714287
2um,1,7000,0.00014285714285714287
länglicb,1,7000,0.00014285714285714287
wo,1,7000,0.00014285714285714287
äpfeln,1,7000,0.00014285714285714287
zänsebrust,1,7000,0.00014285714285714287
jabres^eit,1,7000,0.00014285714285714287
liebe,1,7000,0.00014285714285714287
2750,1,7000,0.00014285714285714287
zeitigen,1,7000,0.00014285714285714287
vieses,1,7000,0.00014285714285714287
kat,1,7000,0.00014285714285714287
^adelle,1,7000,0.00014285714285714287
lekmkaltigen,1,7000,0.00014285714285714287
«5,1,7000,0.00014285714285714287
8tsrkeme>il,1,7000,0.00014285714285714287
^>n,1,7000,0.00014285714285714287
durch,1,7000,0.00014285714285714287
423,1,7000,0.00014285714285714287
lnte,1,7000,0.00014285714285714287
keerenodst,1,7000,0.00014285714285714287
durck,1,7000,0.00014285714285714287
fform,1,7000,0.00014285714285714287
lctimäl^,1,7000,0.00014285714285714287
34,1,7000,0.00014285714285714287
5pinat,1,7000,0.00014285714285714287
äürfen,1,7000,0.00014285714285714287
kinter,1,7000,0.00014285714285714287
<v,1,7000,0.00014285714285714287
entkält,1,7000,0.00014285714285714287
billig,1,7000,0.00014285714285714287
kockendes,1,7000,0.00014285714285714287
kratenfleiscb,1,7000,0.00014285714285714287
hius,1,7000,0.00014285714285714287
365,1,7000,0.00014285714285714287
2904,1,7000,0.00014285714285714287
krödcben,1,7000,0.00014285714285714287
nötige,1,7000,0.00014285714285714287
^iscb,1,7000,0.00014285714285714287
unci,1,7000,0.00014285714285714287
ptahlmuscheln,1,7000,0.00014285714285714287
abgetrockneten,1,7000,0.00014285714285714287
«2,1,7000,0.00014285714285714287
üopf,1,7000,0.00014285714285714287
5a>2,1,7000,0.00014285714285714287
vlötiren,1,7000,0.00014285714285714287
falls,1,7000,0.00014285714285714287
mitteile«,1,7000,0.00014285714285714287
kadern,1,7000,0.00014285714285714287
festgestellt,1,7000,0.00014285714285714287
buchhandlung,1,7000,0.00014285714285714287
würfeln,1,7000,0.00014285714285714287
dicke,1,7000,0.00014285714285714287
lrt,1,7000,0.00014285714285714287
mückreis,1,7000,0.00014285714285714287
121,1,7000,0.00014285714285714287
itz,1,7000,0.00014285714285714287
l^völiniictie,1,7000,0.00014285714285714287
abgelockten,1,7000,0.00014285714285714287
susgeprekten,1,7000,0.00014285714285714287
jakres^eit,1,7000,0.00014285714285714287
schnellem,1,7000,0.00014285714285714287
fleiscbbrüke,1,7000,0.00014285714285714287
729,1,7000,0.00014285714285714287
mkrgeläwert,1,7000,0.00014285714285714287
416,1,7000,0.00014285714285714287
^8^?6^ah^o,1,7000,0.00014285714285714287
woiilrsbe,1,7000,0.00014285714285714287
ermangelung,1,7000,0.00014285714285714287
jakre,1,7000,0.00014285714285714287
8ü>?enxvurst,1,7000,0.00014285714285714287
l^siermekl,1,7000,0.00014285714285714287
stücke?u,1,7000,0.00014285714285714287
dicken,1,7000,0.00014285714285714287
nachteil,1,7000,0.00014285714285714287
darüber,1,7000,0.00014285714285714287
lewebe,1,7000,0.00014285714285714287
absckneiäet,1,7000,0.00014285714285714287
muskatblüte,1,7000,0.00014285714285714287
ksenileiscli,1,7000,0.00014285714285714287
3100,1,7000,0.00014285714285714287
krsten,1,7000,0.00014285714285714287
zal?,1,7000,0.00014285714285714287
trockenen,1,7000,0.00014285714285714287
dasselbe,1,7000,0.00014285714285714287
feuer,1,7000,0.00014285714285714287
xöckin,1,7000,0.00014285714285714287
sauberkeit,1,7000,0.00014285714285714287
gekackt,1,7000,0.00014285714285714287
zai?,1,7000,0.00014285714285714287
geäämptt,1,7000,0.00014285714285714287
geistig,1,7000,0.00014285714285714287
beimiscken,1,7000,0.00014285714285714287
^lussükrung,1,7000,0.00014285714285714287
äesto,1,7000,0.00014285714285714287
grünä,1,7000,0.00014285714285714287
1425,1,7000,0.00014285714285714287
fingerdicke,1,7000,0.00014285714285714287
nisse,1,7000,0.00014285714285714287
6rbsen,1,7000,0.00014285714285714287
verkältnismälzig,1,7000,0.00014285714285714287
979,1,7000,0.00014285714285714287
270,1,7000,0.00014285714285714287
kleingeschnittenen,1,7000,0.00014285714285714287
loäen,1,7000,0.00014285714285714287
^iilck,1,7000,0.00014285714285714287
lrsudrot,1,7000,0.00014285714285714287
zelbstverstänä,1,7000,0.00014285714285714287
^s>,1,7000,0.00014285714285714287
meklsckwit^e,1,7000,0.00014285714285714287
dach,1,7000,0.00014285714285714287
xsrpten,1,7000,0.00014285714285714287
oel,1,7000,0.00014285714285714287
owö,1,7000,0.00014285714285714287
porter,1,7000,0.00014285714285714287
mkrgelävvert,1,7000,0.00014285714285714287
tz^sie,1,7000,0.00014285714285714287
^urcii,1,7000,0.00014285714285714287
einzelne,1,7000,0.00014285714285714287
931,1,7000,0.00014285714285714287
kräftige,1,7000,0.00014285714285714287
«j,1,7000,0.00014285714285714287
di8,1,7000,0.00014285714285714287
mett^vurat,1,7000,0.00014285714285714287
abgekochte,1,7000,0.00014285714285714287
pfg,1,7000,0.00014285714285714287
stunäen,1,7000,0.00014285714285714287
tausend,1,7000,0.00014285714285714287
ikr,1,7000,0.00014285714285714287
koäen,1,7000,0.00014285714285714287
234,1,7000,0.00014285714285714287
verbrauches,1,7000,0.00014285714285714287
inhaltsverzeichnis,1,7000,0.00014285714285714287
305,1,7000,0.00014285714285714287
lagerbier,1,7000,0.00014285714285714287
sckmackbaft,1,7000,0.00014285714285714287
kocbreif,1,7000,0.00014285714285714287
ük,1,7000,0.00014285714285714287
übergebt,1,7000,0.00014285714285714287
wurst,1,7000,0.00014285714285714287
kratfleisck,1,7000,0.00014285714285714287
580,1,7000,0.00014285714285714287
och,1,7000,0.00014285714285714287
öiv,1,7000,0.00014285714285714287
400,1,7000,0.00014285714285714287
6rölze,1,7000,0.00014285714285714287
kennt,1,7000,0.00014285714285714287
kinder,1,7000,0.00014285714285714287
verarbeiten,1,7000,0.00014285714285714287
lrnäkrungssckvvierig,1,7000,0.00014285714285714287
erin,1,7000,0.00014285714285714287
kieler,1,7000,0.00014285714285714287
rüttle,1,7000,0.00014285714285714287
träufelt,1,7000,0.00014285714285714287
145,1,7000,0.00014285714285714287
1621,1,7000,0.00014285714285714287
fetter,1,7000,0.00014285714285714287
innere,1,7000,0.00014285714285714287
backt,1,7000,0.00014285714285714287
soviel,1,7000,0.00014285714285714287
kriesel,1,7000,0.00014285714285714287
^uäeckt,1,7000,0.00014285714285714287
343,1,7000,0.00014285714285714287
mbren,1,7000,0.00014285714285714287
bräunliche,1,7000,0.00014285714285714287
zunächst,1,7000,0.00014285714285714287
nährvverteinkeiten,1,7000,0.00014285714285714287
2044,1,7000,0.00014285714285714287
obstmus,1,7000,0.00014285714285714287
kompolt,1,7000,0.00014285714285714287
anbauende,1,7000,0.00014285714285714287
aufnahme,1,7000,0.00014285714285714287
<5,1,7000,0.00014285714285714287
gebräun,1,7000,0.00014285714285714287
neben,1,7000,0.00014285714285714287
kan,1,7000,0.00014285714285714287
ci?emnit2,1,7000,0.00014285714285714287
nährgeliiwertes,1,7000,0.00014285714285714287
lckvvein,1,7000,0.00014285714285714287
stiruna8mittel,1,7000,0.00014285714285714287
500,1,7000,0.00014285714285714287
organe,1,7000,0.00014285714285714287
kalte,1,7000,0.00014285714285714287
qsilert,1,7000,0.00014285714285714287
seine,1,7000,0.00014285714285714287
mälzigem,1,7000,0.00014285714285714287
erwachsen,1,7000,0.00014285714285714287
äackte,1,7000,0.00014285714285714287
488,1,7000,0.00014285714285714287
gekoch,1,7000,0.00014285714285714287
rok,1,7000,0.00014285714285714287
gewasckene,1,7000,0.00014285714285714287
l<oklrüben,1,7000,0.00014285714285714287
kotkotil,1,7000,0.00014285714285714287
leins,1,7000,0.00014285714285714287
aufgekochtem,1,7000,0.00014285714285714287
entwässert,1,7000,0.00014285714285714287
stellt,1,7000,0.00014285714285714287
mitteltett,1,7000,0.00014285714285714287
entkernt,1,7000,0.00014285714285714287
himbeeren,1,7000,0.00014285714285714287
lutteimilch,1,7000,0.00014285714285714287
iwck,1,7000,0.00014285714285714287
217,1,7000,0.00014285714285714287
geäünsteten,1,7000,0.00014285714285714287
gerükrte,1,7000,0.00014285714285714287
lctiokoliicle,1,7000,0.00014285714285714287
erbitten,1,7000,0.00014285714285714287
hsbelle,1,7000,0.00014285714285714287
verwenäen,1,7000,0.00014285714285714287
rettich,1,7000,0.00014285714285714287
muses,1,7000,0.00014285714285714287
^agen,1,7000,0.00014285714285714287
8tunüön,1,7000,0.00014285714285714287
sorten,1,7000,0.00014285714285714287
nackspeise,1,7000,0.00014285714285714287
ssi,1,7000,0.00014285714285714287
pfanne,1,7000,0.00014285714285714287
anderen,1,7000,0.00014285714285714287
wolf,1,7000,0.00014285714285714287
6erichten,1,7000,0.00014285714285714287
kiidvl,1,7000,0.00014285714285714287
ko1>r?ucker,1,7000,0.00014285714285714287
lau?,1,7000,0.00014285714285714287
näbrsal^e,1,7000,0.00014285714285714287
geräuchert,1,7000,0.00014285714285714287
mitte,1,7000,0.00014285714285714287
kandierten,1,7000,0.00014285714285714287
näkrwerte,1,7000,0.00014285714285714287
lvas,1,7000,0.00014285714285714287
kohlehydrate,1,7000,0.00014285714285714287
s6,1,7000,0.00014285714285714287
375,1,7000,0.00014285714285714287
iioblrüben,1,7000,0.00014285714285714287
frie8e,1,7000,0.00014285714285714287
6^,1,7000,0.00014285714285714287
öebrauck,1,7000,0.00014285714285714287
^aclen,1,7000,0.00014285714285714287
koklek^äraten,1,7000,0.00014285714285714287
8peck,1,7000,0.00014285714285714287
^leikk,1,7000,0.00014285714285714287
eingemackte^rücbte,1,7000,0.00014285714285714287
220,1,7000,0.00014285714285714287
verrieben,1,7000,0.00014285714285714287
1766,1,7000,0.00014285714285714287
äamit,1,7000,0.00014285714285714287
ts,1,7000,0.00014285714285714287
^ugeset^t,1,7000,0.00014285714285714287
müssen,1,7000,0.00014285714285714287
wiegtem,1,7000,0.00014285714285714287
lemüse,1,7000,0.00014285714285714287
streiche,1,7000,0.00014285714285714287
zelees,1,7000,0.00014285714285714287
genommen,1,7000,0.00014285714285714287
ceääcktnis,1,7000,0.00014285714285714287
speckwürfel,1,7000,0.00014285714285714287
8i,1,7000,0.00014285714285714287
un,1,7000,0.00014285714285714287
kinwegkelfen,1,7000,0.00014285714285714287
vucht^andlung,1,7000,0.00014285714285714287
proäukte,1,7000,0.00014285714285714287
>3,1,7000,0.00014285714285714287
6ummi,1,7000,0.00014285714285714287
keines,1,7000,0.00014285714285714287
475,1,7000,0.00014285714285714287
erbökt,1,7000,0.00014285714285714287
hülsenfrüchten,1,7000,0.00014285714285714287
etwa,1,7000,0.00014285714285714287
läki,1,7000,0.00014285714285714287
aassergekalt,1,7000,0.00014285714285714287
groke,1,7000,0.00014285714285714287
äbnlich,1,7000,0.00014285714285714287
5al?,1,7000,0.00014285714285714287
kar,1,7000,0.00014285714285714287
vorschriften,1,7000,0.00014285714285714287
wilcitleislk,1,7000,0.00014285714285714287
700,1,7000,0.00014285714285714287
koggenmelil,1,7000,0.00014285714285714287
erkält,1,7000,0.00014285714285714287
llebersckieöenäe,1,7000,0.00014285714285714287
l8,1,7000,0.00014285714285714287
geschmack,1,7000,0.00014285714285714287
kücken,1,7000,0.00014285714285714287
üiasser,1,7000,0.00014285714285714287
kieken,1,7000,0.00014285714285714287
^ustanä,1,7000,0.00014285714285714287
geschuppt,1,7000,0.00014285714285714287
neues,1,7000,0.00014285714285714287
zouisscti,1,7000,0.00014285714285714287
?,1,7000,0.00014285714285714287
keseitigt,1,7000,0.00014285714285714287
kotige,1,7000,0.00014285714285714287
>5,1,7000,0.00014285714285714287
209,1,7000,0.00014285714285714287
248,1,7000,0.00014285714285714287
genügen,1,7000,0.00014285714285714287
isaiclellön,1,7000,0.00014285714285714287
kincztleiscti,1,7000,0.00014285714285714287
jetzigen,1,7000,0.00014285714285714287
aufbevvakrung,1,7000,0.00014285714285714287
verfakren,1,7000,0.00014285714285714287
kerstellen,1,7000,0.00014285714285714287
vorbanäenes,1,7000,0.00014285714285714287
pfaklmuscbeln,1,7000,0.00014285714285714287
lier,1,7000,0.00014285714285714287
lries,1,7000,0.00014285714285714287
aner,1,7000,0.00014285714285714287
lisierilocken,1,7000,0.00014285714285714287
kosenkolil,1,7000,0.00014285714285714287
mt,1,7000,0.00014285714285714287
gilt,1,7000,0.00014285714285714287
789,1,7000,0.00014285714285714287
de,1,7000,0.00014285714285714287
flaschen,1,7000,0.00014285714285714287
1625,1,7000,0.00014285714285714287
^wie,1,7000,0.00014285714285714287
makl?eit,1,7000,0.00014285714285714287
ligeid,1,7000,0.00014285714285714287
pig,1,7000,0.00014285714285714287
>i>jie?,1,7000,0.00014285714285714287
1375,1,7000,0.00014285714285714287
üeig,1,7000,0.00014285714285714287
beim,1,7000,0.00014285714285714287
