ngram,count,total_words,frequency
und,385,7893,0.04877739769415938
mit,217,7893,0.027492715063980742
in,216,7893,0.027366020524515394
die,161,7893,0.020397820853921195
werden,147,7893,0.01862409730140631
wird,108,7893,0.013683010262257697
der,89,7893,0.011275814012416065
oder,87,7893,0.011022424933485367
man,83,7893,0.010515646775623971
wasser,74,7893,0.00937539592043583
eine,65,7893,0.008235145065247688
sie,65,7893,0.008235145065247688
ein,65,7893,0.008235145065247688
pfund,63,7893,0.00798175598631699
etwas,63,7893,0.00798175598631699
dann,62,7893,0.00785506144685164
zu,62,7893,0.00785506144685164
das,60,7893,0.007601672367920942
zucker,59,7893,0.007474977828455594
salz,56,7893,0.007094894210059546
kartoffeln,53,7893,0.006714810591663499
gekocht,52,7893,0.00658811605219815
2,50,7893,0.0063347269732674525
auf,50,7893,0.0063347269732674525
den,49,7893,0.006208032433802103
von,43,7893,0.005447865197010009
gramm,40,7893,0.005067781578613962
dem,40,7893,0.005067781578613962
1,40,7893,0.005067781578613962
einem,40,7893,0.005067781578613962
aus,38,7893,0.004814392499683263
fett,34,7893,0.004307614341821867
durch,34,7893,0.004307614341821867
läßt,32,7893,0.00405422526289117
einer,31,7893,0.00392753072342582
milch,31,7893,0.00392753072342582
mehl,31,7893,0.00392753072342582
ist,30,7893,0.003800836183960471
gut,28,7893,0.003547447105029773
gebacken,28,7893,0.003547447105029773
nach,27,7893,0.0034207525655644243
butter,27,7893,0.0034207525655644243
kochen,26,7893,0.003294058026099075
auch,26,7893,0.003294058026099075
es,26,7893,0.003294058026099075
dazu,25,7893,0.0031673634866337262
teig,25,7893,0.0031673634866337262
bis,25,7893,0.0031673634866337262
masse,24,7893,0.003040668947168377
liter,23,7893,0.002913974407703028
alles,23,7893,0.002913974407703028
3,23,7893,0.002913974407703028
weich,22,7893,0.002787279868237679
nicht,22,7893,0.002787279868237679
stunde,22,7893,0.002787279868237679
im,22,7893,0.002787279868237679
sehr,20,7893,0.002533890789306981
schale,20,7893,0.002533890789306981
geschnitten,20,7893,0.002533890789306981
ei,20,7893,0.002533890789306981
semmel,18,7893,0.002280501710376283
scheiben,18,7893,0.002280501710376283
fleisch,17,7893,0.0021538071709109336
stunden,17,7893,0.0021538071709109336
sind,17,7893,0.0021538071709109336
pfeffer,17,7893,0.0021538071709109336
des,17,7893,0.0021538071709109336
sieb,16,7893,0.002027112631445585
gegeben,16,7893,0.002027112631445585
ge,16,7893,0.002027112631445585
gekochte,16,7893,0.002027112631445585
gibt,16,7893,0.002027112631445585
abgeschmeckt,16,7893,0.002027112631445585
zum,16,7893,0.002027112631445585
4,15,7893,0.0019004180919802356
noch,15,7893,0.0019004180919802356
tunke,15,7893,0.0019004180919802356
wie,15,7893,0.0019004180919802356
für,15,7893,0.0019004180919802356
zimt,15,7893,0.0019004180919802356
wenig,15,7893,0.0019004180919802356
sich,15,7893,0.0019004180919802356
eßlöffel,15,7893,0.0019004180919802356
geformt,14,7893,0.0017737235525148865
zwiebel,14,7893,0.0017737235525148865
kuchen,14,7893,0.0017737235525148865
geriebener,14,7893,0.0017737235525148865
gerührt,14,7893,0.0017737235525148865
kann,14,7893,0.0017737235525148865
speck,14,7893,0.0017737235525148865
muß,13,7893,0.0016470290130495375
einige,13,7893,0.0016470290130495375
essig,13,7893,0.0016470290130495375
aber,13,7893,0.0016470290130495375
zwei,13,7893,0.0016470290130495375
langsam,13,7893,0.0016470290130495375
geriebene,13,7893,0.0016470290130495375
brot,13,7893,0.0016470290130495375
daß,13,7893,0.0016470290130495375
graupen,13,7893,0.0016470290130495375
10,13,7893,0.0016470290130495375
gemüse,12,7893,0.0015203344735841885
kartoffelmehl,12,7893,0.0015203344735841885
form,12,7893,0.0015203344735841885
wz,12,7893,0.0015203344735841885
ofen,12,7893,0.0015203344735841885
magermilch,12,7893,0.0015203344735841885
löffel,12,7893,0.0015203344735841885
gar,12,7893,0.0015203344735841885
so,12,7893,0.0015203344735841885
minuten,12,7893,0.0015203344735841885
er,12,7893,0.0015203344735841885
zwiebeln,11,7893,0.0013936399341188395
unter,11,7893,0.0013936399341188395
bestreut,11,7893,0.0013936399341188395
kleine,11,7893,0.0013936399341188395
v,11,7893,0.0013936399341188395
zw,11,7893,0.0013936399341188395
heißem,11,7893,0.0013936399341188395
ab,11,7893,0.0013936399341188395
getan,11,7893,0.0013936399341188395
kocht,11,7893,0.0013936399341188395
dieser,11,7893,0.0013936399341188395
müssen,10,7893,0.0012669453946534905
brei,10,7893,0.0012669453946534905
ganz,10,7893,0.0012669453946534905
vor,10,7893,0.0012669453946534905
fein,10,7893,0.0012669453946534905
davon,10,7893,0.0012669453946534905
beiden,10,7893,0.0012669453946534905
an,9,7893,0.0011402508551881414
hinein,9,7893,0.0011402508551881414
fisch,9,7893,0.0011402508551881414
kartoffel,9,7893,0.0011402508551881414
seiten,9,7893,0.0011402508551881414
feuer,9,7893,0.0011402508551881414
diese,9,7893,0.0011402508551881414
wenn,9,7893,0.0011402508551881414
einen,9,7893,0.0011402508551881414
brühe,9,7893,0.0011402508551881414
kommen,9,7893,0.0011402508551881414
suppe,9,7893,0.0011402508551881414
8,8,7893,0.0010135563157227924
pflanzenbutter,8,7893,0.0010135563157227924
ganze,8,7893,0.0010135563157227924
am,8,7893,0.0010135563157227924
wir,8,7893,0.0010135563157227924
nun,8,7893,0.0010135563157227924
^,8,7893,0.0010135563157227924
abgezogen,8,7893,0.0010135563157227924
geschält,8,7893,0.0010135563157227924
über,8,7893,0.0010135563157227924
recht,8,7893,0.0010135563157227924
getrieben,8,7893,0.0010135563157227924
suppengrün,8,7893,0.0010135563157227924
aepfel,8,7893,0.0010135563157227924
eiern,8,7893,0.0010135563157227924
halbe,8,7893,0.0010135563157227924
können,8,7893,0.0010135563157227924
bereitet,8,7893,0.0010135563157227924
als,8,7893,0.0010135563157227924
zitronenschale,8,7893,0.0010135563157227924
nr,8,7893,0.0010135563157227924
eier,8,7893,0.0010135563157227924
fleischbrühe,8,7893,0.0010135563157227924
w,8,7893,0.0010135563157227924
rührt,8,7893,0.0010135563157227924
gesalzen,7,7893,0.0008868617762574433
erkalten,7,7893,0.0008868617762574433
v2,7,7893,0.0008868617762574433
reichlich,7,7893,0.0008868617762574433
stücke,7,7893,0.0008868617762574433
30,7,7893,0.0008868617762574433
verrührt,7,7893,0.0008868617762574433
kaltem,7,7893,0.0008868617762574433
geriebenem,7,7893,0.0008868617762574433
gelegt,7,7893,0.0008868617762574433
stückchen,7,7893,0.0008868617762574433
hackmaschine,7,7893,0.0008868617762574433
kochendem,7,7893,0.0008868617762574433
mandeln,7,7893,0.0008868617762574433
gericht,7,7893,0.0008868617762574433
oel,7,7893,0.0008868617762574433
5,7,7893,0.0008868617762574433
reis,7,7893,0.0008868617762574433
klöße,7,7893,0.0008868617762574433
topf,7,7893,0.0008868617762574433
um,7,7893,0.0008868617762574433
zeit,7,7893,0.0008868617762574433
einbrenne,7,7893,0.0008868617762574433
haben,7,7893,0.0008868617762574433
zitronensaft,7,7893,0.0008868617762574433
aufgesetzt,7,7893,0.0008868617762574433
nur,6,7893,0.0007601672367920942
stück,6,7893,0.0007601672367920942
gießt,6,7893,0.0007601672367920942
würfel,6,7893,0.0007601672367920942
gedünstet,6,7893,0.0007601672367920942
solange,6,7893,0.0007601672367920942
gebratene,6,7893,0.0007601672367920942
schinken,6,7893,0.0007601672367920942
kalt,6,7893,0.0007601672367920942
etwa,6,7893,0.0007601672367920942
gefettete,6,7893,0.0007601672367920942
geschmack,6,7893,0.0007601672367920942
ver,6,7893,0.0007601672367920942
hinzugefügt,6,7893,0.0007601672367920942
gerieben,6,7893,0.0007601672367920942
ziehen,6,7893,0.0007601672367920942
vermischt,6,7893,0.0007601672367920942
verkocht,6,7893,0.0007601672367920942
vom,6,7893,0.0007601672367920942
backpulver,6,7893,0.0007601672367920942
salzwasser,6,7893,0.0007601672367920942
schnee,6,7893,0.0007601672367920942
uud,6,7893,0.0007601672367920942
saure,6,7893,0.0007601672367920942
darin,6,7893,0.0007601672367920942
6,6,7893,0.0007601672367920942
bäckt,6,7893,0.0007601672367920942
teelöffel,6,7893,0.0007601672367920942
klippfisch,6,7893,0.0007601672367920942
eigelb,6,7893,0.0007601672367920942
geschüttet,6,7893,0.0007601672367920942
da,6,7893,0.0007601672367920942
mittel,5,7893,0.0006334726973267452
wohl,5,7893,0.0006334726973267452
ohne,5,7893,0.0006334726973267452
angerichtet,5,7893,0.0006334726973267452
käse,5,7893,0.0006334726973267452
stehen,5,7893,0.0006334726973267452
vermengt,5,7893,0.0006334726973267452
gemischt,5,7893,0.0006334726973267452
verarbeitet,5,7893,0.0006334726973267452
geriebenen,5,7893,0.0006334726973267452
sämig,5,7893,0.0006334726973267452
haferflocken,5,7893,0.0006334726973267452
schmalz,5,7893,0.0006334726973267452
gewaschene,5,7893,0.0006334726973267452
gestellt,5,7893,0.0006334726973267452
daraus,5,7893,0.0006334726973267452
soviel,5,7893,0.0006334726973267452
zusammen,5,7893,0.0006334726973267452
nochmals,5,7893,0.0006334726973267452
siehe,5,7893,0.0006334726973267452
gebraten,5,7893,0.0006334726973267452
braun,5,7893,0.0006334726973267452
18,5,7893,0.0006334726973267452
suppen,5,7893,0.0006334726973267452
schnitten,5,7893,0.0006334726973267452
zuletzt,5,7893,0.0006334726973267452
füllt,5,7893,0.0006334726973267452
kochendes,5,7893,0.0006334726973267452
stock,5,7893,0.0006334726973267452
leicht,5,7893,0.0006334726973267452
viele,5,7893,0.0006334726973267452
pfanne,5,7893,0.0006334726973267452
besonders,5,7893,0.0006334726973267452
schön,5,7893,0.0006334726973267452
gebracht,5,7893,0.0006334726973267452
zitrone,5,7893,0.0006334726973267452
mischt,5,7893,0.0006334726973267452
darüber,5,7893,0.0006334726973267452
viel,5,7893,0.0006334726973267452
statt,5,7893,0.0006334726973267452
jetzt,5,7893,0.0006334726973267452
bedeckt,5,7893,0.0006334726973267452
paniert,5,7893,0.0006334726973267452
uns,5,7893,0.0006334726973267452
sauerkohl,5,7893,0.0006334726973267452
trocken,5,7893,0.0006334726973267452
gekochten,5,7893,0.0006334726973267452
z,5,7893,0.0006334726973267452
andere,5,7893,0.0006334726973267452
süße,5,7893,0.0006334726973267452
speisen,5,7893,0.0006334726973267452
fische,4,7893,0.0005067781578613962
prise,4,7893,0.0005067781578613962
13,4,7893,0.0005067781578613962
heiß,4,7893,0.0005067781578613962
formt,4,7893,0.0005067781578613962
genommen,4,7893,0.0005067781578613962
weizenmehl,4,7893,0.0005067781578613962
bohnen,4,7893,0.0005067781578613962
klötze,4,7893,0.0005067781578613962
verlag,4,7893,0.0005067781578613962
teller,4,7893,0.0005067781578613962
kleinen,4,7893,0.0005067781578613962
wieder,4,7893,0.0005067781578613962
50,4,7893,0.0005067781578613962
plinsen,4,7893,0.0005067781578613962
schüttet,4,7893,0.0005067781578613962
ebenso,4,7893,0.0005067781578613962
einigen,4,7893,0.0005067781578613962
tut,4,7893,0.0005067781578613962
glatt,4,7893,0.0005067781578613962
sollen,4,7893,0.0005067781578613962
flüssigkeit,4,7893,0.0005067781578613962
gewendet,4,7893,0.0005067781578613962
setzt,4,7893,0.0005067781578613962
damit,4,7893,0.0005067781578613962
40,4,7893,0.0005067781578613962
schneidet,4,7893,0.0005067781578613962
17,4,7893,0.0005067781578613962
gesäubert,4,7893,0.0005067781578613962
hat,4,7893,0.0005067781578613962
aufgekocht,4,7893,0.0005067781578613962
bei,4,7893,0.0005067781578613962
steglitz,4,7893,0.0005067781578613962
teschner,4,7893,0.0005067781578613962
folgende,4,7893,0.0005067781578613962
zugedeckt,4,7893,0.0005067781578613962
halb,4,7893,0.0005067781578613962
backen,4,7893,0.0005067781578613962
vorher,4,7893,0.0005067781578613962
knochen,4,7893,0.0005067781578613962
warmen,4,7893,0.0005067781578613962
drei,4,7893,0.0005067781578613962
flasche,4,7893,0.0005067781578613962
große,4,7893,0.0005067781578613962
12,4,7893,0.0005067781578613962
abgegossen,4,7893,0.0005067781578613962
bleibt,4,7893,0.0005067781578613962
saft,4,7893,0.0005067781578613962
heißen,4,7893,0.0005067781578613962
gegossen,4,7893,0.0005067781578613962
voll,4,7893,0.0005067781578613962
muskat,4,7893,0.0005067781578613962
berlin,4,7893,0.0005067781578613962
«,4,7893,0.0005067781578613962
mehls,4,7893,0.0005067781578613962
schalen,4,7893,0.0005067781578613962
apfelsinen,4,7893,0.0005067781578613962
deutschen,4,7893,0.0005067781578613962
nudeln,4,7893,0.0005067781578613962
nnd,4,7893,0.0005067781578613962
15,4,7893,0.0005067781578613962
brett,4,7893,0.0005067781578613962
geschälte,4,7893,0.0005067781578613962
abgeriebene,4,7893,0.0005067781578613962
salzheringe,4,7893,0.0005067781578613962
petersilie,4,7893,0.0005067781578613962
großen,4,7893,0.0005067781578613962
hausfrau,4,7893,0.0005067781578613962
kochende,4,7893,0.0005067781578613962
weilchen,4,7893,0.0005067781578613962
max,4,7893,0.0005067781578613962
goldgelb,4,7893,0.0005067781578613962
vanille,4,7893,0.0005067781578613962
75,4,7893,0.0005067781578613962
rühren,4,7893,0.0005067781578613962
aufkochen,4,7893,0.0005067781578613962
roggenmehl,4,7893,0.0005067781578613962
verwendet,4,7893,0.0005067781578613962
fast,3,7893,0.0003800836183960471
11,3,7893,0.0003800836183960471
obertasse,3,7893,0.0003800836183960471
mehr,3,7893,0.0003800836183960471
sondern,3,7893,0.0003800836183960471
zerlassener,3,7893,0.0003800836183960471
billig,3,7893,0.0003800836183960471
entgrätet,3,7893,0.0003800836183960471
23,3,7893,0.0003800836183960471
ochsena,3,7893,0.0003800836183960471
roggen,3,7893,0.0003800836183960471
gemengt,3,7893,0.0003800836183960471
senf,3,7893,0.0003800836183960471
gemischtes,3,7893,0.0003800836183960471
überall,3,7893,0.0003800836183960471
ihr,3,7893,0.0003800836183960471
gutes,3,7893,0.0003800836183960471
ferner,3,7893,0.0003800836183960471
genießen,3,7893,0.0003800836183960471
gewässerte,3,7893,0.0003800836183960471
genügend,3,7893,0.0003800836183960471
platte,3,7893,0.0003800836183960471
brät,3,7893,0.0003800836183960471
sahne,3,7893,0.0003800836183960471
hirse,3,7893,0.0003800836183960471
nelken,3,7893,0.0003800836183960471
unsere,3,7893,0.0003800836183960471
doyle,3,7893,0.0003800836183960471
lätzt,3,7893,0.0003800836183960471
sauber,3,7893,0.0003800836183960471
ebener,3,7893,0.0003800836183960471
eiweiß,3,7893,0.0003800836183960471
tasse,3,7893,0.0003800836183960471
dunkle,3,7893,0.0003800836183960471
dadurch,3,7893,0.0003800836183960471
lassen,3,7893,0.0003800836183960471
pfennig,3,7893,0.0003800836183960471
vergl,3,7893,0.0003800836183960471
stetem,3,7893,0.0003800836183960471
1^,3,7893,0.0003800836183960471
gefüllt,3,7893,0.0003800836183960471
rohe,3,7893,0.0003800836183960471
ihn,3,7893,0.0003800836183960471
14,3,7893,0.0003800836183960471
einmal,3,7893,0.0003800836183960471
steifen,3,7893,0.0003800836183960471
gemacht,3,7893,0.0003800836183960471
kämpfen,3,7893,0.0003800836183960471
stockfisch,3,7893,0.0003800836183960471
geschmort,3,7893,0.0003800836183960471
immer,3,7893,0.0003800836183960471
mehlige,3,7893,0.0003800836183960471
lorbeerblatt,3,7893,0.0003800836183960471
durchdünsten,3,7893,0.0003800836183960471
100,3,7893,0.0003800836183960471
festen,3,7893,0.0003800836183960471
gewürz,3,7893,0.0003800836183960471
abgezogene,3,7893,0.0003800836183960471
weise,3,7893,0.0003800836183960471
gewürzt,3,7893,0.0003800836183960471
blumenkohl,3,7893,0.0003800836183960471
angefaulte,3,7893,0.0003800836183960471
eingeweicht,3,7893,0.0003800836183960471
tüchtig,3,7893,0.0003800836183960471
gereicht,3,7893,0.0003800836183960471
32,3,7893,0.0003800836183960471
herd,3,7893,0.0003800836183960471
übrig,3,7893,0.0003800836183960471
geschälten,3,7893,0.0003800836183960471
gräten,3,7893,0.0003800836183960471
sauerkraut,3,7893,0.0003800836183960471
heringe,3,7893,0.0003800836183960471
mehlschwitze,3,7893,0.0003800836183960471
300,3,7893,0.0003800836183960471
belieben,3,7893,0.0003800836183960471
36,3,7893,0.0003800836183960471
erbsen,3,7893,0.0003800836183960471
diesem,3,7893,0.0003800836183960471
knapp,3,7893,0.0003800836183960471
eierkuchen,3,7893,0.0003800836183960471
siedendem,3,7893,0.0003800836183960471
v4,3,7893,0.0003800836183960471
grieß,3,7893,0.0003800836183960471
geriebenes,3,7893,0.0003800836183960471
gehackten,3,7893,0.0003800836183960471
seite,3,7893,0.0003800836183960471
aufs,3,7893,0.0003800836183960471
24,3,7893,0.0003800836183960471
möglichst,3,7893,0.0003800836183960471
aepfeln,3,7893,0.0003800836183960471
weiß,3,7893,0.0003800836183960471
bleiben,3,7893,0.0003800836183960471
schüssel,3,7893,0.0003800836183960471
7,3,7893,0.0003800836183960471
gute,3,7893,0.0003800836183960471
fest,3,7893,0.0003800836183960471
gestrichen,3,7893,0.0003800836183960471
nachdem,3,7893,0.0003800836183960471
warm,3,7893,0.0003800836183960471
darunter,3,7893,0.0003800836183960471
buchweizenmehl,3,7893,0.0003800836183960471
muskatnuß,3,7893,0.0003800836183960471
gedämpft,3,7893,0.0003800836183960471
hinzu,3,7893,0.0003800836183960471
wässern,3,7893,0.0003800836183960471
süßen,3,7893,0.0003800836183960471
rauchfleisch,3,7893,0.0003800836183960471
pudding,3,7893,0.0003800836183960471
neste,3,7893,0.0003800836183960471
länge,3,7893,0.0003800836183960471
iv,3,7893,0.0003800836183960471
19,3,7893,0.0003800836183960471
inzwischen,3,7893,0.0003800836183960471
fügt,3,7893,0.0003800836183960471
hefe,3,7893,0.0003800836183960471
nebst,3,7893,0.0003800836183960471
wurde,3,7893,0.0003800836183960471
parmesan,3,7893,0.0003800836183960471
herausgenommen,3,7893,0.0003800836183960471
nimmt,3,7893,0.0003800836183960471
tisch,3,7893,0.0003800836183960471
ersatz,3,7893,0.0003800836183960471
runde,3,7893,0.0003800836183960471
eines,3,7893,0.0003800836183960471
wohlschmeckenden,3,7893,0.0003800836183960471
gebackene,3,7893,0.0003800836183960471
limonade,3,7893,0.0003800836183960471
bratkartoffeln,3,7893,0.0003800836183960471
gehäutet,3,7893,0.0003800836183960471
kartoffelbrei,3,7893,0.0003800836183960471
schweinsohren,3,7893,0.0003800836183960471
dick,3,7893,0.0003800836183960471
bereiten,3,7893,0.0003800836183960471
bestreute,3,7893,0.0003800836183960471
entsteht,3,7893,0.0003800836183960471
vollständig,3,7893,0.0003800836183960471
ziemlich,3,7893,0.0003800836183960471
9,3,7893,0.0003800836183960471
oben,3,7893,0.0003800836183960471
grüne,3,7893,0.0003800836183960471
verwenden,3,7893,0.0003800836183960471
lauwarmer,3,7893,0.0003800836183960471
natron,3,7893,0.0003800836183960471
angerührt,3,7893,0.0003800836183960471
kommt,2,7893,0.0002533890789306981
halben,2,7893,0.0002533890789306981
kleines,2,7893,0.0002533890789306981
vz,2,7893,0.0002533890789306981
^4,2,7893,0.0002533890789306981
hohen,2,7893,0.0002533890789306981
brotbröckchen,2,7893,0.0002533890789306981
soll,2,7893,0.0002533890789306981
koteletts,2,7893,0.0002533890789306981
umrühren,2,7893,0.0002533890789306981
175,2,7893,0.0002533890789306981
wohlgeschmack,2,7893,0.0002533890789306981
angeröstet,2,7893,0.0002533890789306981
frikandellen,2,7893,0.0002533890789306981
trockenem,2,7893,0.0002533890789306981
speckwürfelchen,2,7893,0.0002533890789306981
obst,2,7893,0.0002533890789306981
ausgedrückten,2,7893,0.0002533890789306981
abgewaschen,2,7893,0.0002533890789306981
trocknen,2,7893,0.0002533890789306981
löffeln,2,7893,0.0002533890789306981
rindfleisch,2,7893,0.0002533890789306981
noggenmehl,2,7893,0.0002533890789306981
rüben,2,7893,0.0002533890789306981
ausgestochen,2,7893,0.0002533890789306981
zerschnitten,2,7893,0.0002533890789306981
welche,2,7893,0.0002533890789306981
während,2,7893,0.0002533890789306981
auskühlen,2,7893,0.0002533890789306981
müßt,2,7893,0.0002533890789306981
empfehlen,2,7893,0.0002533890789306981
usw,2,7893,0.0002533890789306981
apfel,2,7893,0.0002533890789306981
gewälzt,2,7893,0.0002533890789306981
kochender,2,7893,0.0002533890789306981
klar,2,7893,0.0002533890789306981
gewiegten,2,7893,0.0002533890789306981
legt,2,7893,0.0002533890789306981
iii,2,7893,0.0002533890789306981
kartoffelsalat,2,7893,0.0002533890789306981
macht,2,7893,0.0002533890789306981
zerfallen,2,7893,0.0002533890789306981
farbe,2,7893,0.0002533890789306981
helle,2,7893,0.0002533890789306981
gewiegt,2,7893,0.0002533890789306981
durchgekocht,2,7893,0.0002533890789306981
majoran,2,7893,0.0002533890789306981
erforderlich,2,7893,0.0002533890789306981
lange,2,7893,0.0002533890789306981
schmarrn,2,7893,0.0002533890789306981
durchwachsener,2,7893,0.0002533890789306981
geschnittener,2,7893,0.0002533890789306981
gurken,2,7893,0.0002533890789306981
mengen,2,7893,0.0002533890789306981
stielchen,2,7893,0.0002533890789306981
bedeutet,2,7893,0.0002533890789306981
grün,2,7893,0.0002533890789306981
feine,2,7893,0.0002533890789306981
grützefleisch,2,7893,0.0002533890789306981
resten,2,7893,0.0002533890789306981
diesen,2,7893,0.0002533890789306981
buttermilch,2,7893,0.0002533890789306981
kar,2,7893,0.0002533890789306981
hitze,2,7893,0.0002533890789306981
zur,2,7893,0.0002533890789306981
tags,2,7893,0.0002533890789306981
gehackter,2,7893,0.0002533890789306981
sieden,2,7893,0.0002533890789306981
salzt,2,7893,0.0002533890789306981
formen,2,7893,0.0002533890789306981
flammeri,2,7893,0.0002533890789306981
gehackt,2,7893,0.0002533890789306981
gemüsereste,2,7893,0.0002533890789306981
körnig,2,7893,0.0002533890789306981
geputzte,2,7893,0.0002533890789306981
dazugegeben,2,7893,0.0002533890789306981
graupensuppe,2,7893,0.0002533890789306981
33,2,7893,0.0002533890789306981
pastete,2,7893,0.0002533890789306981
streicht,2,7893,0.0002533890789306981
rein,2,7893,0.0002533890789306981
anderen,2,7893,0.0002533890789306981
kaltes,2,7893,0.0002533890789306981
kartoffelgerichte,2,7893,0.0002533890789306981
einein,2,7893,0.0002533890789306981
erste,2,7893,0.0002533890789306981
wurst,2,7893,0.0002533890789306981
geschnittene,2,7893,0.0002533890789306981
tee,2,7893,0.0002533890789306981
70,2,7893,0.0002533890789306981
morgen,2,7893,0.0002533890789306981
60,2,7893,0.0002533890789306981
kochrezepte,2,7893,0.0002533890789306981
schmeckt,2,7893,0.0002533890789306981
teige,2,7893,0.0002533890789306981
öfterem,2,7893,0.0002533890789306981
entgrätete,2,7893,0.0002533890789306981
aufgetragen,2,7893,0.0002533890789306981
kuheuter,2,7893,0.0002533890789306981
dicke,2,7893,0.0002533890789306981
heißes,2,7893,0.0002533890789306981
eurer,2,7893,0.0002533890789306981
sultaninen,2,7893,0.0002533890789306981
wert,2,7893,0.0002533890789306981
nahrhaft,2,7893,0.0002533890789306981
hellgelb,2,7893,0.0002533890789306981
pfnnd,2,7893,0.0002533890789306981
abend,2,7893,0.0002533890789306981
hinzugegeben,2,7893,0.0002533890789306981
hinzugetan,2,7893,0.0002533890789306981
befreit,2,7893,0.0002533890789306981
zer,2,7893,0.0002533890789306981
kriegskuchen,2,7893,0.0002533890789306981
eingemachte,2,7893,0.0002533890789306981
beim,2,7893,0.0002533890789306981
ganzen,2,7893,0.0002533890789306981
ebenfalls,2,7893,0.0002533890789306981
notwendig,2,7893,0.0002533890789306981
eidotter,2,7893,0.0002533890789306981
schweine,2,7893,0.0002533890789306981
eingeweichten,2,7893,0.0002533890789306981
gefahr,2,7893,0.0002533890789306981
preis,2,7893,0.0002533890789306981
gestoßenem,2,7893,0.0002533890789306981
25,2,7893,0.0002533890789306981
20,2,7893,0.0002533890789306981
blutwurst,2,7893,0.0002533890789306981
kleingeschnitten,2,7893,0.0002533890789306981
finger,2,7893,0.0002533890789306981
gequirlt,2,7893,0.0002533890789306981
gehackte,2,7893,0.0002533890789306981
erhält,2,7893,0.0002533890789306981
mohrrüben,2,7893,0.0002533890789306981
zugabe,2,7893,0.0002533890789306981
bier,2,7893,0.0002533890789306981
früchte,2,7893,0.0002533890789306981
salat,2,7893,0.0002533890789306981
löst,2,7893,0.0002533890789306981
bestäubtem,2,7893,0.0002533890789306981
vs,2,7893,0.0002533890789306981
^2,2,7893,0.0002533890789306981
maggi,2,7893,0.0002533890789306981
herz,2,7893,0.0002533890789306981
sellerie,2,7893,0.0002533890789306981
erscheint,2,7893,0.0002533890789306981
geschirr,2,7893,0.0002533890789306981
gedrückt,2,7893,0.0002533890789306981
gelblich,2,7893,0.0002533890789306981
maß,2,7893,0.0002533890789306981
darf,2,7893,0.0002533890789306981
mengt,2,7893,0.0002533890789306981
entfernt,2,7893,0.0002533890789306981
hammelzunge,2,7893,0.0002533890789306981
gerichte,2,7893,0.0002533890789306981
gewaschen,2,7893,0.0002533890789306981
legen,2,7893,0.0002533890789306981
steife,2,7893,0.0002533890789306981
ausgestrichene,2,7893,0.0002533890789306981
denen,2,7893,0.0002533890789306981
v«,2,7893,0.0002533890789306981
vereinfachung,2,7893,0.0002533890789306981
kräutern,2,7893,0.0002533890789306981
häufig,2,7893,0.0002533890789306981
zerschnittenen,2,7893,0.0002533890789306981
sticht,2,7893,0.0002533890789306981
sultanrosinen,2,7893,0.0002533890789306981
mz,2,7893,0.0002533890789306981
beilage,2,7893,0.0002533890789306981
herstellen,2,7893,0.0002533890789306981
eß,2,7893,0.0002533890789306981
toffeln,2,7893,0.0002533890789306981
hering,2,7893,0.0002533890789306981
sein,2,7893,0.0002533890789306981
sirup,2,7893,0.0002533890789306981
arbeitet,2,7893,0.0002533890789306981
ausgerollt,2,7893,0.0002533890789306981
essen,2,7893,0.0002533890789306981
behandlung,2,7893,0.0002533890789306981
zurechtgemachte,2,7893,0.0002533890789306981
teil,2,7893,0.0002533890789306981
erwärmten,2,7893,0.0002533890789306981
denn,2,7893,0.0002533890789306981
klippfische,2,7893,0.0002533890789306981
daran,2,7893,0.0002533890789306981
knusprig,2,7893,0.0002533890789306981
apfelmus,2,7893,0.0002533890789306981
hausfrauen,2,7893,0.0002533890789306981
gelöst,2,7893,0.0002533890789306981
gemüsewasser,2,7893,0.0002533890789306981
gelassen,2,7893,0.0002533890789306981
riebenem,2,7893,0.0002533890789306981
alle,2,7893,0.0002533890789306981
weil,2,7893,0.0002533890789306981
weißen,2,7893,0.0002533890789306981
schon,2,7893,0.0002533890789306981
sodaß,2,7893,0.0002533890789306981
obstmus,2,7893,0.0002533890789306981
schlesisches,2,7893,0.0002533890789306981
schöne,2,7893,0.0002533890789306981
frisches,2,7893,0.0002533890789306981
fischresten,2,7893,0.0002533890789306981
22,2,7893,0.0002533890789306981
warmgestellt,2,7893,0.0002533890789306981
bestrichen,2,7893,0.0002533890789306981
hellbraun,2,7893,0.0002533890789306981
durchgemischt,2,7893,0.0002533890789306981
kartoffelmasse,2,7893,0.0002533890789306981
goldbraun,2,7893,0.0002533890789306981
leben,2,7893,0.0002533890789306981
himmelreich,2,7893,0.0002533890789306981
dreiviertel,2,7893,0.0002533890789306981
besten,2,7893,0.0002533890789306981
28,2,7893,0.0002533890789306981
milden,2,7893,0.0002533890789306981
also,2,7893,0.0002533890789306981
england,2,7893,0.0002533890789306981
teile,2,7893,0.0002533890789306981
schweizerkäse,2,7893,0.0002533890789306981
16,2,7893,0.0002533890789306981
geröstete,2,7893,0.0002533890789306981
hilfe,2,7893,0.0002533890789306981
gelb,2,7893,0.0002533890789306981
nötigen,2,7893,0.0002533890789306981
gegen,2,7893,0.0002533890789306981
dünne,2,7893,0.0002533890789306981
kohl,2,7893,0.0002533890789306981
vrühe,2,7893,0.0002533890789306981
gerade,2,7893,0.0002533890789306981
kugeln,2,7893,0.0002533890789306981
halten,2,7893,0.0002533890789306981
volk,2,7893,0.0002533890789306981
abgekochte,2,7893,0.0002533890789306981
schweinebauch,2,7893,0.0002533890789306981
reste,2,7893,0.0002533890789306981
mäßig,2,7893,0.0002533890789306981
wß,2,7893,0.0002533890789306981
kunst,2,7893,0.0002533890789306981
zitronen,2,7893,0.0002533890789306981
kochte,2,7893,0.0002533890789306981
zerschnittene,2,7893,0.0002533890789306981
280,2,7893,0.0002533890789306981
29,2,7893,0.0002533890789306981
125,2,7893,0.0002533890789306981
dreimal,2,7893,0.0002533890789306981
gesüßt,2,7893,0.0002533890789306981
korinthen,2,7893,0.0002533890789306981
folgenden,2,7893,0.0002533890789306981
erbsensuppe,2,7893,0.0002533890789306981
ausgebratenem,2,7893,0.0002533890789306981
fleischreste,2,7893,0.0002533890789306981
würfeln,2,7893,0.0002533890789306981
gekommen,2,7893,0.0002533890789306981
erhöhen,2,7893,0.0002533890789306981
fleck,2,7893,0.0002533890789306981
beträufelt,2,7893,0.0002533890789306981
21,2,7893,0.0002533890789306981
englands,2,7893,0.0002533890789306981
niere,2,7893,0.0002533890789306981
teurer,2,7893,0.0002533890789306981
kleinem,2,7893,0.0002533890789306981
kerne,2,7893,0.0002533890789306981
bedarf,2,7893,0.0002533890789306981
parmesankäse,2,7893,0.0002533890789306981
mal,2,7893,0.0002533890789306981
plan,2,7893,0.0002533890789306981
mittagessen,2,7893,0.0002533890789306981
pf,2,7893,0.0002533890789306981
ßw,2,7893,0.0002533890789306981
gequirlten,2,7893,0.0002533890789306981
frühstück,2,7893,0.0002533890789306981
ungefähr,2,7893,0.0002533890789306981
wendet,2,7893,0.0002533890789306981
400,2,7893,0.0002533890789306981
ersetzen,2,7893,0.0002533890789306981
jede,2,7893,0.0002533890789306981
hundert,2,7893,0.0002533890789306981
entweder,2,7893,0.0002533890789306981
abgelöst,2,7893,0.0002533890789306981
liegt,2,7893,0.0002533890789306981
zerlassene,1,7893,0.00012669453946534905
verdienen,1,7893,0.00012669453946534905
deten,1,7893,0.00012669453946534905
fraueu,1,7893,0.00012669453946534905
kaldaunen,1,7893,0.00012669453946534905
kastenform,1,7893,0.00012669453946534905
aufgelöst,1,7893,0.00012669453946534905
würzkörner,1,7893,0.00012669453946534905
sorgennnsere,1,7893,0.00012669453946534905
verdünnung,1,7893,0.00012669453946534905
breiig,1,7893,0.00012669453946534905
rollt,1,7893,0.00012669453946534905
zuckerhaltige,1,7893,0.00012669453946534905
ihnen,1,7893,0.00012669453946534905
eingerieben,1,7893,0.00012669453946534905
flocken,1,7893,0.00012669453946534905
hälfte,1,7893,0.00012669453946534905
frischen,1,7893,0.00012669453946534905
erfüllung,1,7893,0.00012669453946534905
flüssig,1,7893,0.00012669453946534905
hafte,1,7893,0.00012669453946534905
völkerringens,1,7893,0.00012669453946534905
dazugeben,1,7893,0.00012669453946534905
vt,1,7893,0.00012669453946534905
ii,1,7893,0.00012669453946534905
kunstbutter,1,7893,0.00012669453946534905
neue,1,7893,0.00012669453946534905
dieses,1,7893,0.00012669453946534905
geschwenkt,1,7893,0.00012669453946534905
kochgeschirr,1,7893,0.00012669453946534905
müssen?,1,7893,0.00012669453946534905
43,1,7893,0.00012669453946534905
j>,1,7893,0.00012669453946534905
gehäutetes,1,7893,0.00012669453946534905
54,1,7893,0.00012669453946534905
abgebrühten,1,7893,0.00012669453946534905
vorzüglicher,1,7893,0.00012669453946534905
3t,1,7893,0.00012669453946534905
perl,1,7893,0.00012669453946534905
thüringer,1,7893,0.00012669453946534905
seit,1,7893,0.00012669453946534905
lössel,1,7893,0.00012669453946534905
gewaltigen,1,7893,0.00012669453946534905
durchgesiebten,1,7893,0.00012669453946534905
geschabte,1,7893,0.00012669453946534905
gefrorene,1,7893,0.00012669453946534905
brotknappheit,1,7893,0.00012669453946534905
kriegsbeginn,1,7893,0.00012669453946534905
erfahrungen,1,7893,0.00012669453946534905
durchgebraten,1,7893,0.00012669453946534905
sachen,1,7893,0.00012669453946534905
schlankem,1,7893,0.00012669453946534905
probeklotzes,1,7893,0.00012669453946534905
biersuppe,1,7893,0.00012669453946534905
entwickelnden,1,7893,0.00012669453946534905
höchsten,1,7893,0.00012669453946534905
ureigensten,1,7893,0.00012669453946534905
spüren,1,7893,0.00012669453946534905
kopf,1,7893,0.00012669453946534905
vlatt,1,7893,0.00012669453946534905
38,1,7893,0.00012669453946534905
gallertmasse,1,7893,0.00012669453946534905
verhüten,1,7893,0.00012669453946534905
fützen,1,7893,0.00012669453946534905
93,1,7893,0.00012669453946534905
fifchfrikassee,1,7893,0.00012669453946534905
legiert,1,7893,0.00012669453946534905
letzt,1,7893,0.00012669453946534905
aussah,1,7893,0.00012669453946534905
gebackenes,1,7893,0.00012669453946534905
85,1,7893,0.00012669453946534905
zungen,1,7893,0.00012669453946534905
bereiteten,1,7893,0.00012669453946534905
derben,1,7893,0.00012669453946534905
keineswegs,1,7893,0.00012669453946534905
jedes,1,7893,0.00012669453946534905
ahnnngen,1,7893,0.00012669453946534905
nahrungsmittelfrage,1,7893,0.00012669453946534905
klopfen,1,7893,0.00012669453946534905
zubereitet,1,7893,0.00012669453946534905
seekriege,1,7893,0.00012669453946534905
mögen,1,7893,0.00012669453946534905
gehen,1,7893,0.00012669453946534905
gewöhnlichen,1,7893,0.00012669453946534905
üblen,1,7893,0.00012669453946534905
mürbe,1,7893,0.00012669453946534905
tagen,1,7893,0.00012669453946534905
entgrätetes,1,7893,0.00012669453946534905
gesalzenem,1,7893,0.00012669453946534905
fürchten,1,7893,0.00012669453946534905
aäseschmarrn,1,7893,0.00012669453946534905
datz,1,7893,0.00012669453946534905
aartoffelkotelettcn,1,7893,0.00012669453946534905
sherlock,1,7893,0.00012669453946534905
letzten,1,7893,0.00012669453946534905
bekannt,1,7893,0.00012669453946534905
zusatz,1,7893,0.00012669453946534905
genug,1,7893,0.00012669453946534905
imofenhellbraun,1,7893,0.00012669453946534905
wirkt,1,7893,0.00012669453946534905
mageres,1,7893,0.00012669453946534905
ungekochten,1,7893,0.00012669453946534905
nahrungswcise,1,7893,0.00012669453946534905
^3,1,7893,0.00012669453946534905
erschienen,1,7893,0.00012669453946534905
schweineschmalz,1,7893,0.00012669453946534905
erst,1,7893,0.00012669453946534905
lunge,1,7893,0.00012669453946534905
eingezogen,1,7893,0.00012669453946534905
gungslosen,1,7893,0.00012669453946534905
grünkernmehl,1,7893,0.00012669453946534905
sparsamer,1,7893,0.00012669453946534905
feuerfestem,1,7893,0.00012669453946534905
91,1,7893,0.00012669453946534905
zm,1,7893,0.00012669453946534905
angst,1,7893,0.00012669453946534905
sobald,1,7893,0.00012669453946534905
falscher,1,7893,0.00012669453946534905
1t>,1,7893,0.00012669453946534905
erfolg,1,7893,0.00012669453946534905
gestoßen,1,7893,0.00012669453946534905
milchnudeln,1,7893,0.00012669453946534905
zwiebelwürfel,1,7893,0.00012669453946534905
kartoffelmehlzusatz,1,7893,0.00012669453946534905
fleischspeisen,1,7893,0.00012669453946534905
erprobten,1,7893,0.00012669453946534905
ausgedrückter,1,7893,0.00012669453946534905
erregte,1,7893,0.00012669453946534905
hineingetan,1,7893,0.00012669453946534905
handel,1,7893,0.00012669453946534905
getreide,1,7893,0.00012669453946534905
aufgeschnitten,1,7893,0.00012669453946534905
schnittene,1,7893,0.00012669453946534905
kal,1,7893,0.00012669453946534905
speise,1,7893,0.00012669453946534905
feingeschnitten,1,7893,0.00012669453946534905
gefüllter,1,7893,0.00012669453946534905
wirsingkohl,1,7893,0.00012669453946534905
kriegsküche,1,7893,0.00012669453946534905
gestrichenen,1,7893,0.00012669453946534905
47,1,7893,0.00012669453946534905
gesalzener,1,7893,0.00012669453946534905
ebenem,1,7893,0.00012669453946534905
bieten,1,7893,0.00012669453946534905
zerkleinert,1,7893,0.00012669453946534905
geschälter,1,7893,0.00012669453946534905
blatthüllen,1,7893,0.00012669453946534905
48,1,7893,0.00012669453946534905
abgebrühte,1,7893,0.00012669453946534905
himmel,1,7893,0.00012669453946534905
unserer,1,7893,0.00012669453946534905
fingergroße,1,7893,0.00012669453946534905
verbindung,1,7893,0.00012669453946534905
^48,1,7893,0.00012669453946534905
stockfische,1,7893,0.00012669453946534905
pichelsteiner,1,7893,0.00012669453946534905
bietet,1,7893,0.00012669453946534905
dein,1,7893,0.00012669453946534905
übermäßig,1,7893,0.00012669453946534905
letztere,1,7893,0.00012669453946534905
untereinander,1,7893,0.00012669453946534905
ostsee,1,7893,0.00012669453946534905
geschnittenen,1,7893,0.00012669453946534905
dauerwaren,1,7893,0.00012669453946534905
schlachtfleisch,1,7893,0.00012669453946534905
genmsegerichte,1,7893,0.00012669453946534905
wurzelzeug,1,7893,0.00012669453946534905
nehmen,1,7893,0.00012669453946534905
fischdauerwaren,1,7893,0.00012669453946534905
gepeitscht,1,7893,0.00012669453946534905
anbrennen,1,7893,0.00012669453946534905
mehlbestäubtem,1,7893,0.00012669453946534905
abgeknetet,1,7893,0.00012669453946534905
ihres,1,7893,0.00012669453946534905
zweimal,1,7893,0.00012669453946534905
aepfelu,1,7893,0.00012669453946534905
darauf,1,7893,0.00012669453946534905
brauchen,1,7893,0.00012669453946534905
fischklötze,1,7893,0.00012669453946534905
blech,1,7893,0.00012669453946534905
holz,1,7893,0.00012669453946534905
haar,1,7893,0.00012669453946534905
ueber,1,7893,0.00012669453946534905
ueberfluß,1,7893,0.00012669453946534905
verkauft,1,7893,0.00012669453946534905
sowie,1,7893,0.00012669453946534905
hübsch,1,7893,0.00012669453946534905
gemüsesuppe,1,7893,0.00012669453946534905
schinkenröllchen,1,7893,0.00012669453946534905
anstatt,1,7893,0.00012669453946534905
kriegsdienst,1,7893,0.00012669453946534905
x,1,7893,0.00012669453946534905
hierauf,1,7893,0.00012669453946534905
füllung,1,7893,0.00012669453946534905
62,1,7893,0.00012669453946534905
riebene,1,7893,0.00012669453946534905
reibeisen,1,7893,0.00012669453946534905
kotelettcn,1,7893,0.00012669453946534905
machen,1,7893,0.00012669453946534905
dickflüssiger,1,7893,0.00012669453946534905
tropft,1,7893,0.00012669453946534905
andern,1,7893,0.00012669453946534905
größe,1,7893,0.00012669453946534905
gesunden,1,7893,0.00012669453946534905
teltonierrübchen,1,7893,0.00012669453946534905
buches,1,7893,0.00012669453946534905
sütze,1,7893,0.00012669453946534905
tnnke,1,7893,0.00012669453946534905
lebens,1,7893,0.00012669453946534905
weizenmehls,1,7893,0.00012669453946534905
mau,1,7893,0.00012669453946534905
kocheu,1,7893,0.00012669453946534905
bekommlichkeit,1,7893,0.00012669453946534905
kümmel,1,7893,0.00012669453946534905
dagegen,1,7893,0.00012669453946534905
knochenfleischbrühe,1,7893,0.00012669453946534905
zitronenscheiben,1,7893,0.00012669453946534905
tuch,1,7893,0.00012669453946534905
zerschmolzenem,1,7893,0.00012669453946534905
200,1,7893,0.00012669453946534905
abgetropft,1,7893,0.00012669453946534905
pflaumen,1,7893,0.00012669453946534905
garwcrden,1,7893,0.00012669453946534905
haushalt,1,7893,0.00012669453946534905
niederlage,1,7893,0.00012669453946534905
vorhandene,1,7893,0.00012669453946534905
backfett,1,7893,0.00012669453946534905
schwarten,1,7893,0.00012669453946534905
erfrischungsgetränk,1,7893,0.00012669453946534905
torten,1,7893,0.00012669453946534905
ersten,1,7893,0.00012669453946534905
reibt,1,7893,0.00012669453946534905
bedin,1,7893,0.00012669453946534905
flüisen,1,7893,0.00012669453946534905
pomeranzen,1,7893,0.00012669453946534905
geführt,1,7893,0.00012669453946534905
kriegszeit,1,7893,0.00012669453946534905
jeden,1,7893,0.00012669453946534905
feingestoßene,1,7893,0.00012669453946534905
schicht,1,7893,0.00012669453946534905
hirsebrei,1,7893,0.00012669453946534905
küche,1,7893,0.00012669453946534905
schließlich,1,7893,0.00012669453946534905
beste,1,7893,0.00012669453946534905
rosinenflammeri,1,7893,0.00012669453946534905
hauszuhalten,1,7893,0.00012669453946534905
nelke,1,7893,0.00012669453946534905
derstock,1,7893,0.00012669453946534905
grünkernschnitten,1,7893,0.00012669453946534905
empfiehlt,1,7893,0.00012669453946534905
wünschenswerten,1,7893,0.00012669453946534905
zukunftsbild,1,7893,0.00012669453946534905
stürzt,1,7893,0.00012669453946534905
weile,1,7893,0.00012669453946534905
aartoffeltorte,1,7893,0.00012669453946534905
konserven,1,7893,0.00012669453946534905
weiter,1,7893,0.00012669453946534905
durchgearbeiteten,1,7893,0.00012669453946534905
doch,1,7893,0.00012669453946534905
speckwürfel,1,7893,0.00012669453946534905
pfeffert,1,7893,0.00012669453946534905
feingewiegte,1,7893,0.00012669453946534905
meere,1,7893,0.00012669453946534905
schmackhaft,1,7893,0.00012669453946534905
durchzurühren,1,7893,0.00012669453946534905
auslaufform,1,7893,0.00012669453946534905
3l,1,7893,0.00012669453946534905
iv2,1,7893,0.00012669453946534905
67,1,7893,0.00012669453946534905
grieben,1,7893,0.00012669453946534905
6^10,1,7893,0.00012669453946534905
getropfte,1,7893,0.00012669453946534905
ivs,1,7893,0.00012669453946534905
73,1,7893,0.00012669453946534905
gabe,1,7893,0.00012669453946534905
kotcletten,1,7893,0.00012669453946534905
männer,1,7893,0.00012669453946534905
heraus,1,7893,0.00012669453946534905
feinem,1,7893,0.00012669453946534905
suppenkräuter,1,7893,0.00012669453946534905
schmoren,1,7893,0.00012669453946534905
ständig,1,7893,0.00012669453946534905
leisten,1,7893,0.00012669453946534905
mutz,1,7893,0.00012669453946534905
hackten,1,7893,0.00012669453946534905
weißbrotkrumen,1,7893,0.00012669453946534905
llnterseeboote,1,7893,0.00012669453946534905
nudelteig,1,7893,0.00012669453946534905
375,1,7893,0.00012669453946534905
zerschnittenes,1,7893,0.00012669453946534905
fischgerichte,1,7893,0.00012669453946534905
zweiten,1,7893,0.00012669453946534905
zufügt,1,7893,0.00012669453946534905
rezepte,1,7893,0.00012669453946534905
stelle,1,7893,0.00012669453946534905
allem,1,7893,0.00012669453946534905
graubrot,1,7893,0.00012669453946534905
94,1,7893,0.00012669453946534905
kartoffelscheiben,1,7893,0.00012669453946534905
kriege,1,7893,0.00012669453946534905
59,1,7893,0.00012669453946534905
neuert,1,7893,0.00012669453946534905
pflanzenfleisch,1,7893,0.00012669453946534905
vorfinden,1,7893,0.00012669453946534905
kohlrüben,1,7893,0.00012669453946534905
kartoffelklöße,1,7893,0.00012669453946534905
gries,1,7893,0.00012669453946534905
abgestoßen,1,7893,0.00012669453946534905
kräuter,1,7893,0.00012669453946534905
erkaltet,1,7893,0.00012669453946534905
reichlichen,1,7893,0.00012669453946534905
wilden,1,7893,0.00012669453946534905
zusammengerührt,1,7893,0.00012669453946534905
stellen,1,7893,0.00012669453946534905
dazugefügt,1,7893,0.00012669453946534905
schnell,1,7893,0.00012669453946534905
bräunen,1,7893,0.00012669453946534905
mischung,1,7893,0.00012669453946534905
schwimmend,1,7893,0.00012669453946534905
eingeschichtet,1,7893,0.00012669453946534905
durchgearbeitet,1,7893,0.00012669453946534905
schweinelunge,1,7893,0.00012669453946534905
arten,1,7893,0.00012669453946534905
glatten,1,7893,0.00012669453946534905
eineinhalb,1,7893,0.00012669453946534905
spring,1,7893,0.00012669453946534905
flachen,1,7893,0.00012669453946534905
v?,1,7893,0.00012669453946534905
längliche,1,7893,0.00012669453946534905
maschine,1,7893,0.00012669453946534905
not,1,7893,0.00012669453946534905
kaum,1,7893,0.00012669453946534905
deutsche«,1,7893,0.00012669453946534905
nüsse,1,7893,0.00012669453946534905
siedende,1,7893,0.00012669453946534905
semmeln,1,7893,0.00012669453946534905
großes,1,7893,0.00012669453946534905
indem,1,7893,0.00012669453946534905
kalbs,1,7893,0.00012669453946534905
nahrhafte,1,7893,0.00012669453946534905
2v,1,7893,0.00012669453946534905
20t,1,7893,0.00012669453946534905
hafer,1,7893,0.00012669453946534905
ausge,1,7893,0.00012669453946534905
gemischte,1,7893,0.00012669453946534905
backobst,1,7893,0.00012669453946534905
ezctrakt,1,7893,0.00012669453946534905
gestoßene,1,7893,0.00012669453946534905
umgedreht,1,7893,0.00012669453946534905
gebräunten,1,7893,0.00012669453946534905
mw,1,7893,0.00012669453946534905
kaffeegebäck,1,7893,0.00012669453946534905
mehlmasse,1,7893,0.00012669453946534905
gewicht,1,7893,0.00012669453946534905
gold,1,7893,0.00012669453946534905
bilden,1,7893,0.00012669453946534905
nacht,1,7893,0.00012669453946534905
roh,1,7893,0.00012669453946534905
dürfen,1,7893,0.00012669453946534905
vervollständigen,1,7893,0.00012669453946534905
abwechslungsreicher,1,7893,0.00012669453946534905
sirupkuchen,1,7893,0.00012669453946534905
ausgespülten,1,7893,0.00012669453946534905
buchrveizemnehl,1,7893,0.00012669453946534905
weichgekocht,1,7893,0.00012669453946534905
heimtückischen,1,7893,0.00012669453946534905
war,1,7893,0.00012669453946534905
abgewaschenen,1,7893,0.00012669453946534905
buchweizen,1,7893,0.00012669453946534905
lichen,1,7893,0.00012669453946534905
gemüsemus,1,7893,0.00012669453946534905
vorspeise,1,7893,0.00012669453946534905
otto,1,7893,0.00012669453946534905
obenauf,1,7893,0.00012669453946534905
wassersuppen,1,7893,0.00012669453946534905
schützt,1,7893,0.00012669453946534905
söhne,1,7893,0.00012669453946534905
porzellanform,1,7893,0.00012669453946534905
anzahl,1,7893,0.00012669453946534905
größten,1,7893,0.00012669453946534905
aufgenommen,1,7893,0.00012669453946534905
kein,1,7893,0.00012669453946534905
ja,1,7893,0.00012669453946534905
weißkraut,1,7893,0.00012669453946534905
kohlblättern,1,7893,0.00012669453946534905
mohrrübchen,1,7893,0.00012669453946534905
ausgebratenen,1,7893,0.00012669453946534905
hammelragu,1,7893,0.00012669453946534905
86,1,7893,0.00012669453946534905
gemengten,1,7893,0.00012669453946534905
februar,1,7893,0.00012669453946534905
wirsing,1,7893,0.00012669453946534905
worte,1,7893,0.00012669453946534905
abendbrot,1,7893,0.00012669453946534905
53,1,7893,0.00012669453946534905
kartoffelpudding,1,7893,0.00012669453946534905
aufgefüllt,1,7893,0.00012669453946534905
gelindem,1,7893,0.00012669453946534905
dies,1,7893,0.00012669453946534905
äpfel,1,7893,0.00012669453946534905
hält,1,7893,0.00012669453946534905
siedendes,1,7893,0.00012669453946534905
schrieb,1,7893,0.00012669453946534905
waffe,1,7893,0.00012669453946534905
kriegs,1,7893,0.00012669453946534905
rechnet,1,7893,0.00012669453946534905
nübenstücke,1,7893,0.00012669453946534905
beschaffen,1,7893,0.00012669453946534905
verrat,1,7893,0.00012669453946534905
4v,1,7893,0.00012669453946534905
rüird,1,7893,0.00012669453946534905
maggiwürze,1,7893,0.00012669453946534905
aufzutragen,1,7893,0.00012669453946534905
seiner,1,7893,0.00012669453946534905
außerdem,1,7893,0.00012669453946534905
abends,1,7893,0.00012669453946534905
schütteln,1,7893,0.00012669453946534905
fingerstarke,1,7893,0.00012669453946534905
kapitän,1,7893,0.00012669453946534905
dünn,1,7893,0.00012669453946534905
kartoffelpsannknchen,1,7893,0.00012669453946534905
besonderen,1,7893,0.00012669453946534905
bezogenen,1,7893,0.00012669453946534905
„dies,1,7893,0.00012669453946534905
gewogen,1,7893,0.00012669453946534905
luugenmuß,1,7893,0.00012669453946534905
kleingeschnittene,1,7893,0.00012669453946534905
57,1,7893,0.00012669453946534905
warmem,1,7893,0.00012669453946534905
«unterseeboot,1,7893,0.00012669453946534905
schinkenscheiben,1,7893,0.00012669453946534905
fingerdick,1,7893,0.00012669453946534905
mürbeteig,1,7893,0.00012669453946534905
kartoffelstückchen,1,7893,0.00012669453946534905
heringen,1,7893,0.00012669453946534905
kleinigkeit,1,7893,0.00012669453946534905
bratenknochen,1,7893,0.00012669453946534905
seeküste,1,7893,0.00012669453946534905
milchsuppen,1,7893,0.00012669453946534905
68,1,7893,0.00012669453946534905
durchgeschwitzt,1,7893,0.00012669453946534905
kartoffeltorte,1,7893,0.00012669453946534905
senis,1,7893,0.00012669453946534905
ebensoviel,1,7893,0.00012669453946534905
di,1,7893,0.00012669453946534905
durchschnitten,1,7893,0.00012669453946534905
87,1,7893,0.00012669453946534905
98,1,7893,0.00012669453946534905
blumenkohls,1,7893,0.00012669453946534905
gesiebt,1,7893,0.00012669453946534905
volkes,1,7893,0.00012669453946534905
schiedene,1,7893,0.00012669453946534905
erkalteten,1,7893,0.00012669453946534905
heer,1,7893,0.00012669453946534905
brotsuppe,1,7893,0.00012669453946534905
salzen,1,7893,0.00012669453946534905
1vv,1,7893,0.00012669453946534905
aufwalleu,1,7893,0.00012669453946534905
sowohl,1,7893,0.00012669453946534905
conan,1,7893,0.00012669453946534905
kartoffelreste,1,7893,0.00012669453946534905
unten,1,7893,0.00012669453946534905
friede,1,7893,0.00012669453946534905
vanillezucker,1,7893,0.00012669453946534905
papier,1,7893,0.00012669453946534905
sei,1,7893,0.00012669453946534905
schaumlöffel,1,7893,0.00012669453946534905
schwarz,1,7893,0.00012669453946534905
löffelspitze,1,7893,0.00012669453946534905
betrieben,1,7893,0.00012669453946534905
gebratenem,1,7893,0.00012669453946534905
zerschnitrene,1,7893,0.00012669453946534905
gargekochten,1,7893,0.00012669453946534905
wiederholt,1,7893,0.00012669453946534905
kuchenteig,1,7893,0.00012669453946534905
nährwerts,1,7893,0.00012669453946534905
aufeinem,1,7893,0.00012669453946534905
guten,1,7893,0.00012669453946534905
größeren,1,7893,0.00012669453946534905
vorhanden,1,7893,0.00012669453946534905
blätter,1,7893,0.00012669453946534905
kühien,1,7893,0.00012669453946534905
mittelstarke,1,7893,0.00012669453946534905
63,1,7893,0.00012669453946534905
butterzusatz,1,7893,0.00012669453946534905
gesüßtes,1,7893,0.00012669453946534905
feingesiebtem,1,7893,0.00012669453946534905
schützengräben,1,7893,0.00012669453946534905
konfekt,1,7893,0.00012669453946534905
rosinentunke,1,7893,0.00012669453946534905
genuß,1,7893,0.00012669453946534905
abgesprudelt,1,7893,0.00012669453946534905
lorbeerblätterundgewürznelkendazugetan,1,7893,0.00012669453946534905
ursprüng,1,7893,0.00012669453946534905
pilzen,1,7893,0.00012669453946534905
unbegründet,1,7893,0.00012669453946534905
95,1,7893,0.00012669453946534905
abzukeimen,1,7893,0.00012669453946534905
kartoffelklötze,1,7893,0.00012669453946534905
76,1,7893,0.00012669453946534905
90,1,7893,0.00012669453946534905
überhaupt,1,7893,0.00012669453946534905
eingekochten,1,7893,0.00012669453946534905
eutsche,1,7893,0.00012669453946534905
80,1,7893,0.00012669453946534905
sierstich,1,7893,0.00012669453946534905
eingesogen,1,7893,0.00012669453946534905
würstchen,1,7893,0.00012669453946534905
lung,1,7893,0.00012669453946534905
nährstoffe,1,7893,0.00012669453946534905
ausgestrichenen,1,7893,0.00012669453946534905
schnitzel,1,7893,0.00012669453946534905
dicken,1,7893,0.00012669453946534905
frauen,1,7893,0.00012669453946534905
fäulnis,1,7893,0.00012669453946534905
sonstige,1,7893,0.00012669453946534905
69,1,7893,0.00012669453946534905
zurück,1,7893,0.00012669453946534905
fertig,1,7893,0.00012669453946534905
fischsalat,1,7893,0.00012669453946534905
nichtgenügend,1,7893,0.00012669453946534905
pfaune,1,7893,0.00012669453946534905
"peril""",1,7893,0.00012669453946534905
nord,1,7893,0.00012669453946534905
worauf,1,7893,0.00012669453946534905
eßlöffeln,1,7893,0.00012669453946534905
wasserreis,1,7893,0.00012669453946534905
wissen,1,7893,0.00012669453946534905
vorsichtig,1,7893,0.00012669453946534905
kartoffelkucheu,1,7893,0.00012669453946534905
sere,1,7893,0.00012669453946534905
leichter,1,7893,0.00012669453946534905
schoko,1,7893,0.00012669453946534905
senftunke,1,7893,0.00012669453946534905
gemüter,1,7893,0.00012669453946534905
brauner,1,7893,0.00012669453946534905
falsche,1,7893,0.00012669453946534905
worin,1,7893,0.00012669453946534905
gesotten,1,7893,0.00012669453946534905
zitronat,1,7893,0.00012669453946534905
gargekocht,1,7893,0.00012669453946534905
solle«,1,7893,0.00012669453946534905
paar,1,7893,0.00012669453946534905
füße,1,7893,0.00012669453946534905
herings,1,7893,0.00012669453946534905
fischstücke,1,7893,0.00012669453946534905
gemälzt,1,7893,0.00012669453946534905
84,1,7893,0.00012669453946534905
natürliche,1,7893,0.00012669453946534905
gereinigte,1,7893,0.00012669453946534905
feiner,1,7893,0.00012669453946534905
gullasch,1,7893,0.00012669453946534905
verfasser,1,7893,0.00012669453946534905
jedoch,1,7893,0.00012669453946534905
springform,1,7893,0.00012669453946534905
milchkaffee,1,7893,0.00012669453946534905
kuchenhälfte,1,7893,0.00012669453946534905
schmecken,1,7893,0.00012669453946534905
schwefelblüte,1,7893,0.00012669453946534905
abgekochten,1,7893,0.00012669453946534905
mark,1,7893,0.00012669453946534905
tropfen,1,7893,0.00012669453946534905
gehäufte,1,7893,0.00012669453946534905
tage,1,7893,0.00012669453946534905
79,1,7893,0.00012669453946534905
verdanken,1,7893,0.00012669453946534905
hammelbraten,1,7893,0.00012669453946534905
stark,1,7893,0.00012669453946534905
gemüsekugeln,1,7893,0.00012669453946534905
kohls,1,7893,0.00012669453946534905
gallert,1,7893,0.00012669453946534905
1l,1,7893,0.00012669453946534905
leberklötze,1,7893,0.00012669453946534905
feinnndlig,1,7893,0.00012669453946534905
apfelabfällen,1,7893,0.00012669453946534905
haschee,1,7893,0.00012669453946534905
ihrevehand,1,7893,0.00012669453946534905
wonach,1,7893,0.00012669453946534905
krapfen,1,7893,0.00012669453946534905
fleißigem,1,7893,0.00012669453946534905
geweichter,1,7893,0.00012669453946534905
befreiten,1,7893,0.00012669453946534905
fingerbreite,1,7893,0.00012669453946534905
garnichts,1,7893,0.00012669453946534905
oberhitze,1,7893,0.00012669453946534905
4^3,1,7893,0.00012669453946534905
reismehl,1,7893,0.00012669453946534905
bekanntes,1,7893,0.00012669453946534905
72,1,7893,0.00012669453946534905
gemüseabfälle,1,7893,0.00012669453946534905
suppe«,1,7893,0.00012669453946534905
auszuhungern,1,7893,0.00012669453946534905
absticht,1,7893,0.00012669453946534905
ausfuhr,1,7893,0.00012669453946534905
glasschüsselchen,1,7893,0.00012669453946534905
58,1,7893,0.00012669453946534905
gehörig,1,7893,0.00012669453946534905
backpflaumen,1,7893,0.00012669453946534905
dabei,1,7893,0.00012669453946534905
ausgequollen,1,7893,0.00012669453946534905
eignet,1,7893,0.00012669453946534905
ok,1,7893,0.00012669453946534905
eingeweichtem,1,7893,0.00012669453946534905
hell,1,7893,0.00012669453946534905
geschuppten,1,7893,0.00012669453946534905
heringssalat,1,7893,0.00012669453946534905
weißer,1,7893,0.00012669453946534905
kneten,1,7893,0.00012669453946534905
klößchen,1,7893,0.00012669453946534905
190,1,7893,0.00012669453946534905
butterbrod,1,7893,0.00012669453946534905
wäscht,1,7893,0.00012669453946534905
hülsenfrüchte,1,7893,0.00012669453946534905
44,1,7893,0.00012669453946534905
ermöglicht,1,7893,0.00012669453946534905
vorstehend,1,7893,0.00012669453946534905
gewiegte,1,7893,0.00012669453946534905
kalter,1,7893,0.00012669453946534905
schoten,1,7893,0.00012669453946534905
beidearten,1,7893,0.00012669453946534905
durchgedämpft,1,7893,0.00012669453946534905
stoßenen,1,7893,0.00012669453946534905
fertiggekocht,1,7893,0.00012669453946534905
aufgerollt,1,7893,0.00012669453946534905
kartoffelkiöße,1,7893,0.00012669453946534905
schmackhafte,1,7893,0.00012669453946534905
abgespülten,1,7893,0.00012669453946534905
mittag,1,7893,0.00012669453946534905
wärmtes,1,7893,0.00012669453946534905
zuerst,1,7893,0.00012669453946534905
51,1,7893,0.00012669453946534905
belegt,1,7893,0.00012669453946534905
glasschüssel,1,7893,0.00012669453946534905
daun,1,7893,0.00012669453946534905
8tor^,1,7893,0.00012669453946534905
zwingen,1,7893,0.00012669453946534905
aartoffel,1,7893,0.00012669453946534905
grüner,1,7893,0.00012669453946534905
anzuraten,1,7893,0.00012669453946534905
kopfe,1,7893,0.00012669453946534905
kerbel,1,7893,0.00012669453946534905
inhaltsverzeichnis,1,7893,0.00012669453946534905
braten,1,7893,0.00012669453946534905
schinkenresten,1,7893,0.00012669453946534905
fischfleisch,1,7893,0.00012669453946534905
gestrichener,1,7893,0.00012669453946534905
dämpfen,1,7893,0.00012669453946534905
dicker,1,7893,0.00012669453946534905
inhalt,1,7893,0.00012669453946534905
äußerst,1,7893,0.00012669453946534905
74,1,7893,0.00012669453946534905
rindsfett,1,7893,0.00012669453946534905
verschiedene,1,7893,0.00012669453946534905
einstreuen,1,7893,0.00012669453946534905
hineingerührt,1,7893,0.00012669453946534905
wirtschaftlichen,1,7893,0.00012669453946534905
schildert,1,7893,0.00012669453946534905
81,1,7893,0.00012669453946534905
gemüsemischung,1,7893,0.00012669453946534905
wasserbade,1,7893,0.00012669453946534905
königsberger,1,7893,0.00012669453946534905
bewahrt,1,7893,0.00012669453946534905
sammengekocht,1,7893,0.00012669453946534905
dazwischengestreut,1,7893,0.00012669453946534905
klein,1,7893,0.00012669453946534905
wegen,1,7893,0.00012669453946534905
vier,1,7893,0.00012669453946534905
linsen,1,7893,0.00012669453946534905
apselsinenmarmelade,1,7893,0.00012669453946534905
übergießt,1,7893,0.00012669453946534905
geriebeuezitronenschale,1,7893,0.00012669453946534905
kochenden,1,7893,0.00012669453946534905
beide,1,7893,0.00012669453946534905
schichten,1,7893,0.00012669453946534905
geschickter,1,7893,0.00012669453946534905
mitkochen,1,7893,0.00012669453946534905
bratheringe,1,7893,0.00012669453946534905
wirkliche,1,7893,0.00012669453946534905
rosinen,1,7893,0.00012669453946534905
außen,1,7893,0.00012669453946534905
kochkuchen,1,7893,0.00012669453946534905
bade,1,7893,0.00012669453946534905
innen,1,7893,0.00012669453946534905
deutsche,1,7893,0.00012669453946534905
alten,1,7893,0.00012669453946534905
fleischersatz,1,7893,0.00012669453946534905
sämigen,1,7893,0.00012669453946534905
hartgrieß,1,7893,0.00012669453946534905
kurzer,1,7893,0.00012669453946534905
irgend,1,7893,0.00012669453946534905
wurzeln,1,7893,0.00012669453946534905
zukunftskrieg,1,7893,0.00012669453946534905
wohlfeile,1,7893,0.00012669453946534905
hineinlaufen,1,7893,0.00012669453946534905
88,1,7893,0.00012669453946534905
waffengewalt,1,7893,0.00012669453946534905
v>,1,7893,0.00012669453946534905
abgeriebener,1,7893,0.00012669453946534905
siedend,1,7893,0.00012669453946534905
übertragung,1,7893,0.00012669453946534905
selbst,1,7893,0.00012669453946534905
letztgenannten,1,7893,0.00012669453946534905
flüssiger,1,7893,0.00012669453946534905
^8,1,7893,0.00012669453946534905
vorrätig,1,7893,0.00012669453946534905
fauligen,1,7893,0.00012669453946534905
meines,1,7893,0.00012669453946534905
sparen,1,7893,0.00012669453946534905
stärkemehl,1,7893,0.00012669453946534905
haltbarer,1,7893,0.00012669453946534905
beliebigen,1,7893,0.00012669453946534905
un,1,7893,0.00012669453946534905
blatt,1,7893,0.00012669453946534905
gesunde,1,7893,0.00012669453946534905
pflanzen,1,7893,0.00012669453946534905
hafergrütze,1,7893,0.00012669453946534905
abgerührt,1,7893,0.00012669453946534905
außer,1,7893,0.00012669453946534905
bewegen,1,7893,0.00012669453946534905
vorerst,1,7893,0.00012669453946534905
aartoffelnudeln,1,7893,0.00012669453946534905
flaschen,1,7893,0.00012669453946534905
fischgenuß,1,7893,0.00012669453946534905
gemüsezutaten,1,7893,0.00012669453946534905
blasse,1,7893,0.00012669453946534905
draußen,1,7893,0.00012669453946534905
breit,1,7893,0.00012669453946534905
möhrenschnittcn,1,7893,0.00012669453946534905
sirius,1,7893,0.00012669453946534905
specknehmen,1,7893,0.00012669453946534905
hochseefischerei,1,7893,0.00012669453946534905
zerhackt,1,7893,0.00012669453946534905
heißer,1,7893,0.00012669453946534905
64,1,7893,0.00012669453946534905
kaviar,1,7893,0.00012669453946534905
extrakt,1,7893,0.00012669453946534905
euern,1,7893,0.00012669453946534905
mäßiger,1,7893,0.00012669453946534905
nebenher,1,7893,0.00012669453946534905
art,1,7893,0.00012669453946534905
lich,1,7893,0.00012669453946534905
anhaftende,1,7893,0.00012669453946534905
mehlspeisenform,1,7893,0.00012669453946534905
blaueniungen,1,7893,0.00012669453946534905
hülsen,1,7893,0.00012669453946534905
eierschnee,1,7893,0.00012669453946534905
vorschriften,1,7893,0.00012669453946534905
nung,1,7893,0.00012669453946534905
abfülle,1,7893,0.00012669453946534905
winter,1,7893,0.00012669453946534905
werdende,1,7893,0.00012669453946534905
^liter,1,7893,0.00012669453946534905
schluß,1,7893,0.00012669453946534905
leber,1,7893,0.00012669453946534905
tagebuch,1,7893,0.00012669453946534905
gestoßenen,1,7893,0.00012669453946534905
aufsehen,1,7893,0.00012669453946534905
anderthalb,1,7893,0.00012669453946534905
alkohols,1,7893,0.00012669453946534905
verordnungen,1,7893,0.00012669453946534905
niederringen,1,7893,0.00012669453946534905
breiten,1,7893,0.00012669453946534905
speckbrühe,1,7893,0.00012669453946534905
kohlslrünke,1,7893,0.00012669453946534905
83,1,7893,0.00012669453946534905
71,1,7893,0.00012669453946534905
kochmassers,1,7893,0.00012669453946534905
angerührtes,1,7893,0.00012669453946534905
gehäuften,1,7893,0.00012669453946534905
hack,1,7893,0.00012669453946534905
hafergrütz,1,7893,0.00012669453946534905
durchgeröstet,1,7893,0.00012669453946534905
zn,1,7893,0.00012669453946534905
zehren,1,7893,0.00012669453946534905
kuchenherstellung,1,7893,0.00012669453946534905
weißbier,1,7893,0.00012669453946534905
gesetzt,1,7893,0.00012669453946534905
backform,1,7893,0.00012669453946534905
keit,1,7893,0.00012669453946534905
altbackenes,1,7893,0.00012669453946534905
feuerfeste,1,7893,0.00012669453946534905
sorgsame,1,7893,0.00012669453946534905
häufigem,1,7893,0.00012669453946534905
sittlichen,1,7893,0.00012669453946534905
kurz,1,7893,0.00012669453946534905
rationellste,1,7893,0.00012669453946534905
gestiegen,1,7893,0.00012669453946534905
zitronensäure,1,7893,0.00012669453946534905
geschlagenen,1,7893,0.00012669453946534905
25v,1,7893,0.00012669453946534905
haut,1,7893,0.00012669453946534905
behandelt,1,7893,0.00012669453946534905
rindsniere,1,7893,0.00012669453946534905
aufgehen,1,7893,0.00012669453946534905
abgekühlten,1,7893,0.00012669453946534905
speckschwarte,1,7893,0.00012669453946534905
merden,1,7893,0.00012669453946534905
heftig,1,7893,0.00012669453946534905
klagen,1,7893,0.00012669453946534905
spät,1,7893,0.00012669453946534905
wit,1,7893,0.00012669453946534905
einiger,1,7893,0.00012669453946534905
wickelt,1,7893,0.00012669453946534905
knetet,1,7893,0.00012669453946534905
ruhen,1,7893,0.00012669453946534905
gepfeffert,1,7893,0.00012669453946534905
engländers,1,7893,0.00012669453946534905
ausgeschüttet,1,7893,0.00012669453946534905
aufgewalzt,1,7893,0.00012669453946534905
schwefel,1,7893,0.00012669453946534905
flammerimasse,1,7893,0.00012669453946534905
menge,1,7893,0.00012669453946534905
derten,1,7893,0.00012669453946534905
zurrechten,1,7893,0.00012669453946534905
beliebt,1,7893,0.00012669453946534905
nindsniere,1,7893,0.00012669453946534905
ungeheures,1,7893,0.00012669453946534905
fischart,1,7893,0.00012669453946534905
knollen,1,7893,0.00012669453946534905
beitragen,1,7893,0.00012669453946534905
neis,1,7893,0.00012669453946534905
kartoffelvorräte,1,7893,0.00012669453946534905
46,1,7893,0.00012669453946534905
rind,1,7893,0.00012669453946534905
angedünstet,1,7893,0.00012669453946534905
keine,1,7893,0.00012669453946534905
bratenfett,1,7893,0.00012669453946534905
altbackene,1,7893,0.00012669453946534905
vorausgeschickt,1,7893,0.00012669453946534905
morgens,1,7893,0.00012669453946534905
sardellen,1,7893,0.00012669453946534905
butler,1,7893,0.00012669453946534905
wirklichkeit,1,7893,0.00012669453946534905
ihrer,1,7893,0.00012669453946534905
butterstücken,1,7893,0.00012669453946534905
häufiger,1,7893,0.00012669453946534905
waschene,1,7893,0.00012669453946534905
reichliche,1,7893,0.00012669453946534905
ei«,1,7893,0.00012669453946534905
insbesondere,1,7893,0.00012669453946534905
arbeit,1,7893,0.00012669453946534905
ordnet,1,7893,0.00012669453946534905
marmelade,1,7893,0.00012669453946534905
heringsklötze,1,7893,0.00012669453946534905
krieges,1,7893,0.00012669453946534905
vernichten,1,7893,0.00012669453946534905
aufgelöste,1,7893,0.00012669453946534905
arak,1,7893,0.00012669453946534905
dreifingerbreite,1,7893,0.00012669453946534905
apfelwein,1,7893,0.00012669453946534905
manchen,1,7893,0.00012669453946534905
bestrichene,1,7893,0.00012669453946534905
gesiebtes,1,7893,0.00012669453946534905
gebräunt,1,7893,0.00012669453946534905
gleichzeitig,1,7893,0.00012669453946534905
halbweich,1,7893,0.00012669453946534905
ausgedrückt,1,7893,0.00012669453946534905
begehen,1,7893,0.00012669453946534905
gerösteten,1,7893,0.00012669453946534905
pilze,1,7893,0.00012669453946534905
wasserbad,1,7893,0.00012669453946534905
erlassen,1,7893,0.00012669453946534905
mittelgroße,1,7893,0.00012669453946534905
abhelfen,1,7893,0.00012669453946534905
aufgelöster,1,7893,0.00012669453946534905
gegners,1,7893,0.00012669453946534905
feinde,1,7893,0.00012669453946534905
a,1,7893,0.00012669453946534905
entkernt,1,7893,0.00012669453946534905
topfe,1,7893,0.00012669453946534905
küste,1,7893,0.00012669453946534905
gerocht,1,7893,0.00012669453946534905
hammel,1,7893,0.00012669453946534905
66,1,7893,0.00012669453946534905
daheim,1,7893,0.00012669453946534905
gegenteil,1,7893,0.00012669453946534905
aufquillt,1,7893,0.00012669453946534905
karotten,1,7893,0.00012669453946534905
ausgerieben,1,7893,0.00012669453946534905
besondere,1,7893,0.00012669453946534905
schokoladensuppe,1,7893,0.00012669453946534905
gewechselt,1,7893,0.00012669453946534905
bestäubtes,1,7893,0.00012669453946534905
verschiedenen,1,7893,0.00012669453946534905
siud,1,7893,0.00012669453946534905
abgießt,1,7893,0.00012669453946534905
ängstliche,1,7893,0.00012669453946534905
verwertung,1,7893,0.00012669453946534905
paket,1,7893,0.00012669453946534905
verwendbar,1,7893,0.00012669453946534905
gleicher,1,7893,0.00012669453946534905
zerlegt,1,7893,0.00012669453946534905
kuchenbrot,1,7893,0.00012669453946534905
birgt,1,7893,0.00012669453946534905
lauwarm,1,7893,0.00012669453946534905
lade,1,7893,0.00012669453946534905
geworden,1,7893,0.00012669453946534905
klötzen,1,7893,0.00012669453946534905
verwendung,1,7893,0.00012669453946534905
praktisch,1,7893,0.00012669453946534905
zentner,1,7893,0.00012669453946534905
kriegskrapfen,1,7893,0.00012669453946534905
abzieht,1,7893,0.00012669453946534905
reistörtchen,1,7893,0.00012669453946534905
aufstellt,1,7893,0.00012669453946534905
gelbbraun,1,7893,0.00012669453946534905
gesiebte,1,7893,0.00012669453946534905
bescheidenes,1,7893,0.00012669453946534905
spiegelte,1,7893,0.00012669453946534905
230,1,7893,0.00012669453946534905
gemachten,1,7893,0.00012669453946534905
löffelweise,1,7893,0.00012669453946534905
89,1,7893,0.00012669453946534905
schadet,1,7893,0.00012669453946534905
gargeschmort,1,7893,0.00012669453946534905
faßten,1,7893,0.00012669453946534905
geringe,1,7893,0.00012669453946534905
kasserolle,1,7893,0.00012669453946534905
einzelnen,1,7893,0.00012669453946534905
75a,1,7893,0.00012669453946534905
verknetet,1,7893,0.00012669453946534905
grünzeug,1,7893,0.00012669453946534905
vorhandenen,1,7893,0.00012669453946534905
31,1,7893,0.00012669453946534905
27,1,7893,0.00012669453946534905
gurkenscheiben,1,7893,0.00012669453946534905
übergössen,1,7893,0.00012669453946534905
allen,1,7893,0.00012669453946534905
kartosfelscheiben,1,7893,0.00012669453946534905
üblicher,1,7893,0.00012669453946534905
verschlossenem,1,7893,0.00012669453946534905
pflegt,1,7893,0.00012669453946534905
34,1,7893,0.00012669453946534905
streuzucker,1,7893,0.00012669453946534905
brotklöße,1,7893,0.00012669453946534905
"""",1,7893,0.00012669453946534905
wochen,1,7893,0.00012669453946534905
garbacken,1,7893,0.00012669453946534905
zugedeckten,1,7893,0.00012669453946534905
jnselvolkes,1,7893,0.00012669453946534905
gleich,1,7893,0.00012669453946534905
früher,1,7893,0.00012669453946534905
neuen,1,7893,0.00012669453946534905
treiben,1,7893,0.00012669453946534905
streifen,1,7893,0.00012669453946534905
gelatine,1,7893,0.00012669453946534905
ausgebratener,1,7893,0.00012669453946534905
daher,1,7893,0.00012669453946534905
zuvor,1,7893,0.00012669453946534905
fester,1,7893,0.00012669453946534905
angegeben,1,7893,0.00012669453946534905
drittel,1,7893,0.00012669453946534905
55,1,7893,0.00012669453946534905
sichtig,1,7893,0.00012669453946534905
eiweißhaltiger,1,7893,0.00012669453946534905
bangen,1,7893,0.00012669453946534905
zunichte,1,7893,0.00012669453946534905
festverschlossenen,1,7893,0.00012669453946534905
waizena,1,7893,0.00012669453946534905
vollständigemausrühlen,1,7893,0.00012669453946534905
feingeschnittene,1,7893,0.00012669453946534905
gewässert,1,7893,0.00012669453946534905
seinmein,1,7893,0.00012669453946534905
genügen,1,7893,0.00012669453946534905
gemüsen,1,7893,0.00012669453946534905
kochend,1,7893,0.00012669453946534905
auflauf,1,7893,0.00012669453946534905
wurzelwerk,1,7893,0.00012669453946534905
auflage,1,7893,0.00012669453946534905
61,1,7893,0.00012669453946534905
ausgesucht,1,7893,0.00012669453946534905
eingetaucht,1,7893,0.00012669453946534905
seit?,1,7893,0.00012669453946534905
panhas,1,7893,0.00012669453946534905
sollte,1,7893,0.00012669453946534905
roggenbrot,1,7893,0.00012669453946534905
flache,1,7893,0.00012669453946534905
korinten,1,7893,0.00012669453946534905
salzgurke,1,7893,0.00012669453946534905
gehört,1,7893,0.00012669453946534905
nahrungs,1,7893,0.00012669453946534905
ordentlich,1,7893,0.00012669453946534905
apfelkugeln,1,7893,0.00012669453946534905
hellgelbe,1,7893,0.00012669453946534905
semmelmehl,1,7893,0.00012669453946534905
leise,1,7893,0.00012669453946534905
derschweinsohren,1,7893,0.00012669453946534905
büchleins,1,7893,0.00012669453946534905
feingestoßenen,1,7893,0.00012669453946534905
hinzuge,1,7893,0.00012669453946534905
42,1,7893,0.00012669453946534905
warmer,1,7893,0.00012669453946534905
ihre,1,7893,0.00012669453946534905
gereinigten,1,7893,0.00012669453946534905
steif,1,7893,0.00012669453946534905
längst,1,7893,0.00012669453946534905
mehlsuppen,1,7893,0.00012669453946534905
jahren,1,7893,0.00012669453946534905
sorgfältige,1,7893,0.00012669453946534905
getränken,1,7893,0.00012669453946534905
zitronengelb,1,7893,0.00012669453946534905
reich,1,7893,0.00012669453946534905
feingemahlenem,1,7893,0.00012669453946534905
aufgestrichen,1,7893,0.00012669453946534905
prozentigen,1,7893,0.00012669453946534905
angemacht?,1,7893,0.00012669453946534905
tunkenresten,1,7893,0.00012669453946534905
pökelfleisch,1,7893,0.00012669453946534905
zurückgestellt,1,7893,0.00012669453946534905
daunen,1,7893,0.00012669453946534905
doppelt,1,7893,0.00012669453946534905
99,1,7893,0.00012669453946534905
zerpflückter,1,7893,0.00012669453946534905
wo,1,7893,0.00012669453946534905
holländischer,1,7893,0.00012669453946534905
runden,1,7893,0.00012669453946534905
gemischtem,1,7893,0.00012669453946534905
gründlich,1,7893,0.00012669453946534905
77,1,7893,0.00012669453946534905
gründen,1,7893,0.00012669453946534905
reicht,1,7893,0.00012669453946534905
be,1,7893,0.00012669453946534905
hellgelbgeröstete,1,7893,0.00012669453946534905
herrlichkeit,1,7893,0.00012669453946534905
holmes,1,7893,0.00012669453946534905
semmelwürfel,1,7893,0.00012669453946534905
zwischen,1,7893,0.00012669453946534905
kartoffelschmarrn,1,7893,0.00012669453946534905
wechslung,1,7893,0.00012669453946534905
pflanzenextrakt,1,7893,0.00012669453946534905
beigeschmack,1,7893,0.00012669453946534905
dämpfe,1,7893,0.00012669453946534905
stuck,1,7893,0.00012669453946534905
verruchten,1,7893,0.00012669453946534905
durchgerührt,1,7893,0.00012669453946534905
gewöhnlich,1,7893,0.00012669453946534905
plätzchen,1,7893,0.00012669453946534905
erfahrung,1,7893,0.00012669453946534905
gefüllte,1,7893,0.00012669453946534905
erstrecken,1,7893,0.00012669453946534905
nachzusehen,1,7893,0.00012669453946534905
kurze,1,7893,0.00012669453946534905
iiiiiiiiiw,1,7893,0.00012669453946534905
weichgekochte,1,7893,0.00012669453946534905
angewärmtes,1,7893,0.00012669453946534905
noggen,1,7893,0.00012669453946534905
97,1,7893,0.00012669453946534905
reisfleisch,1,7893,0.00012669453946534905
aäsekartoffeltt,1,7893,0.00012669453946534905
ständige,1,7893,0.00012669453946534905
nachfüllen,1,7893,0.00012669453946534905
zweite,1,7893,0.00012669453946534905
mals,1,7893,0.00012669453946534905
reibe,1,7893,0.00012669453946534905
zwischenräume,1,7893,0.00012669453946534905
vundesratsverordnungen,1,7893,0.00012669453946534905
richtet,1,7893,0.00012669453946534905
gewürzkörner,1,7893,0.00012669453946534905
was,1,7893,0.00012669453946534905
vorheriges,1,7893,0.00012669453946534905
starker,1,7893,0.00012669453946534905
kunstfett,1,7893,0.00012669453946534905
völlig,1,7893,0.00012669453946534905
nährgehalt,1,7893,0.00012669453946534905
fernhalten,1,7893,0.00012669453946534905
15l,1,7893,0.00012669453946534905
verbessert,1,7893,0.00012669453946534905
150,1,7893,0.00012669453946534905
bräunt,1,7893,0.00012669453946534905
aufklärt,1,7893,0.00012669453946534905
lesen,1,7893,0.00012669453946534905
sammeln,1,7893,0.00012669453946534905
vielfach,1,7893,0.00012669453946534905
nudelbrett,1,7893,0.00012669453946534905
rübe,1,7893,0.00012669453946534905
eingeweichter,1,7893,0.00012669453946534905
^5,1,7893,0.00012669453946534905
stielpfanne,1,7893,0.00012669453946534905
gespülte,1,7893,0.00012669453946534905
kartoffeleierkuchen,1,7893,0.00012669453946534905
gelbe,1,7893,0.00012669453946534905
49,1,7893,0.00012669453946534905
genußmittel,1,7893,0.00012669453946534905
klotzes,1,7893,0.00012669453946534905
geben,1,7893,0.00012669453946534905
abgetropfte,1,7893,0.00012669453946534905
kristallisierte,1,7893,0.00012669453946534905
durchgearbeiteter,1,7893,0.00012669453946534905
kabeljau,1,7893,0.00012669453946534905
1k,1,7893,0.00012669453946534905
nahrungsmittel,1,7893,0.00012669453946534905
sagomehl,1,7893,0.00012669453946534905
ungeschälte,1,7893,0.00012669453946534905
käseresten,1,7893,0.00012669453946534905
kräuterkartoffeln,1,7893,0.00012669453946534905
apfelsuppe,1,7893,0.00012669453946534905
übriggebliebener,1,7893,0.00012669453946534905
2w,1,7893,0.00012669453946534905
doyles,1,7893,0.00012669453946534905
dünner,1,7893,0.00012669453946534905
beliebtes,1,7893,0.00012669453946534905
umgewendet,1,7893,0.00012669453946534905
emaillierte,1,7893,0.00012669453946534905
26,1,7893,0.00012669453946534905
breite,1,7893,0.00012669453946534905
vollständiges,1,7893,0.00012669453946534905
gekochter,1,7893,0.00012669453946534905
weichen,1,7893,0.00012669453946534905
gewaschener,1,7893,0.00012669453946534905
lahm,1,7893,0.00012669453946534905
mohrrübenmus,1,7893,0.00012669453946534905
feinster,1,7893,0.00012669453946534905
häuten,1,7893,0.00012669453946534905
ausquellen,1,7893,0.00012669453946534905
fingerdicke,1,7893,0.00012669453946534905
regeln,1,7893,0.00012669453946534905
hineingegeben,1,7893,0.00012669453946534905
weiße,1,7893,0.00012669453946534905
feste,1,7893,0.00012669453946534905
elutfeuer,1,7893,0.00012669453946534905
unterscheiden,1,7893,0.00012669453946534905
schmeckende,1,7893,0.00012669453946534905
schnittlauch,1,7893,0.00012669453946534905
getrunken,1,7893,0.00012669453946534905
neuem,1,7893,0.00012669453946534905
tagsvorher,1,7893,0.00012669453946534905
käsetorte,1,7893,0.00012669453946534905
gebreitet,1,7893,0.00012669453946534905
bittere,1,7893,0.00012669453946534905
gebil,1,7893,0.00012669453946534905
zncker,1,7893,0.00012669453946534905
35,1,7893,0.00012669453946534905
gestreut,1,7893,0.00012669453946534905
rübenbrühe,1,7893,0.00012669453946534905
schneiden,1,7893,0.00012669453946534905
45,1,7893,0.00012669453946534905
früchten,1,7893,0.00012669453946534905
pfg,1,7893,0.00012669453946534905
brüht,1,7893,0.00012669453946534905
heringskartoffeln,1,7893,0.00012669453946534905
übergefüllt,1,7893,0.00012669453946534905
apfelsinenreis,1,7893,0.00012669453946534905
schwimmenden,1,7893,0.00012669453946534905
angefrorene,1,7893,0.00012669453946534905
fisches,1,7893,0.00012669453946534905
markt,1,7893,0.00012669453946534905
kochwasser,1,7893,0.00012669453946534905
erfordert,1,7893,0.00012669453946534905
verarbeiten,1,7893,0.00012669453946534905
treffliche,1,7893,0.00012669453946534905
vratofen,1,7893,0.00012669453946534905
wärmen,1,7893,0.00012669453946534905
gequirltes,1,7893,0.00012669453946534905
180,1,7893,0.00012669453946534905
träufelt,1,7893,0.00012669453946534905
finden,1,7893,0.00012669453946534905
backt,1,7893,0.00012669453946534905
petersilien,1,7893,0.00012669453946534905
kapern,1,7893,0.00012669453946534905
verständiges,1,7893,0.00012669453946534905
350,1,7893,0.00012669453946534905
platz,1,7893,0.00012669453946534905
zunächst,1,7893,0.00012669453946534905
gedünsteten,1,7893,0.00012669453946534905
boettger,1,7893,0.00012669453946534905
fruchttunke,1,7893,0.00012669453946534905
liebt,1,7893,0.00012669453946534905
patzt,1,7893,0.00012669453946534905
unterseeboote,1,7893,0.00012669453946534905
mittlerer,1,7893,0.00012669453946534905
abgetrocknet,1,7893,0.00012669453946534905
angefeuchtet,1,7893,0.00012669453946534905
verschiedensten,1,7893,0.00012669453946534905
wichtig,1,7893,0.00012669453946534905
z^,1,7893,0.00012669453946534905
wackeren,1,7893,0.00012669453946534905
lage,1,7893,0.00012669453946534905
b,1,7893,0.00012669453946534905
lungenmutz,1,7893,0.00012669453946534905
^kannte,1,7893,0.00012669453946534905
abgebrüht,1,7893,0.00012669453946534905
erhalten,1,7893,0.00012669453946534905
bittre,1,7893,0.00012669453946534905
apfelsinenschale,1,7893,0.00012669453946534905
dickes,1,7893,0.00012669453946534905
reichlichem,1,7893,0.00012669453946534905
obigem,1,7893,0.00012669453946534905
kartoffelsuppe,1,7893,0.00012669453946534905
grünkernmus,1,7893,0.00012669453946534905
mir,1,7893,0.00012669453946534905
wort,1,7893,0.00012669453946534905
zugefügt,1,7893,0.00012669453946534905
39,1,7893,0.00012669453946534905
ins,1,7893,0.00012669453946534905
torte,1,7893,0.00012669453946534905
höht,1,7893,0.00012669453946534905
jeder,1,7893,0.00012669453946534905
zubereitung,1,7893,0.00012669453946534905
ihrem,1,7893,0.00012669453946534905
geköpften,1,7893,0.00012669453946534905
gesalzenes,1,7893,0.00012669453946534905
ausgespülte,1,7893,0.00012669453946534905
hellbraune,1,7893,0.00012669453946534905
buttermilchsuppe,1,7893,0.00012669453946534905
ausgehungerte,1,7893,0.00012669453946534905
schrecknissen,1,7893,0.00012669453946534905
aartoffeln,1,7893,0.00012669453946534905
fischen,1,7893,0.00012669453946534905
her,1,7893,0.00012669453946534905
kampf,1,7893,0.00012669453946534905
apfelweinsuppe,1,7893,0.00012669453946534905
nahrungsmitteln,1,7893,0.00012669453946534905
löfsel,1,7893,0.00012669453946534905
entbehren,1,7893,0.00012669453946534905
lande,1,7893,0.00012669453946534905
tierischen,1,7893,0.00012669453946534905
zumercalten,1,7893,0.00012669453946534905
gereinigter,1,7893,0.00012669453946534905
wünschenswert,1,7893,0.00012669453946534905
abgequirlt,1,7893,0.00012669453946534905
brennen,1,7893,0.00012669453946534905
erstarren,1,7893,0.00012669453946534905
wirtschaften,1,7893,0.00012669453946534905
geschützt,1,7893,0.00012669453946534905
gebrauchten,1,7893,0.00012669453946534905
37,1,7893,0.00012669453946534905
fehlt,1,7893,0.00012669453946534905
92,1,7893,0.00012669453946534905
füßekannman,1,7893,0.00012669453946534905
kroß,1,7893,0.00012669453946534905
puddings,1,7893,0.00012669453946534905
geeignetes,1,7893,0.00012669453946534905
6l,1,7893,0.00012669453946534905
fleischgenuß,1,7893,0.00012669453946534905
übrigbleibende,1,7893,0.00012669453946534905
außerordentlich,1,7893,0.00012669453946534905
retspudding,1,7893,0.00012669453946534905
dazugefügten,1,7893,0.00012669453946534905
abzusondern,1,7893,0.00012669453946534905
ernährung,1,7893,0.00012669453946534905
röschen,1,7893,0.00012669453946534905
eingestreuten,1,7893,0.00012669453946534905
napfkuchenform,1,7893,0.00012669453946534905
k>urz,1,7893,0.00012669453946534905
klümpchen,1,7893,0.00012669453946534905
vorzug,1,7893,0.00012669453946534905
erwärmtes,1,7893,0.00012669453946534905
dafür,1,7893,0.00012669453946534905
tunken,1,7893,0.00012669453946534905
96,1,7893,0.00012669453946534905
vaterlande,1,7893,0.00012669453946534905
gelegtundzwiebeln,1,7893,0.00012669453946534905
schaum,1,7893,0.00012669453946534905
gedreht,1,7893,0.00012669453946534905
82,1,7893,0.00012669453946534905
gerichten,1,7893,0.00012669453946534905
heringskarloffeln,1,7893,0.00012669453946534905
siede,1,7893,0.00012669453946534905
dickwerden,1,7893,0.00012669453946534905
78,1,7893,0.00012669453946534905
gegessen,1,7893,0.00012669453946534905
schmack,1,7893,0.00012669453946534905
kriegsküchs,1,7893,0.00012669453946534905
nötige,1,7893,0.00012669453946534905
ausgefüllt,1,7893,0.00012669453946534905
einfaches,1,7893,0.00012669453946534905
pfannkuchen,1,7893,0.00012669453946534905
hammelzungen,1,7893,0.00012669453946534905
gebraucht,1,7893,0.00012669453946534905
mitte,1,7893,0.00012669453946534905
65,1,7893,0.00012669453946534905
grietzmehl,1,7893,0.00012669453946534905
56,1,7893,0.00012669453946534905
gleichmäßig,1,7893,0.00012669453946534905
herigen,1,7893,0.00012669453946534905
kriegsgebäck,1,7893,0.00012669453946534905
seine,1,7893,0.00012669453946534905
iiiiiiiiiiiiiiiiwi,1,7893,0.00012669453946534905
geschlagen,1,7893,0.00012669453946534905
deswegen,1,7893,0.00012669453946534905
still,1,7893,0.00012669453946534905
erde,1,7893,0.00012669453946534905
41,1,7893,0.00012669453946534905
verleiht,1,7893,0.00012669453946534905
messerspitze,1,7893,0.00012669453946534905
kochkiste,1,7893,0.00012669453946534905
kernmehl,1,7893,0.00012669453946534905
4^5,1,7893,0.00012669453946534905
sogar,1,7893,0.00012669453946534905
hoch,1,7893,0.00012669453946534905
