ngram,count,total_words,frequency
und,218,6722,0.032430824159476346
die,158,6722,0.023504909253198453
in,129,6722,0.01919071704849747
mit,124,6722,0.018446890806307646
man,96,6722,0.01428146385004463
1,96,6722,0.01428146385004463
das,92,6722,0.01368640285629277
der,87,6722,0.012942576614102946
fett,81,6722,0.012049985123475156
werden,71,6722,0.010562332639095508
2,70,6722,0.010413567390657543
oder,66,6722,0.009818506396905683
salz,64,6722,0.009520975900029753
wasser,62,6722,0.009223445403153823
mehl,59,6722,0.008777149657839928
zu,49,6722,0.00728949717346028
wird,48,6722,0.007140731925022315
sie,45,6722,0.00669443617970842
kartoffeln,45,6722,0.00669443617970842
pfd,44,6722,0.006545670931270455
von,43,6722,0.006396905682832491
den,43,6722,0.006396905682832491
gibt,41,6722,0.006099375185956561
es,39,6722,0.005801844689080631
ein,38,6722,0.005653079440642666
eßlöffel,38,6722,0.005653079440642666
dem,37,6722,0.005504314192204701
ist,37,6722,0.005504314192204701
milch,36,6722,0.005355548943766736
zwiebel,33,6722,0.0049092531984528415
^,31,6722,0.0046117227015769115
nicht,29,6722,0.0043141922047009815
wir,28,6722,0.0041654269562630165
3,28,6722,0.0041654269562630165
dazu,27,6722,0.004016661707825052
gut,26,6722,0.003867896459387087
4,26,6722,0.003867896459387087
auf,25,6722,0.0037191312109491224
kochkiste,25,6722,0.0037191312109491224
eine,24,6722,0.0035703659625111574
fleisch,23,6722,0.0034216007140731924
stunde,23,6722,0.0034216007140731924
für,23,6722,0.0034216007140731924
etwas,23,6722,0.0034216007140731924
läßt,22,6722,0.0032728354656352274
über,21,6722,0.003124070217197263
im,21,6722,0.003124070217197263
löffel,21,6722,0.003124070217197263
einen,21,6722,0.003124070217197263
aus,20,6722,0.002975304968759298
sich,19,6722,0.002826539720321333
müssen,19,6722,0.002826539720321333
nach,19,6722,0.002826539720321333
kochen,19,6722,0.002826539720321333
an,19,6722,0.002826539720321333
so,19,6722,0.002826539720321333
dann,19,6722,0.002826539720321333
ei,18,6722,0.002677774471883368
wie,18,6722,0.002677774471883368
zum,17,6722,0.0025290092234454033
als,17,6722,0.0025290092234454033
zucker,17,6722,0.0025290092234454033
i,17,6722,0.0025290092234454033
gekocht,16,6722,0.0023802439750074383
bei,16,6722,0.0023802439750074383
wenn,16,6722,0.0023802439750074383
brot,16,6722,0.0023802439750074383
pfeffer,16,6722,0.0023802439750074383
kartoffel,16,6722,0.0023802439750074383
daß,15,6722,0.0022314787265694733
5,15,6722,0.0022314787265694733
am,14,6722,0.0020827134781315083
kann,14,6722,0.0020827134781315083
schwarzbrot,14,6722,0.0020827134781315083
gesalzen,14,6722,0.0020827134781315083
semmeln,14,6722,0.0020827134781315083
vor,14,6722,0.0020827134781315083
bis,14,6722,0.0020827134781315083
gemüse,14,6722,0.0020827134781315083
teig,14,6722,0.0020827134781315083
essig,14,6722,0.0020827134781315083
geschnitten,14,6722,0.0020827134781315083
macht,13,6722,0.0019339482296935435
durch,13,6722,0.0019339482296935435
des,13,6722,0.0019339482296935435
kocht,13,6722,0.0019339482296935435
diese,13,6722,0.0019339482296935435
25,13,6722,0.0019339482296935435
salzwasser,13,6722,0.0019339482296935435
sehr,13,6722,0.0019339482296935435
ge,13,6722,0.0019339482296935435
rüben,13,6722,0.0019339482296935435
minuten,13,6722,0.0019339482296935435
lassen,12,6722,0.0017851829812555787
beim,12,6722,0.0017851829812555787
formt,12,6722,0.0017851829812555787
fein,11,6722,0.0016364177328176137
gegeben,11,6722,0.0016364177328176137
pf,11,6722,0.0016364177328176137
uud,11,6722,0.0016364177328176137
suppe,11,6722,0.0016364177328176137
einbrenn,11,6722,0.0016364177328176137
stück,11,6722,0.0016364177328176137
8,10,6722,0.001487652484379649
um,10,6722,0.001487652484379649
ebenso,10,6722,0.001487652484379649
kleine,10,6722,0.001487652484379649
noch,10,6722,0.001487652484379649
eier,10,6722,0.001487652484379649
weich,10,6722,0.001487652484379649
gießt,10,6722,0.001487652484379649
können,10,6722,0.001487652484379649
magermilch,10,6722,0.001487652484379649
ab,9,6722,0.001338887235941684
unter,9,6722,0.001338887235941684
muß,9,6722,0.001338887235941684
haben,9,6722,0.001338887235941684
sind,9,6722,0.001338887235941684
zwiebeln,9,6722,0.001338887235941684
zeit,9,6722,0.001338887235941684
äpfel,9,6722,0.001338887235941684
gekochte,9,6722,0.001338887235941684
bohnen,9,6722,0.001338887235941684
einem,9,6722,0.001338887235941684
10,9,6722,0.001338887235941684
gelbe,9,6722,0.001338887235941684
schweinefleisch,9,6722,0.001338887235941684
auch,9,6722,0.001338887235941684
mehr,8,6722,0.0011901219875037191
ihn,8,6722,0.0011901219875037191
knödel,8,6722,0.0011901219875037191
l,8,6722,0.0011901219875037191
geben,8,6722,0.0011901219875037191
gewaschen,8,6722,0.0011901219875037191
rindfleisch,8,6722,0.0011901219875037191
hinein,8,6722,0.0011901219875037191
futter,8,6722,0.0011901219875037191
topfen,8,6722,0.0011901219875037191
stunden,8,6722,0.0011901219875037191
nur,8,6722,0.0011901219875037191
zur,8,6722,0.0011901219875037191
suppengrün,8,6722,0.0011901219875037191
heißem,7,6722,0.0010413567390657541
gegossen,7,6722,0.0010413567390657541
scheiben,7,6722,0.0010413567390657541
käse,7,6722,0.0010413567390657541
mau,7,6722,0.0010413567390657541
54,7,6722,0.0010413567390657541
darin,7,6722,0.0010413567390657541
da,7,6722,0.0010413567390657541
sein,7,6722,0.0010413567390657541
6,7,6722,0.0010413567390657541
fest,7,6722,0.0010413567390657541
nudeln,7,6722,0.0010413567390657541
nnd,7,6722,0.0010413567390657541
stücke,6,6722,0.0008925914906277894
kiste,6,6722,0.0008925914906277894
kraut,6,6722,0.0008925914906277894
backen,6,6722,0.0008925914906277894
salat,6,6722,0.0008925914906277894
jetzt,6,6722,0.0008925914906277894
preis,6,6722,0.0008925914906277894
geröstete,6,6722,0.0008925914906277894
klein,6,6722,0.0008925914906277894
vermischt,6,6722,0.0008925914906277894
kochendes,6,6722,0.0008925914906277894
alle,6,6722,0.0008925914906277894
große,6,6722,0.0008925914906277894
geriebene,6,6722,0.0008925914906277894
20,6,6722,0.0008925914906277894
gute,6,6722,0.0008925914906277894
gebacken,6,6722,0.0008925914906277894
geflügel,6,6722,0.0008925914906277894
lage,6,6722,0.0008925914906277894
ganze,6,6722,0.0008925914906277894
sauerkraut,6,6722,0.0008925914906277894
geriebenen,6,6722,0.0008925914906277894
kopf,6,6722,0.0008925914906277894
stellt,6,6722,0.0008925914906277894
11,6,6722,0.0008925914906277894
anrichten,6,6722,0.0008925914906277894
dies,6,6722,0.0008925914906277894
weil,6,6722,0.0008925914906277894
tiere,6,6722,0.0008925914906277894
boden,6,6722,0.0008925914906277894
geschälten,6,6722,0.0008925914906277894
tage,6,6722,0.0008925914906277894
fleischbrühe,5,6722,0.0007438262421898245
speisen,5,6722,0.0007438262421898245
zwischen,5,6722,0.0007438262421898245
raine,5,6722,0.0007438262421898245
je,5,6722,0.0007438262421898245
anbau,5,6722,0.0007438262421898245
aufgegossen,5,6722,0.0007438262421898245
kochendem,5,6722,0.0007438262421898245
leber,5,6722,0.0007438262421898245
geschnittenen,5,6722,0.0007438262421898245
verwenden,5,6722,0.0007438262421898245
rohr,5,6722,0.0007438262421898245
d,5,6722,0.0007438262421898245
usw,5,6722,0.0007438262421898245
geschält,5,6722,0.0007438262421898245
erhalten,5,6722,0.0007438262421898245
verein,5,6722,0.0007438262421898245
schüssel,5,6722,0.0007438262421898245
speck,5,6722,0.0007438262421898245
om,5,6722,0.0007438262421898245
alles,5,6722,0.0007438262421898245
kaltem,5,6722,0.0007438262421898245
alte,5,6722,0.0007438262421898245
ißt,5,6722,0.0007438262421898245
wo,5,6722,0.0007438262421898245
prise,5,6722,0.0007438262421898245
soll,5,6722,0.0007438262421898245
kräftige,5,6722,0.0007438262421898245
handvoll,5,6722,0.0007438262421898245
viel,5,6722,0.0007438262421898245
nichts,5,6722,0.0007438262421898245
unsere,5,6722,0.0007438262421898245
voll,5,6722,0.0007438262421898245
sellerie,5,6722,0.0007438262421898245
gemacht,5,6722,0.0007438262421898245
legt,5,6722,0.0007438262421898245
frauenschulen,5,6722,0.0007438262421898245
bäckt,5,6722,0.0007438262421898245
geschnittene,5,6722,0.0007438262421898245
sollte,5,6722,0.0007438262421898245
töpfe,5,6722,0.0007438262421898245
jedes,4,6722,0.0005950609937518596
erddotschen,4,6722,0.0005950609937518596
ä,4,6722,0.0005950609937518596
mittelgroße,4,6722,0.0005950609937518596
früh,4,6722,0.0005950609937518596
darauf,4,6722,0.0005950609937518596
heiß,4,6722,0.0005950609937518596
helles,4,6722,0.0005950609937518596
dörrobst,4,6722,0.0005950609937518596
eines,4,6722,0.0005950609937518596
weißkraut,4,6722,0.0005950609937518596
heraus,4,6722,0.0005950609937518596
besten,4,6722,0.0005950609937518596
billigen,4,6722,0.0005950609937518596
her,4,6722,0.0005950609937518596
dieser,4,6722,0.0005950609937518596
fertig,4,6722,0.0005950609937518596
kümmel,4,6722,0.0005950609937518596
darüber,4,6722,0.0005950609937518596
geputzt,4,6722,0.0005950609937518596
münchen,4,6722,0.0005950609937518596
fehlen,4,6722,0.0005950609937518596
ver,4,6722,0.0005950609937518596
semmelbrösel,4,6722,0.0005950609937518596
gehen,4,6722,0.0005950609937518596
nimmt,4,6722,0.0005950609937518596
schneidet,4,6722,0.0005950609937518596
darunter,4,6722,0.0005950609937518596
vr,4,6722,0.0005950609937518596
kreiswanderlehrerin,4,6722,0.0005950609937518596
zugedeckt,4,6722,0.0005950609937518596
30,4,6722,0.0005950609937518596
großen,4,6722,0.0005950609937518596
spinat,4,6722,0.0005950609937518596
braun,4,6722,0.0005950609937518596
kuheuter,4,6722,0.0005950609937518596
festen,4,6722,0.0005950609937518596
1^,4,6722,0.0005950609937518596
reihen,4,6722,0.0005950609937518596
reichlich,4,6722,0.0005950609937518596
zwei,4,6722,0.0005950609937518596
stellen,4,6722,0.0005950609937518596
belieben,4,6722,0.0005950609937518596
hafer,4,6722,0.0005950609937518596
vorher,4,6722,0.0005950609937518596
einmal,4,6722,0.0005950609937518596
obst,4,6722,0.0005950609937518596
jede,4,6722,0.0005950609937518596
kar,4,6722,0.0005950609937518596
iu,4,6722,0.0005950609937518596
brauchen,4,6722,0.0005950609937518596
schneiden,4,6722,0.0005950609937518596
einweichen,4,6722,0.0005950609937518596
z,4,6722,0.0005950609937518596
be,4,6722,0.0005950609937518596
mischt,4,6722,0.0005950609937518596
hefeteig,4,6722,0.0005950609937518596
heu,4,6722,0.0005950609937518596
essen,4,6722,0.0005950609937518596
aber,4,6722,0.0005950609937518596
wirtschaftliche,4,6722,0.0005950609937518596
soße,4,6722,0.0005950609937518596
eß,4,6722,0.0005950609937518596
gar,4,6722,0.0005950609937518596
geschälte,4,6722,0.0005950609937518596
recht,4,6722,0.0005950609937518596
a,4,6722,0.0005950609937518596
kochzeit,4,6722,0.0005950609937518596
besonders,4,6722,0.0005950609937518596
unserer,4,6722,0.0005950609937518596
ja,4,6722,0.0005950609937518596
geschnittenes,4,6722,0.0005950609937518596
aufgefüllt,3,6722,0.0004462957453138947
gedünstet,3,6722,0.0004462957453138947
verlag,3,6722,0.0004462957453138947
während,3,6722,0.0004462957453138947
selbst,3,6722,0.0004462957453138947
ins,3,6722,0.0004462957453138947
majoran,3,6722,0.0004462957453138947
damit,3,6722,0.0004462957453138947
petersilie,3,6722,0.0004462957453138947
gewaschene,3,6722,0.0004462957453138947
saurer,3,6722,0.0004462957453138947
krankenkost,3,6722,0.0004462957453138947
herbst,3,6722,0.0004462957453138947
salzt,3,6722,0.0004462957453138947
topf,3,6722,0.0004462957453138947
einfachen,3,6722,0.0004462957453138947
kartoffelspeisen,3,6722,0.0004462957453138947
gewiegt,3,6722,0.0004462957453138947
mitte,3,6722,0.0004462957453138947
personen,3,6722,0.0004462957453138947
aufgeschnitten,3,6722,0.0004462957453138947
sonst,3,6722,0.0004462957453138947
nötig,3,6722,0.0004462957453138947
geschnitzelte,3,6722,0.0004462957453138947
soß,3,6722,0.0004462957453138947
würflig,3,6722,0.0004462957453138947
feldsalat,3,6722,0.0004462957453138947
nochmals,3,6722,0.0004462957453138947
angedünstet,3,6722,0.0004462957453138947
ziemlich,3,6722,0.0004462957453138947
anleitung,3,6722,0.0004462957453138947
herz,3,6722,0.0004462957453138947
schaffleisch,3,6722,0.0004462957453138947
gepfeffert,3,6722,0.0004462957453138947
erbsen,3,6722,0.0004462957453138947
kalt,3,6722,0.0004462957453138947
braten,3,6722,0.0004462957453138947
beigegeben,3,6722,0.0004462957453138947
gelben,3,6722,0.0004462957453138947
eßl,3,6722,0.0004462957453138947
lande,3,6722,0.0004462957453138947
pichelsteiner,3,6722,0.0004462957453138947
hauptfrucht,3,6722,0.0004462957453138947
2v,3,6722,0.0004462957453138947
15,3,6722,0.0004462957453138947
pflanzen,3,6722,0.0004462957453138947
rahm,3,6722,0.0004462957453138947
1^4,3,6722,0.0004462957453138947
holzwolle,3,6722,0.0004462957453138947
heißes,3,6722,0.0004462957453138947
altgebackenes,3,6722,0.0004462957453138947
verarbeitet,3,6722,0.0004462957453138947
nahrhafter,3,6722,0.0004462957453138947
henne,3,6722,0.0004462957453138947
durchkochen,3,6722,0.0004462957453138947
wodurch,3,6722,0.0004462957453138947
saure,3,6722,0.0004462957453138947
buttermilch,3,6722,0.0004462957453138947
deckel,3,6722,0.0004462957453138947
hirse,3,6722,0.0004462957453138947
kurz,3,6722,0.0004462957453138947
waschen,3,6722,0.0004462957453138947
glatt,3,6722,0.0004462957453138947
lauch,3,6722,0.0004462957453138947
stielpfanne,3,6722,0.0004462957453138947
bräunen,3,6722,0.0004462957453138947
haferschrot,3,6722,0.0004462957453138947
ihnen,3,6722,0.0004462957453138947
schnell,3,6722,0.0004462957453138947
gewürz,3,6722,0.0004462957453138947
t,3,6722,0.0004462957453138947
hat,3,6722,0.0004462957453138947
seite,3,6722,0.0004462957453138947
wirsing,3,6722,0.0004462957453138947
kopfsalat,3,6722,0.0004462957453138947
frühjahr,3,6722,0.0004462957453138947
soldaten,3,6722,0.0004462957453138947
messer,3,6722,0.0004462957453138947
stuttgart,3,6722,0.0004462957453138947
gestaubt,3,6722,0.0004462957453138947
bröckchen,3,6722,0.0004462957453138947
milz,3,6722,0.0004462957453138947
gemischt,3,6722,0.0004462957453138947
guten,3,6722,0.0004462957453138947
kommen,3,6722,0.0004462957453138947
darf,3,6722,0.0004462957453138947
angesetzt,3,6722,0.0004462957453138947
ersetzen,3,6722,0.0004462957453138947
gerieben,3,6722,0.0004462957453138947
oben,3,6722,0.0004462957453138947
grund,3,6722,0.0004462957453138947
nacht,3,6722,0.0004462957453138947
uns,3,6722,0.0004462957453138947
ulmer,3,6722,0.0004462957453138947
leben,3,6722,0.0004462957453138947
beize,3,6722,0.0004462957453138947
tag,3,6722,0.0004462957453138947
oberbayern,3,6722,0.0004462957453138947
verrührt,3,6722,0.0004462957453138947
darum,3,6722,0.0004462957453138947
liegen,3,6722,0.0004462957453138947
wammerl,3,6722,0.0004462957453138947
verwendet,3,6722,0.0004462957453138947
dürfen,3,6722,0.0004462957453138947
hausgarten,3,6722,0.0004462957453138947
psd,3,6722,0.0004462957453138947
kohl,3,6722,0.0004462957453138947
einige,3,6722,0.0004462957453138947
welche,3,6722,0.0004462957453138947
schon,3,6722,0.0004462957453138947
kartoffelbrei,2,6722,0.0002975304968759298
kostet,2,6722,0.0002975304968759298
rasch,2,6722,0.0002975304968759298
meerrettich,2,6722,0.0002975304968759298
legen,2,6722,0.0002975304968759298
schweinefett,2,6722,0.0002975304968759298
nachfrucht,2,6722,0.0002975304968759298
tüchtig,2,6722,0.0002975304968759298
lang,2,6722,0.0002975304968759298
dreht,2,6722,0.0002975304968759298
verwendung,2,6722,0.0002975304968759298
nun,2,6722,0.0002975304968759298
wachsen,2,6722,0.0002975304968759298
kissen,2,6722,0.0002975304968759298
langsam,2,6722,0.0002975304968759298
hefe,2,6722,0.0002975304968759298
einweichwasser,2,6722,0.0002975304968759298
kartoffelernte,2,6722,0.0002975304968759298
em,2,6722,0.0002975304968759298
verwende,2,6722,0.0002975304968759298
darnach,2,6722,0.0002975304968759298
geschäftsstelle,2,6722,0.0002975304968759298
schale,2,6722,0.0002975304968759298
weiszkrautsalat,2,6722,0.0002975304968759298
fisch,2,6722,0.0002975304968759298
stark,2,6722,0.0002975304968759298
wenig,2,6722,0.0002975304968759298
gerostet,2,6722,0.0002975304968759298
lorbeerblatt,2,6722,0.0002975304968759298
brei,2,6722,0.0002975304968759298
darangegeben,2,6722,0.0002975304968759298
weg,2,6722,0.0002975304968759298
einer,2,6722,0.0002975304968759298
rebholz,2,6722,0.0002975304968759298
mehlspeisen,2,6722,0.0002975304968759298
ernährung,2,6722,0.0002975304968759298
tüchtiges,2,6722,0.0002975304968759298
eingeweicht,2,6722,0.0002975304968759298
weitere,2,6722,0.0002975304968759298
lunge,2,6722,0.0002975304968759298
er,2,6722,0.0002975304968759298
enthält,2,6722,0.0002975304968759298
kaninchenfleisch,2,6722,0.0002975304968759298
ohne,2,6722,0.0002975304968759298
kochtöpfe,2,6722,0.0002975304968759298
aufkochen,2,6722,0.0002975304968759298
lössel,2,6722,0.0002975304968759298
keine,2,6722,0.0002975304968759298
teil,2,6722,0.0002975304968759298
ländlicher,2,6722,0.0002975304968759298
letzten,2,6722,0.0002975304968759298
gleich,2,6722,0.0002975304968759298
volksernährung,2,6722,0.0002975304968759298
trachten,2,6722,0.0002975304968759298
gärtner,2,6722,0.0002975304968759298
herausnehmen,2,6722,0.0002975304968759298
woche,2,6722,0.0002975304968759298
angegossen,2,6722,0.0002975304968759298
grün,2,6722,0.0002975304968759298
gleiche,2,6722,0.0002975304968759298
allen,2,6722,0.0002975304968759298
hoch,2,6722,0.0002975304968759298
herstellen,2,6722,0.0002975304968759298
lagenweise,2,6722,0.0002975304968759298
zutaten,2,6722,0.0002975304968759298
hennen,2,6722,0.0002975304968759298
22,2,6722,0.0002975304968759298
notwendig,2,6722,0.0002975304968759298
würfel,2,6722,0.0002975304968759298
vermengt,2,6722,0.0002975304968759298
rührt,2,6722,0.0002975304968759298
statt,2,6722,0.0002975304968759298
abgeerntet,2,6722,0.0002975304968759298
gurken,2,6722,0.0002975304968759298
besonderer,2,6722,0.0002975304968759298
gekochten,2,6722,0.0002975304968759298
12,2,6722,0.0002975304968759298
abge,2,6722,0.0002975304968759298
abendessen,2,6722,0.0002975304968759298
stopft,2,6722,0.0002975304968759298
futterfresser,2,6722,0.0002975304968759298
toffeln,2,6722,0.0002975304968759298
schwer,2,6722,0.0002975304968759298
semmelwürfel,2,6722,0.0002975304968759298
vollkommen,2,6722,0.0002975304968759298
gemeinsam,2,6722,0.0002975304968759298
weiße,2,6722,0.0002975304968759298
kaltes,2,6722,0.0002975304968759298
brutnest,2,6722,0.0002975304968759298
gewürzt,2,6722,0.0002975304968759298
erst,2,6722,0.0002975304968759298
billig,2,6722,0.0002975304968759298
jahres,2,6722,0.0002975304968759298
füttert,2,6722,0.0002975304968759298
tief,2,6722,0.0002975304968759298
ol,2,6722,0.0002975304968759298
gewiegte,2,6722,0.0002975304968759298
ankochen,2,6722,0.0002975304968759298
roggenmehl,2,6722,0.0002975304968759298
aufge,2,6722,0.0002975304968759298
x,2,6722,0.0002975304968759298
unseres,2,6722,0.0002975304968759298
v2,2,6722,0.0002975304968759298
heller,2,6722,0.0002975304968759298
größe,2,6722,0.0002975304968759298
stehen,2,6722,0.0002975304968759298
tausend,2,6722,0.0002975304968759298
wirsingkopf,2,6722,0.0002975304968759298
dagegen,2,6722,0.0002975304968759298
winter,2,6722,0.0002975304968759298
eignen,2,6722,0.0002975304968759298
dazugegeben,2,6722,0.0002975304968759298
trotz,2,6722,0.0002975304968759298
gartenland,2,6722,0.0002975304968759298
mehls,2,6722,0.0002975304968759298
gerösteten,2,6722,0.0002975304968759298
jeder,2,6722,0.0002975304968759298
kurze,2,6722,0.0002975304968759298
ca,2,6722,0.0002975304968759298
weichkochen,2,6722,0.0002975304968759298
andern,2,6722,0.0002975304968759298
zubereitet,2,6722,0.0002975304968759298
soweit,2,6722,0.0002975304968759298
zwischenfrucht,2,6722,0.0002975304968759298
einzelnen,2,6722,0.0002975304968759298
umrühren,2,6722,0.0002975304968759298
geräuchertes,2,6722,0.0002975304968759298
küche,2,6722,0.0002975304968759298
salzen,2,6722,0.0002975304968759298
erkalten,2,6722,0.0002975304968759298
kaninchen,2,6722,0.0002975304968759298
indem,2,6722,0.0002975304968759298
gericht,2,6722,0.0002975304968759298
weinbeeren,2,6722,0.0002975304968759298
bisher,2,6722,0.0002975304968759298
radieschen,2,6722,0.0002975304968759298
brut,2,6722,0.0002975304968759298
auflage,2,6722,0.0002975304968759298
gewinnen,2,6722,0.0002975304968759298
nest,2,6722,0.0002975304968759298
heißen,2,6722,0.0002975304968759298
suppen,2,6722,0.0002975304968759298
fingerdicke,2,6722,0.0002975304968759298
kücken,2,6722,0.0002975304968759298
ihr,2,6722,0.0002975304968759298
hitze,2,6722,0.0002975304968759298
blaukraut,2,6722,0.0002975304968759298
essenszeit,2,6722,0.0002975304968759298
einkochen,2,6722,0.0002975304968759298
gedämpft,2,6722,0.0002975304968759298
vereine,2,6722,0.0002975304968759298
kinder,2,6722,0.0002975304968759298
pflege,2,6722,0.0002975304968759298
anbauen,2,6722,0.0002975304968759298
trägt,2,6722,0.0002975304968759298
vorrat,2,6722,0.0002975304968759298
verwiegt,2,6722,0.0002975304968759298
topfennudeln,2,6722,0.0002975304968759298
kalbfleisch,2,6722,0.0002975304968759298
weichgekocht,2,6722,0.0002975304968759298
sondern,2,6722,0.0002975304968759298
räuchern,2,6722,0.0002975304968759298
unser,2,6722,0.0002975304968759298
richtig,2,6722,0.0002975304968759298
übergossen,2,6722,0.0002975304968759298
eingeweichte,2,6722,0.0002975304968759298
dessen,2,6722,0.0002975304968759298
ausgeschnitten,2,6722,0.0002975304968759298
flach,2,6722,0.0002975304968759298
bekommen,2,6722,0.0002975304968759298
was,2,6722,0.0002975304968759298
würde,2,6722,0.0002975304968759298
davon,2,6722,0.0002975304968759298
vorfrucht,2,6722,0.0002975304968759298
vom,2,6722,0.0002975304968759298
b,2,6722,0.0002975304968759298
wirtschaft,2,6722,0.0002975304968759298
büchlein,2,6722,0.0002975304968759298
heringe,2,6722,0.0002975304968759298
diesen,2,6722,0.0002975304968759298
auslassen,2,6722,0.0002975304968759298
glatten,2,6722,0.0002975304968759298
feingewiegten,2,6722,0.0002975304968759298
14,2,6722,0.0002975304968759298
anzahl,2,6722,0.0002975304968759298
alter,2,6722,0.0002975304968759298
setzt,2,6722,0.0002975304968759298
diesem,2,6722,0.0002975304968759298
roggen,2,6722,0.0002975304968759298
toffel,2,6722,0.0002975304968759298
garzeit,2,6722,0.0002975304968759298
gemüsebau,2,6722,0.0002975304968759298
tiegel,2,6722,0.0002975304968759298
ausland,2,6722,0.0002975304968759298
erwünschte,2,6722,0.0002975304968759298
nochmal,2,6722,0.0002975304968759298
bearbeitet,2,6722,0.0002975304968759298
haushalten,2,6722,0.0002975304968759298
herausgenommen,2,6722,0.0002975304968759298
gesalzenen,2,6722,0.0002975304968759298
mark,2,6722,0.0002975304968759298
siedendes,2,6722,0.0002975304968759298
krümmelig,2,6722,0.0002975304968759298
gemüsewasser,2,6722,0.0002975304968759298
heißer,2,6722,0.0002975304968759298
daher,2,6722,0.0002975304968759298
herd,2,6722,0.0002975304968759298
notwendige,2,6722,0.0002975304968759298
me,2,6722,0.0002975304968759298
brühe,2,6722,0.0002975304968759298
landesökonomierat,2,6722,0.0002975304968759298
kleiner,2,6722,0.0002975304968759298
un,2,6722,0.0002975304968759298
apfel,2,6722,0.0002975304968759298
deu,2,6722,0.0002975304968759298
täglich,2,6722,0.0002975304968759298
dein,2,6722,0.0002975304968759298
sorge,2,6722,0.0002975304968759298
grieß,2,6722,0.0002975304968759298
kälte,2,6722,0.0002975304968759298
auffüllen,2,6722,0.0002975304968759298
abgegossen,2,6722,0.0002975304968759298
einiges,2,6722,0.0002975304968759298
ar,2,6722,0.0002975304968759298
gedeihen,2,6722,0.0002975304968759298
sorgfalt,2,6722,0.0002975304968759298
fleißig,2,6722,0.0002975304968759298
land,2,6722,0.0002975304968759298
huhn,2,6722,0.0002975304968759298
uus,2,6722,0.0002975304968759298
beet,2,6722,0.0002975304968759298
schluß,2,6722,0.0002975304968759298
harte,2,6722,0.0002975304968759298
ausgefallen,2,6722,0.0002975304968759298
leicht,2,6722,0.0002975304968759298
daran,2,6722,0.0002975304968759298
dicht,2,6722,0.0002975304968759298
heiße,2,6722,0.0002975304968759298
speckwürfel,2,6722,0.0002975304968759298
küchlein,2,6722,0.0002975304968759298
sparen,2,6722,0.0002975304968759298
kartoffelknödel,2,6722,0.0002975304968759298
küchenabfälle,2,6722,0.0002975304968759298
gelegt,2,6722,0.0002975304968759298
gehackt,2,6722,0.0002975304968759298
eingekocht,2,6722,0.0002975304968759298
miteinander,2,6722,0.0002975304968759298
anweisungen,2,6722,0.0002975304968759298
beziehen,2,6722,0.0002975304968759298
geröstet,2,6722,0.0002975304968759298
geschmack,2,6722,0.0002975304968759298
anderntags,2,6722,0.0002975304968759298
gewässerte,2,6722,0.0002975304968759298
21,2,6722,0.0002975304968759298
art,2,6722,0.0002975304968759298
brotsuppe,2,6722,0.0002975304968759298
rollgerste,2,6722,0.0002975304968759298
psg,2,6722,0.0002975304968759298
befruchtete,2,6722,0.0002975304968759298
lieber,2,6722,0.0002975304968759298
mittlere,2,6722,0.0002975304968759298
mangel,2,6722,0.0002975304968759298
ms,2,6722,0.0002975304968759298
warmes,2,6722,0.0002975304968759298
stockfisch,2,6722,0.0002975304968759298
gestopft,2,6722,0.0002975304968759298
also,2,6722,0.0002975304968759298
danach,2,6722,0.0002975304968759298
verhältnisse,2,6722,0.0002975304968759298
nötigen,2,6722,0.0002975304968759298
schließenden,2,6722,0.0002975304968759298
eppner,2,6722,0.0002975304968759298
kohlrabi,2,6722,0.0002975304968759298
mittel,2,6722,0.0002975304968759298
erzeugt,2,6722,0.0002975304968759298
fische,2,6722,0.0002975304968759298
nockerl,2,6722,0.0002975304968759298
sollten,2,6722,0.0002975304968759298
altes,2,6722,0.0002975304968759298
berücksichtigung,2,6722,0.0002975304968759298
brät,2,6722,0.0002975304968759298
halten,2,6722,0.0002975304968759298
ankochzeit,1,6722,0.0001487652484379649
ausgezo,1,6722,0.0001487652484379649
öffnung,1,6722,0.0001487652484379649
großer,1,6722,0.0001487652484379649
fast,1,6722,0.0001487652484379649
eierprüfer,1,6722,0.0001487652484379649
zuckert,1,6722,0.0001487652484379649
käsesuppe,1,6722,0.0001487652484379649
noggciiblatteln,1,6722,0.0001487652484379649
siedendheißem,1,6722,0.0001487652484379649
sago,1,6722,0.0001487652484379649
liter,1,6722,0.0001487652484379649
mitteldunkle,1,6722,0.0001487652484379649
sol,1,6722,0.0001487652484379649
durcheinander,1,6722,0.0001487652484379649
siedende,1,6722,0.0001487652484379649
aussehen,1,6722,0.0001487652484379649
tiefen,1,6722,0.0001487652484379649
weit,1,6722,0.0001487652484379649
röstet,1,6722,0.0001487652484379649
frühstückkochen,1,6722,0.0001487652484379649
gleichviel,1,6722,0.0001487652484379649
hafenjuug,1,6722,0.0001487652484379649
untermengt,1,6722,0.0001487652484379649
einzige,1,6722,0.0001487652484379649
halt,1,6722,0.0001487652484379649
mü>,1,6722,0.0001487652484379649
futtermangel,1,6722,0.0001487652484379649
abgerahmter,1,6722,0.0001487652484379649
backfett,1,6722,0.0001487652484379649
pflänzchen,1,6722,0.0001487652484379649
all,1,6722,0.0001487652484379649
mehlknödcl,1,6722,0.0001487652484379649
bereitet,1,6722,0.0001487652484379649
nachlassen,1,6722,0.0001487652484379649
apfelstrudel,1,6722,0.0001487652484379649
hand,1,6722,0.0001487652484379649
gehobelt,1,6722,0.0001487652484379649
wohl,1,6722,0.0001487652484379649
6v,1,6722,0.0001487652484379649
gekauft,1,6722,0.0001487652484379649
kalk,1,6722,0.0001487652484379649
hacken,1,6722,0.0001487652484379649
ungefähr,1,6722,0.0001487652484379649
zerdrückt,1,6722,0.0001487652484379649
gesät,1,6722,0.0001487652484379649
einführen,1,6722,0.0001487652484379649
vorabend,1,6722,0.0001487652484379649
älter,1,6722,0.0001487652484379649
februar,1,6722,0.0001487652484379649
dadurch,1,6722,0.0001487652484379649
3vv,1,6722,0.0001487652484379649
petersilienkartosfelgemüfe,1,6722,0.0001487652484379649
quelle,1,6722,0.0001487652484379649
sowie,1,6722,0.0001487652484379649
wäre,1,6722,0.0001487652484379649
braucht,1,6722,0.0001487652484379649
mso,1,6722,0.0001487652484379649
näschereien,1,6722,0.0001487652484379649
kässpatzen,1,6722,0.0001487652484379649
drei,1,6722,0.0001487652484379649
94hr,1,6722,0.0001487652484379649
sam,1,6722,0.0001487652484379649
halben,1,6722,0.0001487652484379649
muskatnuß,1,6722,0.0001487652484379649
32,1,6722,0.0001487652484379649
keinem,1,6722,0.0001487652484379649
ferkel,1,6722,0.0001487652484379649
mager,1,6722,0.0001487652484379649
gerecht,1,6722,0.0001487652484379649
lichthöhe,1,6722,0.0001487652484379649
treibt,1,6722,0.0001487652484379649
<t5rdkvhlrabeu,1,6722,0.0001487652484379649
uötig,1,6722,0.0001487652484379649
bestreut,1,6722,0.0001487652484379649
mngerl,1,6722,0.0001487652484379649
schwieriger,1,6722,0.0001487652484379649
adernetz,1,6722,0.0001487652484379649
nötigsten,1,6722,0.0001487652484379649
älteren,1,6722,0.0001487652484379649
bayerisches,1,6722,0.0001487652484379649
schmalz,1,6722,0.0001487652484379649
holzhaikernockerln,1,6722,0.0001487652484379649
angebot,1,6722,0.0001487652484379649
könnte,1,6722,0.0001487652484379649
dünn,1,6722,0.0001487652484379649
freundin,1,6722,0.0001487652484379649
siedendein,1,6722,0.0001487652484379649
bezirks,1,6722,0.0001487652484379649
reinigen,1,6722,0.0001487652484379649
endivien,1,6722,0.0001487652484379649
sowohl,1,6722,0.0001487652484379649
zugfreien,1,6722,0.0001487652484379649
weißkrautkopf,1,6722,0.0001487652484379649
balkfett,1,6722,0.0001487652484379649
freie,1,6722,0.0001487652484379649
lagen,1,6722,0.0001487652484379649
nommen,1,6722,0.0001487652484379649
chende,1,6722,0.0001487652484379649
suppenwurzeln,1,6722,0.0001487652484379649
wenden,1,6722,0.0001487652484379649
31,1,6722,0.0001487652484379649
berechnet,1,6722,0.0001487652484379649
übriggebliebene,1,6722,0.0001487652484379649
spritz,1,6722,0.0001487652484379649
angestaubt,1,6722,0.0001487652484379649
gegangenen,1,6722,0.0001487652484379649
ludwigstr,1,6722,0.0001487652484379649
genug,1,6722,0.0001487652484379649
fingerhoch,1,6722,0.0001487652484379649
nament,1,6722,0.0001487652484379649
markt,1,6722,0.0001487652484379649
gebrüht,1,6722,0.0001487652484379649
rindern,1,6722,0.0001487652484379649
farbe,1,6722,0.0001487652484379649
raum,1,6722,0.0001487652484379649
offen,1,6722,0.0001487652484379649
heimat,1,6722,0.0001487652484379649
geschlossen,1,6722,0.0001487652484379649
angedämpft,1,6722,0.0001487652484379649
wecken,1,6722,0.0001487652484379649
anis,1,6722,0.0001487652484379649
wurzelsnppe,1,6722,0.0001487652484379649
verschwenden,1,6722,0.0001487652484379649
unsern,1,6722,0.0001487652484379649
schälen,1,6722,0.0001487652484379649
täglichen,1,6722,0.0001487652484379649
kriegskochbüchlein,1,6722,0.0001487652484379649
sät,1,6722,0.0001487652484379649
izosuk,1,6722,0.0001487652484379649
ganz,1,6722,0.0001487652484379649
gerösteteten,1,6722,0.0001487652484379649
bestrichen,1,6722,0.0001487652484379649
hiudurchköunen,1,6722,0.0001487652484379649
sahne,1,6722,0.0001487652484379649
locker,1,6722,0.0001487652484379649
35,1,6722,0.0001487652484379649
gekröse,1,6722,0.0001487652484379649
erzeugen,1,6722,0.0001487652484379649
leitfaden,1,6722,0.0001487652484379649
anweisung,1,6722,0.0001487652484379649
bäuerisches,1,6722,0.0001487652484379649
nehmen,1,6722,0.0001487652484379649
war,1,6722,0.0001487652484379649
umsonst,1,6722,0.0001487652484379649
gestaltet,1,6722,0.0001487652484379649
monaten,1,6722,0.0001487652484379649
verkocht,1,6722,0.0001487652484379649
linsen,1,6722,0.0001487652484379649
suppenhuhn,1,6722,0.0001487652484379649
stiste,1,6722,0.0001487652484379649
groß,1,6722,0.0001487652484379649
bierhefe,1,6722,0.0001487652484379649
umgestochen,1,6722,0.0001487652484379649
löwenzahnblätter,1,6722,0.0001487652484379649
mecrrettichsvß,1,6722,0.0001487652484379649
löscht,1,6722,0.0001487652484379649
insektenpulver,1,6722,0.0001487652484379649
morgens,1,6722,0.0001487652484379649
mengen,1,6722,0.0001487652484379649
rohrnudel,1,6722,0.0001487652484379649
rauchend,1,6722,0.0001487652484379649
ernstliche,1,6722,0.0001487652484379649
rübenkraut,1,6722,0.0001487652484379649
sämig,1,6722,0.0001487652484379649
zuhalten,1,6722,0.0001487652484379649
stückschwarz,1,6722,0.0001487652484379649
gottesgeschenk,1,6722,0.0001487652484379649
tags,1,6722,0.0001487652484379649
bichl,1,6722,0.0001487652484379649
ulrich,1,6722,0.0001487652484379649
gefüllt,1,6722,0.0001487652484379649
nähere,1,6722,0.0001487652484379649
gedämpf,1,6722,0.0001487652484379649
fleischspeisen,1,6722,0.0001487652484379649
verkaust,1,6722,0.0001487652484379649
umwenden,1,6722,0.0001487652484379649
molkereien,1,6722,0.0001487652484379649
beispiel,1,6722,0.0001487652484379649
sitzende,1,6722,0.0001487652484379649
angekocht,1,6722,0.0001487652484379649
klar,1,6722,0.0001487652484379649
zähe,1,6722,0.0001487652484379649
würfeln,1,6722,0.0001487652484379649
halbdunklen,1,6722,0.0001487652484379649
gleichem,1,6722,0.0001487652484379649
abbiegt,1,6722,0.0001487652484379649
geeignet,1,6722,0.0001487652484379649
herbstkohlrabi,1,6722,0.0001487652484379649
gebräuchlich,1,6722,0.0001487652484379649
fettarmen,1,6722,0.0001487652484379649
tiefem,1,6722,0.0001487652484379649
^stunde,1,6722,0.0001487652484379649
sür,1,6722,0.0001487652484379649
sieden,1,6722,0.0001487652484379649
sommer,1,6722,0.0001487652484379649
dörr,1,6722,0.0001487652484379649
pflanzt,1,6722,0.0001487652484379649
ausgepreßten,1,6722,0.0001487652484379649
reis,1,6722,0.0001487652484379649
entgrätet,1,6722,0.0001487652484379649
gntes,1,6722,0.0001487652484379649
müsebau,1,6722,0.0001487652484379649
erteilen,1,6722,0.0001487652484379649
sauerampferblätter,1,6722,0.0001487652484379649
1v?,1,6722,0.0001487652484379649
krautsalat,1,6722,0.0001487652484379649
lud,1,6722,0.0001487652484379649
fertigt,1,6722,0.0001487652484379649
lebersuppe,1,6722,0.0001487652484379649
nässe,1,6722,0.0001487652484379649
ihrer,1,6722,0.0001487652484379649
nachschüren,1,6722,0.0001487652484379649
milchspeisen,1,6722,0.0001487652484379649
abwechslung,1,6722,0.0001487652484379649
schüttet,1,6722,0.0001487652484379649
verwertung,1,6722,0.0001487652484379649
poreesuppe,1,6722,0.0001487652484379649
kricgsbrot,1,6722,0.0001487652484379649
empfehlen,1,6722,0.0001487652484379649
offnen,1,6722,0.0001487652484379649
ausländischen,1,6722,0.0001487652484379649
weiterbrüten,1,6722,0.0001487652484379649
reiben,1,6722,0.0001487652484379649
laßt,1,6722,0.0001487652484379649
ende,1,6722,0.0001487652484379649
ständig,1,6722,0.0001487652484379649
kuttelfleck,1,6722,0.0001487652484379649
spätzlesteig,1,6722,0.0001487652484379649
sticht,1,6722,0.0001487652484379649
lazaretten,1,6722,0.0001487652484379649
haltung,1,6722,0.0001487652484379649
ebenfalls,1,6722,0.0001487652484379649
zun,1,6722,0.0001487652484379649
arbeitsstelle,1,6722,0.0001487652484379649
gerichte,1,6722,0.0001487652484379649
landhaushaltungen,1,6722,0.0001487652484379649
aufschlüsse,1,6722,0.0001487652484379649
decken,1,6722,0.0001487652484379649
dafür,1,6722,0.0001487652484379649
droht,1,6722,0.0001487652484379649
doppelter,1,6722,0.0001487652484379649
hüpfen,1,6722,0.0001487652484379649
wand,1,6722,0.0001487652484379649
höhlung,1,6722,0.0001487652484379649
gemäß,1,6722,0.0001487652484379649
kochende,1,6722,0.0001487652484379649
abschaffen,1,6722,0.0001487652484379649
genügend,1,6722,0.0001487652484379649
ausgewachsen,1,6722,0.0001487652484379649
herrn,1,6722,0.0001487652484379649
reichlicheren,1,6722,0.0001487652484379649
ausgedrückten,1,6722,0.0001487652484379649
auszuhängen,1,6722,0.0001487652484379649
sorgen,1,6722,0.0001487652484379649
verknust,1,6722,0.0001487652484379649
stalldünger,1,6722,0.0001487652484379649
entwickeln,1,6722,0.0001487652484379649
gel,1,6722,0.0001487652484379649
kleie,1,6722,0.0001487652484379649
anf,1,6722,0.0001487652484379649
stauben,1,6722,0.0001487652484379649
nachfrage,1,6722,0.0001487652484379649
naß,1,6722,0.0001487652484379649
geflossen,1,6722,0.0001487652484379649
verkäufer,1,6722,0.0001487652484379649
paar,1,6722,0.0001487652484379649
halbierte,1,6722,0.0001487652484379649
gebeten,1,6722,0.0001487652484379649
mais,1,6722,0.0001487652484379649
wirtschaften,1,6722,0.0001487652484379649
hobeln,1,6722,0.0001487652484379649
zeiten,1,6722,0.0001487652484379649
verlangt,1,6722,0.0001487652484379649
geöffnet,1,6722,0.0001487652484379649
wohlhabenheit,1,6722,0.0001487652484379649
blut,1,6722,0.0001487652484379649
i4tägige,1,6722,0.0001487652484379649
wendeten,1,6722,0.0001487652484379649
27,1,6722,0.0001487652484379649
feinde,1,6722,0.0001487652484379649
geformte,1,6722,0.0001487652484379649
ersetzt,1,6722,0.0001487652484379649
zube,1,6722,0.0001487652484379649
eßlöfsel,1,6722,0.0001487652484379649
kreß,1,6722,0.0001487652484379649
gestoßenes,1,6722,0.0001487652484379649
zwetfchgen,1,6722,0.0001487652484379649
milchkartoffelsuppe,1,6722,0.0001487652484379649
hefeudämpfl,1,6722,0.0001487652484379649
überfluß,1,6722,0.0001487652484379649
stückfeuer,1,6722,0.0001487652484379649
eniem,1,6722,0.0001487652484379649
fleischreste,1,6722,0.0001487652484379649
verfährt,1,6722,0.0001487652484379649
schadet,1,6722,0.0001487652484379649
gedrückt,1,6722,0.0001487652484379649
1^1,1,6722,0.0001487652484379649
loser,1,6722,0.0001487652484379649
hausschlachtungen,1,6722,0.0001487652484379649
besondere,1,6722,0.0001487652484379649
schützengräben,1,6722,0.0001487652484379649
molton,1,6722,0.0001487652484379649
entfernung,1,6722,0.0001487652484379649
angerichteten,1,6722,0.0001487652484379649
gemahlenen,1,6722,0.0001487652484379649
vergrößern,1,6722,0.0001487652484379649
krautarten,1,6722,0.0001487652484379649
zwiebelsoh,1,6722,0.0001487652484379649
abtropfen,1,6722,0.0001487652484379649
kohlraben,1,6722,0.0001487652484379649
wehl,1,6722,0.0001487652484379649
fleischgerichte,1,6722,0.0001487652484379649
einander,1,6722,0.0001487652484379649
beete,1,6722,0.0001487652484379649
schehen,1,6722,0.0001487652484379649
aufgesetzt,1,6722,0.0001487652484379649
zeitraubende,1,6722,0.0001487652484379649
frühzeitiges,1,6722,0.0001487652484379649
vermeidende,1,6722,0.0001487652484379649
geformt,1,6722,0.0001487652484379649
leghühner,1,6722,0.0001487652484379649
juni,1,6722,0.0001487652484379649
reiten,1,6722,0.0001487652484379649
folgenden,1,6722,0.0001487652484379649
topfemmdeln,1,6722,0.0001487652484379649
wochen,1,6722,0.0001487652484379649
gemüsen,1,6722,0.0001487652484379649
fressen,1,6722,0.0001487652484379649
essen?,1,6722,0.0001487652484379649
hühnerhaltung,1,6722,0.0001487652484379649
sorgsam,1,6722,0.0001487652484379649
anderen,1,6722,0.0001487652484379649
pfefferkörner,1,6722,0.0001487652484379649
händen,1,6722,0.0001487652484379649
großeltern,1,6722,0.0001487652484379649
geriebenes,1,6722,0.0001487652484379649
geriebener,1,6722,0.0001487652484379649
feingeschnitten,1,6722,0.0001487652484379649
futterzwecken,1,6722,0.0001487652484379649
staubt,1,6722,0.0001487652484379649
deckt,1,6722,0.0001487652484379649
burg,1,6722,0.0001487652484379649
kochbüchlein,1,6722,0.0001487652484379649
röstete,1,6722,0.0001487652484379649
schweinen,1,6722,0.0001487652484379649
zn,1,6722,0.0001487652484379649
sprudelnd,1,6722,0.0001487652484379649
bezug,1,6722,0.0001487652484379649
leistungs,1,6722,0.0001487652484379649
auskunft,1,6722,0.0001487652484379649
gehackte,1,6722,0.0001487652484379649
kriegsbrot,1,6722,0.0001487652484379649
kartoffeldatsch,1,6722,0.0001487652484379649
demselben,1,6722,0.0001487652484379649
bedeutet,1,6722,0.0001487652484379649
schaf,1,6722,0.0001487652484379649
kaufen,1,6722,0.0001487652484379649
weißer,1,6722,0.0001487652484379649
vielen,1,6722,0.0001487652484379649
16,1,6722,0.0001487652484379649
nein,1,6722,0.0001487652484379649
obstmus,1,6722,0.0001487652484379649
lebensmitteln,1,6722,0.0001487652484379649
sonstigen,1,6722,0.0001487652484379649
speckwürfelsoße,1,6722,0.0001487652484379649
würfelförmig,1,6722,0.0001487652484379649
find,1,6722,0.0001487652484379649
hühnchen,1,6722,0.0001487652484379649
bestehend,1,6722,0.0001487652484379649
erzielen,1,6722,0.0001487652484379649
knapp,1,6722,0.0001487652484379649
erddotsche,1,6722,0.0001487652484379649
unkraut,1,6722,0.0001487652484379649
stroh,1,6722,0.0001487652484379649
kalte,1,6722,0.0001487652484379649
"„kochkiste""",1,6722,0.0001487652484379649
weihe,1,6722,0.0001487652484379649
200,1,6722,0.0001487652484379649
entfernen,1,6722,0.0001487652484379649
keinen,1,6722,0.0001487652484379649
hungerfrieden,1,6722,0.0001487652484379649
tüchtigen,1,6722,0.0001487652484379649
schmackhafter,1,6722,0.0001487652484379649
bereitungs,1,6722,0.0001487652484379649
bewegung,1,6722,0.0001487652484379649
etwa,1,6722,0.0001487652484379649
pikiert,1,6722,0.0001487652484379649
^zwiebel,1,6722,0.0001487652484379649
ausstreichen,1,6722,0.0001487652484379649
hefenteig,1,6722,0.0001487652484379649
anzunehmen,1,6722,0.0001487652484379649
petersiliensvs,1,6722,0.0001487652484379649
gewürze,1,6722,0.0001487652484379649
weiter,1,6722,0.0001487652484379649
darlehenskassenvereine,1,6722,0.0001487652484379649
futterman,1,6722,0.0001487652484379649
überbrüht,1,6722,0.0001487652484379649
verfahren,1,6722,0.0001487652484379649
neben,1,6722,0.0001487652484379649
beschmutzt,1,6722,0.0001487652484379649
05,1,6722,0.0001487652484379649
heringskartoffeln,1,6722,0.0001487652484379649
millionen,1,6722,0.0001487652484379649
doppelte,1,6722,0.0001487652484379649
dariu,1,6722,0.0001487652484379649
hinarbeiten,1,6722,0.0001487652484379649
richtet,1,6722,0.0001487652484379649
pfefferblatt,1,6722,0.0001487652484379649
9,1,6722,0.0001487652484379649
kohlstrünke,1,6722,0.0001487652484379649
semmel,1,6722,0.0001487652484379649
lich,1,6722,0.0001487652484379649
^2,1,6722,0.0001487652484379649
zwudelsuppe,1,6722,0.0001487652484379649
abgescharrt,1,6722,0.0001487652484379649
2vv,1,6722,0.0001487652484379649
ausgehöhlt,1,6722,0.0001487652484379649
brauner,1,6722,0.0001487652484379649
abbröseln,1,6722,0.0001487652484379649
schichte,1,6722,0.0001487652484379649
gegenden,1,6722,0.0001487652484379649
24,1,6722,0.0001487652484379649
theoretische,1,6722,0.0001487652484379649
flüssig,1,6722,0.0001487652484379649
wurde,1,6722,0.0001487652484379649
morgen,1,6722,0.0001487652484379649
lichen,1,6722,0.0001487652484379649
überwachung,1,6722,0.0001487652484379649
kindshoven,1,6722,0.0001487652484379649
behält,1,6722,0.0001487652484379649
mitteln,1,6722,0.0001487652484379649
kuödelu,1,6722,0.0001487652484379649
nahrhaft,1,6722,0.0001487652484379649
tatschundelu,1,6722,0.0001487652484379649
wirt,1,6722,0.0001487652484379649
futtermittel,1,6722,0.0001487652484379649
feuerung,1,6722,0.0001487652484379649
rot,1,6722,0.0001487652484379649
mehlfchmarrn,1,6722,0.0001487652484379649
erlaubt,1,6722,0.0001487652484379649
beschweren,1,6722,0.0001487652484379649
soßen,1,6722,0.0001487652484379649
uach,1,6722,0.0001487652484379649
garten,1,6722,0.0001487652484379649
dunkles,1,6722,0.0001487652484379649
tieren,1,6722,0.0001487652484379649
bücher,1,6722,0.0001487652484379649
jährlich,1,6722,0.0001487652484379649
abgestandenem,1,6722,0.0001487652484379649
hineingerührt,1,6722,0.0001487652484379649
rühren,1,6722,0.0001487652484379649
^4,1,6722,0.0001487652484379649
haushalt,1,6722,0.0001487652484379649
lampe,1,6722,0.0001487652484379649
erwärmten,1,6722,0.0001487652484379649
zuwendet,1,6722,0.0001487652484379649
brennt,1,6722,0.0001487652484379649
sanerampfersnppe,1,6722,0.0001487652484379649
besser,1,6722,0.0001487652484379649
einstopfen,1,6722,0.0001487652484379649
mitkochen,1,6722,0.0001487652484379649
irgendeines,1,6722,0.0001487652484379649
fifchwiirstl,1,6722,0.0001487652484379649
ergeben,1,6722,0.0001487652484379649
ausgestreut,1,6722,0.0001487652484379649
machen,1,6722,0.0001487652484379649
vorcssen,1,6722,0.0001487652484379649
weggegessen,1,6722,0.0001487652484379649
aller,1,6722,0.0001487652484379649
backt,1,6722,0.0001487652484379649
unberufene,1,6722,0.0001487652484379649
sauberes,1,6722,0.0001487652484379649
lebensjahre,1,6722,0.0001487652484379649
schlacht,1,6722,0.0001487652484379649
fettreste,1,6722,0.0001487652484379649
gemischtes,1,6722,0.0001487652484379649
zwar,1,6722,0.0001487652484379649
winterrettiche,1,6722,0.0001487652484379649
kistendeckel,1,6722,0.0001487652484379649
übersicht,1,6722,0.0001487652484379649
aussäen,1,6722,0.0001487652484379649
rechnet,1,6722,0.0001487652484379649
brav,1,6722,0.0001487652484379649
gepreßt,1,6722,0.0001487652484379649
"bayern""",1,6722,0.0001487652484379649
einfach,1,6722,0.0001487652484379649
wirsching,1,6722,0.0001487652484379649
herausgebacken,1,6722,0.0001487652484379649
erträge,1,6722,0.0001487652484379649
füttern,1,6722,0.0001487652484379649
roll,1,6722,0.0001487652484379649
dunkle,1,6722,0.0001487652484379649
hinausreichen,1,6722,0.0001487652484379649
bröseln,1,6722,0.0001487652484379649
schar,1,6722,0.0001487652484379649
zucht,1,6722,0.0001487652484379649
apfelbcttelmaim,1,6722,0.0001487652484379649
winterleger,1,6722,0.0001487652484379649
erfolgt,1,6722,0.0001487652484379649
pfeffert,1,6722,0.0001487652484379649
spatzensieb,1,6722,0.0001487652484379649
kartoffelkiichle,1,6722,0.0001487652484379649
bruthenne,1,6722,0.0001487652484379649
300,1,6722,0.0001487652484379649
kommission,1,6722,0.0001487652484379649
backblech,1,6722,0.0001487652484379649
kochkistenbüchlein,1,6722,0.0001487652484379649
abgeschöpfte,1,6722,0.0001487652484379649
obstmusen,1,6722,0.0001487652484379649
bund,1,6722,0.0001487652484379649
findet,1,6722,0.0001487652484379649
ort,1,6722,0.0001487652484379649
paniert,1,6722,0.0001487652484379649
ähnlich,1,6722,0.0001487652484379649
mästen,1,6722,0.0001487652484379649
bemerkbar,1,6722,0.0001487652484379649
120,1,6722,0.0001487652484379649
nachläßt,1,6722,0.0001487652484379649
wegfällt,1,6722,0.0001487652484379649
stall,1,6722,0.0001487652484379649
abkochen,1,6722,0.0001487652484379649
uuter,1,6722,0.0001487652484379649
abnehmen,1,6722,0.0001487652484379649
fischkochbiichlein,1,6722,0.0001487652484379649
begießen,1,6722,0.0001487652484379649
c,1,6722,0.0001487652484379649
erwünscht,1,6722,0.0001487652484379649
heißt,1,6722,0.0001487652484379649
zwiebelscheibchen,1,6722,0.0001487652484379649
abgerührt,1,6722,0.0001487652484379649
heime,1,6722,0.0001487652484379649
feingefchnit>,1,6722,0.0001487652484379649
ausbackfett,1,6722,0.0001487652484379649
zurückgeliefert,1,6722,0.0001487652484379649
würstl,1,6722,0.0001487652484379649
bearbeiten,1,6722,0.0001487652484379649
tene,1,6722,0.0001487652484379649
würzen,1,6722,0.0001487652484379649
jahr,1,6722,0.0001487652484379649
geflügelhaltung,1,6722,0.0001487652484379649
junggeflügel,1,6722,0.0001487652484379649
zusammbackeu,1,6722,0.0001487652484379649
nutzgeflügel,1,6722,0.0001487652484379649
erhältlich,1,6722,0.0001487652484379649
vonhammel,1,6722,0.0001487652484379649
feinblättrig,1,6722,0.0001487652484379649
brühen,1,6722,0.0001487652484379649
palmin,1,6722,0.0001487652484379649
durchgeseihten,1,6722,0.0001487652484379649
zubereitungsart,1,6722,0.0001487652484379649
zerlassene,1,6722,0.0001487652484379649
weder,1,6722,0.0001487652484379649
kaninchenbraten,1,6722,0.0001487652484379649
ausreichendes,1,6722,0.0001487652484379649
etwa5,1,6722,0.0001487652484379649
arme,1,6722,0.0001487652484379649
verwundeten,1,6722,0.0001487652484379649
käsenudeln,1,6722,0.0001487652484379649
durchgearbeitet,1,6722,0.0001487652484379649
teilen,1,6722,0.0001487652484379649
oiu,1,6722,0.0001487652484379649
schwindet,1,6722,0.0001487652484379649
nd,1,6722,0.0001487652484379649
wichtig,1,6722,0.0001487652484379649
leere,1,6722,0.0001487652484379649
weißfische,1,6722,0.0001487652484379649
mast,1,6722,0.0001487652484379649
erhitzt,1,6722,0.0001487652484379649
schlägt,1,6722,0.0001487652484379649
vü,1,6722,0.0001487652484379649
material,1,6722,0.0001487652484379649
gerade,1,6722,0.0001487652484379649
aufheben,1,6722,0.0001487652484379649
oberste,1,6722,0.0001487652484379649
chen,1,6722,0.0001487652484379649
gegenüber,1,6722,0.0001487652484379649
angriffen,1,6722,0.0001487652484379649
bedürfen,1,6722,0.0001487652484379649
kartoffelschmarrn,1,6722,0.0001487652484379649
beunruhigt,1,6722,0.0001487652484379649
kartvffclbrot,1,6722,0.0001487652484379649
angießen,1,6722,0.0001487652484379649
unbefruchteten,1,6722,0.0001487652484379649
schweinfleisch,1,6722,0.0001487652484379649
leberwurst,1,6722,0.0001487652484379649
samen,1,6722,0.0001487652484379649
23,1,6722,0.0001487652484379649
säen,1,6722,0.0001487652484379649
zentralgenossenschaft,1,6722,0.0001487652484379649
frei,1,6722,0.0001487652484379649
betracht,1,6722,0.0001487652484379649
herzustelleu,1,6722,0.0001487652484379649
gelblich,1,6722,0.0001487652484379649
frühbruten,1,6722,0.0001487652484379649
gehäuften,1,6722,0.0001487652484379649
runkelrüben,1,6722,0.0001487652484379649
kochbuch,1,6722,0.0001487652484379649
kochwasser,1,6722,0.0001487652484379649
kochvorschrift,1,6722,0.0001487652484379649
zuletzt,1,6722,0.0001487652484379649
aufziehen,1,6722,0.0001487652484379649
januar,1,6722,0.0001487652484379649
rabi,1,6722,0.0001487652484379649
154,1,6722,0.0001487652484379649
kriegskurse,1,6722,0.0001487652484379649
rohrnudeln,1,6722,0.0001487652484379649
semmelwttrfel,1,6722,0.0001487652484379649
schließen,1,6722,0.0001487652484379649
küch,1,6722,0.0001487652484379649
frührettiche,1,6722,0.0001487652484379649
jetztzeit,1,6722,0.0001487652484379649
ö,1,6722,0.0001487652484379649
2g,1,6722,0.0001487652484379649
schnittsalat,1,6722,0.0001487652484379649
einfacher,1,6722,0.0001487652484379649
zugabe,1,6722,0.0001487652484379649
geflügelzucht,1,6722,0.0001487652484379649
familien,1,6722,0.0001487652484379649
apfelkrapfe,1,6722,0.0001487652484379649
hammer,1,6722,0.0001487652484379649
gewünscht,1,6722,0.0001487652484379649
kranken,1,6722,0.0001487652484379649
gelehrt,1,6722,0.0001487652484379649
genügt,1,6722,0.0001487652484379649
abgeben,1,6722,0.0001487652484379649
süß,1,6722,0.0001487652484379649
spart,1,6722,0.0001487652484379649
pappdeckel,1,6722,0.0001487652484379649
rückendick,1,6722,0.0001487652484379649
pünktchen,1,6722,0.0001487652484379649
untermischt,1,6722,0.0001487652484379649
mädchen,1,6722,0.0001487652484379649
ertragen,1,6722,0.0001487652484379649
wiederholt,1,6722,0.0001487652484379649
ausnutzung,1,6722,0.0001487652484379649
vorhanden,1,6722,0.0001487652484379649
küchenabfällen,1,6722,0.0001487652484379649
möglichst,1,6722,0.0001487652484379649
lauwarmen,1,6722,0.0001487652484379649
vorteilhaft,1,6722,0.0001487652484379649
geschoben,1,6722,0.0001487652484379649
anhäufelus,1,6722,0.0001487652484379649
ausschneidet,1,6722,0.0001487652484379649
lege,1,6722,0.0001487652484379649
ausgeweißt,1,6722,0.0001487652484379649
kraftfuttermitteln,1,6722,0.0001487652484379649
600,1,6722,0.0001487652484379649
not,1,6722,0.0001487652484379649
abfall,1,6722,0.0001487652484379649
fleißigem,1,6722,0.0001487652484379649
teile,1,6722,0.0001487652484379649
mün,1,6722,0.0001487652484379649
probieren,1,6722,0.0001487652484379649
geriebenem,1,6722,0.0001487652484379649
rindsleber,1,6722,0.0001487652484379649
roggeue,1,6722,0.0001487652484379649
schlachte,1,6722,0.0001487652484379649
aufgebraten,1,6722,0.0001487652484379649
stand,1,6722,0.0001487652484379649
soviel,1,6722,0.0001487652484379649
blaukrautsalat,1,6722,0.0001487652484379649
gebackenes,1,6722,0.0001487652484379649
aufgesotten,1,6722,0.0001487652484379649
getragen,1,6722,0.0001487652484379649
frisches,1,6722,0.0001487652484379649
hausschlachten,1,6722,0.0001487652484379649
namentlich,1,6722,0.0001487652484379649
voraussichtlich,1,6722,0.0001487652484379649
schupfen,1,6722,0.0001487652484379649
schütze,1,6722,0.0001487652484379649
wildbretart,1,6722,0.0001487652484379649
preise,1,6722,0.0001487652484379649
dunklen,1,6722,0.0001487652484379649
frühkohlrabi,1,6722,0.0001487652484379649
ehe,1,6722,0.0001487652484379649
seiten,1,6722,0.0001487652484379649
großes,1,6722,0.0001487652484379649
körner,1,6722,0.0001487652484379649
g,1,6722,0.0001487652484379649
gerste,1,6722,0.0001487652484379649
tuch,1,6722,0.0001487652484379649
jungen,1,6722,0.0001487652484379649
breit,1,6722,0.0001487652484379649
zwecke,1,6722,0.0001487652484379649
umgehen,1,6722,0.0001487652484379649
wehren,1,6722,0.0001487652484379649
knappheit,1,6722,0.0001487652484379649
sollen,1,6722,0.0001487652484379649
landwirtschaftlichen,1,6722,0.0001487652484379649
eingem,1,6722,0.0001487652484379649
abstände,1,6722,0.0001487652484379649
reisgerichte,1,6722,0.0001487652484379649
besteht,1,6722,0.0001487652484379649
getrocknete,1,6722,0.0001487652484379649
zwetschgenstrudel,1,6722,0.0001487652484379649
steiner,1,6722,0.0001487652484379649
torfmull,1,6722,0.0001487652484379649
wanderhaushaltungskurse,1,6722,0.0001487652484379649
längliche,1,6722,0.0001487652484379649
3mal,1,6722,0.0001487652484379649
frau,1,6722,0.0001487652484379649
trinkwasser,1,6722,0.0001487652484379649
augenblick,1,6722,0.0001487652484379649
vieh,1,6722,0.0001487652484379649
alten,1,6722,0.0001487652484379649
fetzt,1,6722,0.0001487652484379649
kresse,1,6722,0.0001487652484379649
kartoffelnudeln,1,6722,0.0001487652484379649
buud,1,6722,0.0001487652484379649
spätzle,1,6722,0.0001487652484379649
anmeldungen,1,6722,0.0001487652484379649
gemüseland,1,6722,0.0001487652484379649
untergegraben,1,6722,0.0001487652484379649
bedingt,1,6722,0.0001487652484379649
unnütze,1,6722,0.0001487652484379649
peterjilienwurzel,1,6722,0.0001487652484379649
wirsingblätter,1,6722,0.0001487652484379649
einschichten,1,6722,0.0001487652484379649
eiue,1,6722,0.0001487652484379649
rettiche,1,6722,0.0001487652484379649
viehstand,1,6722,0.0001487652484379649
wegläßt,1,6722,0.0001487652484379649
tung,1,6722,0.0001487652484379649
einreiben,1,6722,0.0001487652484379649
surfleisch,1,6722,0.0001487652484379649
schuegraf,1,6722,0.0001487652484379649
hatten,1,6722,0.0001487652484379649
gezeigt,1,6722,0.0001487652484379649
gitter,1,6722,0.0001487652484379649
sorte,1,6722,0.0001487652484379649
bezogen,1,6722,0.0001487652484379649
speise,1,6722,0.0001487652484379649
nim,1,6722,0.0001487652484379649
manchmal,1,6722,0.0001487652484379649
verkochte,1,6722,0.0001487652484379649
verschwendung,1,6722,0.0001487652484379649
löst,1,6722,0.0001487652484379649
schwein,1,6722,0.0001487652484379649
rübe,1,6722,0.0001487652484379649
reise,1,6722,0.0001487652484379649
begossen,1,6722,0.0001487652484379649
landwirtschaft,1,6722,0.0001487652484379649
krantsbraten,1,6722,0.0001487652484379649
ivo,1,6722,0.0001487652484379649
stadt,1,6722,0.0001487652484379649
1914,1,6722,0.0001487652484379649
seine,1,6722,0.0001487652484379649
entweder,1,6722,0.0001487652484379649
wirsingsuppe,1,6722,0.0001487652484379649
fähigen,1,6722,0.0001487652484379649
zutatem,1,6722,0.0001487652484379649
reinige,1,6722,0.0001487652484379649
magermilchsnppe,1,6722,0.0001487652484379649
1>,1,6722,0.0001487652484379649
gemüsearten,1,6722,0.0001487652484379649
wollen,1,6722,0.0001487652484379649
erhält,1,6722,0.0001487652484379649
nollgcrste,1,6722,0.0001487652484379649
darangegossen,1,6722,0.0001487652484379649
eiuem,1,6722,0.0001487652484379649
lehrerinnen,1,6722,0.0001487652484379649
roten,1,6722,0.0001487652484379649
abbildungen,1,6722,0.0001487652484379649
nudel,1,6722,0.0001487652484379649
abgetreten,1,6722,0.0001487652484379649
eignet,1,6722,0.0001487652484379649
anlaufen,1,6722,0.0001487652484379649
roh,1,6722,0.0001487652484379649
pichel,1,6722,0.0001487652484379649
ungeziefer,1,6722,0.0001487652484379649
überhaupt,1,6722,0.0001487652484379649
gegangen,1,6722,0.0001487652484379649
empfiehlt,1,6722,0.0001487652484379649
niehl,1,6722,0.0001487652484379649
goldbraun,1,6722,0.0001487652484379649
weizenbrot,1,6722,0.0001487652484379649
rindssett,1,6722,0.0001487652484379649
übrigens,1,6722,0.0001487652484379649
rosenkohl,1,6722,0.0001487652484379649
17,1,6722,0.0001487652484379649
vreunjuppe,1,6722,0.0001487652484379649
nian,1,6722,0.0001487652484379649
kommende,1,6722,0.0001487652484379649
dasselbe,1,6722,0.0001487652484379649
ausgestopft,1,6722,0.0001487652484379649
putzen,1,6722,0.0001487652484379649
wasscrkartoffelsnppe,1,6722,0.0001487652484379649
wegbleiben,1,6722,0.0001487652484379649
praktischen,1,6722,0.0001487652484379649
semmelbröseln,1,6722,0.0001487652484379649
witterung,1,6722,0.0001487652484379649
margarine,1,6722,0.0001487652484379649
binden,1,6722,0.0001487652484379649
dünstet,1,6722,0.0001487652484379649
meiden,1,6722,0.0001487652484379649
verdünnt,1,6722,0.0001487652484379649
welchen,1,6722,0.0001487652484379649
fehlende,1,6722,0.0001487652484379649
kleines,1,6722,0.0001487652484379649
kochens,1,6722,0.0001487652484379649
schlüpfen,1,6722,0.0001487652484379649
kriegern,1,6722,0.0001487652484379649
abschneiden,1,6722,0.0001487652484379649
ausgestrichene,1,6722,0.0001487652484379649
wirfing,1,6722,0.0001487652484379649
zusammen,1,6722,0.0001487652484379649
hineingegeben,1,6722,0.0001487652484379649
teller,1,6722,0.0001487652484379649
kleeheu,1,6722,0.0001487652484379649
kräftigung,1,6722,0.0001487652484379649
trocken,1,6722,0.0001487652484379649
brüht,1,6722,0.0001487652484379649
5v,1,6722,0.0001487652484379649
vs,1,6722,0.0001487652484379649
umgeben,1,6722,0.0001487652484379649
lvenn,1,6722,0.0001487652484379649
eßlössel,1,6722,0.0001487652484379649
einzurichten,1,6722,0.0001487652484379649
pfg,1,6722,0.0001487652484379649
dachauerstr,1,6722,0.0001487652484379649
nahrungs,1,6722,0.0001487652484379649
geschüttet,1,6722,0.0001487652484379649
beides,1,6722,0.0001487652484379649
unteren,1,6722,0.0001487652484379649
grünzeug,1,6722,0.0001487652484379649
vnttermilchsnppe,1,6722,0.0001487652484379649
kräftigsten,1,6722,0.0001487652484379649
weizenmehl,1,6722,0.0001487652484379649
unnötige,1,6722,0.0001487652484379649
halb,1,6722,0.0001487652484379649
abgezogenes,1,6722,0.0001487652484379649
genen,1,6722,0.0001487652484379649
^pfd,1,6722,0.0001487652484379649
praktisch,1,6722,0.0001487652484379649
dazugeben,1,6722,0.0001487652484379649
siedendem,1,6722,0.0001487652484379649
gntem,1,6722,0.0001487652484379649
entbehren,1,6722,0.0001487652484379649
äpfelu,1,6722,0.0001487652484379649
abschmälzt,1,6722,0.0001487652484379649
kreuz,1,6722,0.0001487652484379649
hausmannskost,1,6722,0.0001487652484379649
wendet,1,6722,0.0001487652484379649
wovon,1,6722,0.0001487652484379649
zwiebelhäute,1,6722,0.0001487652484379649
blattrippen,1,6722,0.0001487652484379649
zergehen,1,6722,0.0001487652484379649
betriebe,1,6722,0.0001487652484379649
gedämpftes,1,6722,0.0001487652484379649
rand,1,6722,0.0001487652484379649
zeitungspapier,1,6722,0.0001487652484379649
brütende,1,6722,0.0001487652484379649
verschließbaren,1,6722,0.0001487652484379649
kmnw,1,6722,0.0001487652484379649
auslegen,1,6722,0.0001487652484379649
gartens,1,6722,0.0001487652484379649
geschnitteneu,1,6722,0.0001487652484379649
zuchtvereine,1,6722,0.0001487652484379649
trögen,1,6722,0.0001487652484379649
seicht,1,6722,0.0001487652484379649
26,1,6722,0.0001487652484379649
reicht,1,6722,0.0001487652484379649
frische,1,6722,0.0001487652484379649
gleichen,1,6722,0.0001487652484379649
guter,1,6722,0.0001487652484379649
neuen,1,6722,0.0001487652484379649
geschabt,1,6722,0.0001487652484379649
hinzu,1,6722,0.0001487652484379649
dick,1,6722,0.0001487652484379649
verkommen,1,6722,0.0001487652484379649
frauen,1,6722,0.0001487652484379649
18,1,6722,0.0001487652484379649
kochsack,1,6722,0.0001487652484379649
lehrerin,1,6722,0.0001487652484379649
2^,1,6722,0.0001487652484379649
getreidebau,1,6722,0.0001487652484379649
ausbacken,1,6722,0.0001487652484379649
stange,1,6722,0.0001487652484379649
dicke,1,6722,0.0001487652484379649
schichten,1,6722,0.0001487652484379649
steigen,1,6722,0.0001487652484379649
bayern,1,6722,0.0001487652484379649
arbeit,1,6722,0.0001487652484379649
topseu,1,6722,0.0001487652484379649
suppenschüssel,1,6722,0.0001487652484379649
hell,1,6722,0.0001487652484379649
2i,1,6722,0.0001487652484379649
stangenbohnen,1,6722,0.0001487652484379649
unterricht,1,6722,0.0001487652484379649
füllt,1,6722,0.0001487652484379649
daten,1,6722,0.0001487652484379649
lauwarmes,1,6722,0.0001487652484379649
bewirtschaf,1,6722,0.0001487652484379649
trockenes,1,6722,0.0001487652484379649
erzeugnisse,1,6722,0.0001487652484379649
weiß,1,6722,0.0001487652484379649
abgeschäumt,1,6722,0.0001487652484379649
körnersntter,1,6722,0.0001487652484379649
selleriekopf,1,6722,0.0001487652484379649
psanne,1,6722,0.0001487652484379649
erspart,1,6722,0.0001487652484379649
heim,1,6722,0.0001487652484379649
verlassen,1,6722,0.0001487652484379649
ausgeschmalzte,1,6722,0.0001487652484379649
tiegels,1,6722,0.0001487652484379649
rund,1,6722,0.0001487652484379649
geflügelbestand,1,6722,0.0001487652484379649
besonderes,1,6722,0.0001487652484379649
knochen,1,6722,0.0001487652484379649
teure,1,6722,0.0001487652484379649
gestellt,1,6722,0.0001487652484379649
maschine,1,6722,0.0001487652484379649
warm,1,6722,0.0001487652484379649
10minuteu,1,6722,0.0001487652484379649
nachdem,1,6722,0.0001487652484379649
ungestört,1,6722,0.0001487652484379649
gemeindeverwaltungen,1,6722,0.0001487652484379649
kochvorschriften,1,6722,0.0001487652484379649
eierschalen,1,6722,0.0001487652484379649
eiern,1,6722,0.0001487652484379649
rungsmittel,1,6722,0.0001487652484379649
verkauf,1,6722,0.0001487652484379649
vou,1,6722,0.0001487652484379649
aufgerollt,1,6722,0.0001487652484379649
produkte,1,6722,0.0001487652484379649
nüttels,1,6722,0.0001487652484379649
schmeckender,1,6722,0.0001487652484379649
reinhalten,1,6722,0.0001487652484379649
verbrannt,1,6722,0.0001487652484379649
anspruchs,1,6722,0.0001487652484379649
wer,1,6722,0.0001487652484379649
vorzüglich,1,6722,0.0001487652484379649
reichen,1,6722,0.0001487652484379649
zuge,1,6722,0.0001487652484379649
hnhn,1,6722,0.0001487652484379649
geteilt,1,6722,0.0001487652484379649
ovale,1,6722,0.0001487652484379649
fütterung,1,6722,0.0001487652484379649
praktische,1,6722,0.0001487652484379649
ausgelassenes,1,6722,0.0001487652484379649
fort,1,6722,0.0001487652484379649
feindlichen,1,6722,0.0001487652484379649
gemengt,1,6722,0.0001487652484379649
schaft,1,6722,0.0001487652484379649
feuer,1,6722,0.0001487652484379649
kartoffelsalat,1,6722,0.0001487652484379649
1v,1,6722,0.0001487652484379649
wigstr,1,6722,0.0001487652484379649
roggenmehlsuppen,1,6722,0.0001487652484379649
schlachthausabsälleu,1,6722,0.0001487652484379649
abgezogen,1,6722,0.0001487652484379649
rupfen,1,6722,0.0001487652484379649
geweicht,1,6722,0.0001487652484379649
zwndelsuppc,1,6722,0.0001487652484379649
mns,1,6722,0.0001487652484379649
mittlerweile,1,6722,0.0001487652484379649
umgegraben,1,6722,0.0001487652484379649
handelt,1,6722,0.0001487652484379649
mäßiger,1,6722,0.0001487652484379649
geputzte,1,6722,0.0001487652484379649
gebräuchliche,1,6722,0.0001487652484379649
wichtigen,1,6722,0.0001487652484379649
ausgewalkt,1,6722,0.0001487652484379649
vderschinkenkniidel,1,6722,0.0001487652484379649
bauernstandes,1,6722,0.0001487652484379649
zerdrücken,1,6722,0.0001487652484379649
scharniere,1,6722,0.0001487652484379649
aufschüttet,1,6722,0.0001487652484379649
abgehäutet,1,6722,0.0001487652484379649
soszfleifch,1,6722,0.0001487652484379649
rascher,1,6722,0.0001487652484379649
festschließenden,1,6722,0.0001487652484379649
gehobelte,1,6722,0.0001487652484379649
13,1,6722,0.0001487652484379649
trinkgefäße,1,6722,0.0001487652484379649
preßt,1,6722,0.0001487652484379649
schnee,1,6722,0.0001487652484379649
wurzeln,1,6722,0.0001487652484379649
entfernt,1,6722,0.0001487652484379649
schrot,1,6722,0.0001487652484379649
arbeitet,1,6722,0.0001487652484379649
unseren,1,6722,0.0001487652484379649
semmelbröckel,1,6722,0.0001487652484379649
eigroß,1,6722,0.0001487652484379649
tragen,1,6722,0.0001487652484379649
zerteilt,1,6722,0.0001487652484379649
bereit,1,6722,0.0001487652484379649
kochlöffel,1,6722,0.0001487652484379649
sobald,1,6722,0.0001487652484379649
frühkartoffeln,1,6722,0.0001487652484379649
kräften,1,6722,0.0001487652484379649
weise,1,6722,0.0001487652484379649
arbeits,1,6722,0.0001487652484379649
jegliche,1,6722,0.0001487652484379649
brennesseln,1,6722,0.0001487652484379649
vorzügliche,1,6722,0.0001487652484379649
kriegskochbüchlew,1,6722,0.0001487652484379649
wirklich,1,6722,0.0001487652484379649
zerlassen,1,6722,0.0001487652484379649
verfüttert,1,6722,0.0001487652484379649
stärke,1,6722,0.0001487652484379649
wanderhaushaltnngsunterricht,1,6722,0.0001487652484379649
papier,1,6722,0.0001487652484379649
kindern,1,6722,0.0001487652484379649
größer,1,6722,0.0001487652484379649
herren,1,6722,0.0001487652484379649
28,1,6722,0.0001487652484379649
trockenheit,1,6722,0.0001487652484379649
zen,1,6722,0.0001487652484379649
zurzeit,1,6722,0.0001487652484379649
or,1,6722,0.0001487652484379649
häugschloß,1,6722,0.0001487652484379649
zuallererst,1,6722,0.0001487652484379649
fährt,1,6722,0.0001487652484379649
sämigen,1,6722,0.0001487652484379649
drehen,1,6722,0.0001487652484379649
ausbreitet,1,6722,0.0001487652484379649
sagvsnppe,1,6722,0.0001487652484379649
früher,1,6722,0.0001487652484379649
nahrungsmittels,1,6722,0.0001487652484379649
brett,1,6722,0.0001487652484379649
gefahr,1,6722,0.0001487652484379649
fleischküchlein,1,6722,0.0001487652484379649
brotwasser,1,6722,0.0001487652484379649
falsch,1,6722,0.0001487652484379649
suppentopf,1,6722,0.0001487652484379649
übriggebliebenen,1,6722,0.0001487652484379649
großgeflügels,1,6722,0.0001487652484379649
fchnittenenen,1,6722,0.0001487652484379649
länger,1,6722,0.0001487652484379649
reitet,1,6722,0.0001487652484379649
mageres,1,6722,0.0001487652484379649
ig,1,6722,0.0001487652484379649
verlässigen,1,6722,0.0001487652484379649
geht,1,6722,0.0001487652484379649
gebraten,1,6722,0.0001487652484379649
kein,1,6722,0.0001487652484379649
teigerl,1,6722,0.0001487652484379649
befestigt,1,6722,0.0001487652484379649
könnten,1,6722,0.0001487652484379649
sauer,1,6722,0.0001487652484379649
fettschicht,1,6722,0.0001487652484379649
rnude,1,6722,0.0001487652484379649
blatteln,1,6722,0.0001487652484379649
kartosfelwafser,1,6722,0.0001487652484379649
vesper,1,6722,0.0001487652484379649
auszunutzen,1,6722,0.0001487652484379649
gehalten,1,6722,0.0001487652484379649
braunes,1,6722,0.0001487652484379649
hunger,1,6722,0.0001487652484379649
gansjung,1,6722,0.0001487652484379649
führt,1,6722,0.0001487652484379649
steckzwiebeln,1,6722,0.0001487652484379649
4mal,1,6722,0.0001487652484379649
herm,1,6722,0.0001487652484379649
pfannkuchenteig,1,6722,0.0001487652484379649
schwarz,1,6722,0.0001487652484379649
landbevölkerung,1,6722,0.0001487652484379649
küchengemüsen,1,6722,0.0001487652484379649
ausgekocht,1,6722,0.0001487652484379649
kochkorb,1,6722,0.0001487652484379649
gabel,1,6722,0.0001487652484379649
herstellung,1,6722,0.0001487652484379649
geschnitzelten,1,6722,0.0001487652484379649
löcher,1,6722,0.0001487652484379649
frühstück,1,6722,0.0001487652484379649
erkennt,1,6722,0.0001487652484379649
ausgefetteter,1,6722,0.0001487652484379649
entwicklung,1,6722,0.0001487652484379649
wurden,1,6722,0.0001487652484379649
ausgefettet,1,6722,0.0001487652484379649
flache,1,6722,0.0001487652484379649
weichfutter,1,6722,0.0001487652484379649
1v21,1,6722,0.0001487652484379649
kalbs,1,6722,0.0001487652484379649
vielfach,1,6722,0.0001487652484379649
landwirtschaftliche,1,6722,0.0001487652484379649
zertreten,1,6722,0.0001487652484379649
einsetzen,1,6722,0.0001487652484379649
holzkiste,1,6722,0.0001487652484379649
leuchtende,1,6722,0.0001487652484379649
oberbahern,1,6722,0.0001487652484379649
gelbliches,1,6722,0.0001487652484379649
längere,1,6722,0.0001487652484379649
seinmelknvdel,1,6722,0.0001487652484379649
aufbewahrung,1,6722,0.0001487652484379649
aberntung,1,6722,0.0001487652484379649
schriften,1,6722,0.0001487652484379649
19,1,6722,0.0001487652484379649
ernte,1,6722,0.0001487652484379649
gereinigt,1,6722,0.0001487652484379649
verrühren,1,6722,0.0001487652484379649
1^2,1,6722,0.0001487652484379649
kräftigen,1,6722,0.0001487652484379649
gewürzte,1,6722,0.0001487652484379649
heraufzubeschwören,1,6722,0.0001487652484379649
linger,1,6722,0.0001487652484379649
gewiß,1,6722,0.0001487652484379649
gefüllter,1,6722,0.0001487652484379649
nah,1,6722,0.0001487652484379649
schmecken,1,6722,0.0001487652484379649
dicken,1,6722,0.0001487652484379649
tapferen,1,6722,0.0001487652484379649
feld,1,6722,0.0001487652484379649
kommt,1,6722,0.0001487652484379649
saures,1,6722,0.0001487652484379649
ten,1,6722,0.0001487652484379649
kleinen,1,6722,0.0001487652484379649
lohnt,1,6722,0.0001487652484379649
nelken,1,6722,0.0001487652484379649
geschickter,1,6722,0.0001487652484379649
flcischrestefichpe,1,6722,0.0001487652484379649
lein,1,6722,0.0001487652484379649
lieben,1,6722,0.0001487652484379649
gestoßener,1,6722,0.0001487652484379649
mifchfettbereitimg,1,6722,0.0001487652484379649
rösten,1,6722,0.0001487652484379649
kochenden,1,6722,0.0001487652484379649
ausgedrückte,1,6722,0.0001487652484379649
audern,1,6722,0.0001487652484379649
spreu,1,6722,0.0001487652484379649
erding,1,6722,0.0001487652484379649
nebeneinander,1,6722,0.0001487652484379649
grummetvorräte,1,6722,0.0001487652484379649
streifen,1,6722,0.0001487652484379649
gebrauch,1,6722,0.0001487652484379649
ausgelegt,1,6722,0.0001487652484379649
zerrieben,1,6722,0.0001487652484379649
zuzusetzen,1,6722,0.0001487652484379649
kleingeschnittenen,1,6722,0.0001487652484379649
hält,1,6722,0.0001487652484379649
stets,1,6722,0.0001487652484379649
gebeiztes,1,6722,0.0001487652484379649
zwudelu,1,6722,0.0001487652484379649
eingemachtes,1,6722,0.0001487652484379649
nächsten,1,6722,0.0001487652484379649
annehmen,1,6722,0.0001487652484379649
körnerfutter,1,6722,0.0001487652484379649
wert,1,6722,0.0001487652484379649
flocken,1,6722,0.0001487652484379649
ausgebrüteten,1,6722,0.0001487652484379649
allem,1,6722,0.0001487652484379649
untereinandergemischt,1,6722,0.0001487652484379649
koteletten,1,6722,0.0001487652484379649
haus,1,6722,0.0001487652484379649
legerinnen,1,6722,0.0001487652484379649
allein,1,6722,0.0001487652484379649
ko,1,6722,0.0001487652484379649
abzuhalten,1,6722,0.0001487652484379649
achten,1,6722,0.0001487652484379649
anwachsende,1,6722,0.0001487652484379649
wichtigsten,1,6722,0.0001487652484379649
zweimal,1,6722,0.0001487652484379649
fettes,1,6722,0.0001487652484379649
bodenausnntzung,1,6722,0.0001487652484379649
nachstehende,1,6722,0.0001487652484379649
grünkernsuppe,1,6722,0.0001487652484379649
brüten,1,6722,0.0001487652484379649
spatzenteig,1,6722,0.0001487652484379649
gelassen,1,6722,0.0001487652484379649
eingerichtet,1,6722,0.0001487652484379649
gilt,1,6722,0.0001487652484379649
wiesensauerampfer,1,6722,0.0001487652484379649
geeignetsten,1,6722,0.0001487652484379649
gebunden,1,6722,0.0001487652484379649
hülsenfrüchte,1,6722,0.0001487652484379649
regens,1,6722,0.0001487652484379649
angebrüht,1,6722,0.0001487652484379649
ziel,1,6722,0.0001487652484379649
gewürzen,1,6722,0.0001487652484379649
lebensmittelnlangel,1,6722,0.0001487652484379649
getrockneter,1,6722,0.0001487652484379649
ans,1,6722,0.0001487652484379649
zehn,1,6722,0.0001487652484379649
pfanne,1,6722,0.0001487652484379649
dazn,1,6722,0.0001487652484379649
flügels,1,6722,0.0001487652484379649
wieder,1,6722,0.0001487652484379649
überbraust,1,6722,0.0001487652484379649
erdkohlrabi,1,6722,0.0001487652484379649
beweisen,1,6722,0.0001487652484379649
gebenden,1,6722,0.0001487652484379649
inländisches,1,6722,0.0001487652484379649
29,1,6722,0.0001487652484379649
vorwort,1,6722,0.0001487652484379649
„zum,1,6722,0.0001487652484379649
gerührt,1,6722,0.0001487652484379649
ratschläge,1,6722,0.0001487652484379649
äußere,1,6722,0.0001487652484379649
feingeschnittene,1,6722,0.0001487652484379649
streue,1,6722,0.0001487652484379649
pfannensauce,1,6722,0.0001487652484379649
bedürfnis,1,6722,0.0001487652484379649
beigeben,1,6722,0.0001487652484379649
ungewöhnlich,1,6722,0.0001487652484379649
mväs,1,6722,0.0001487652484379649
schmackhaften,1,6722,0.0001487652484379649
kochend,1,6722,0.0001487652484379649
schweinebraten,1,6722,0.0001487652484379649
hammelbrühe,1,6722,0.0001487652484379649
auseinanderstehen,1,6722,0.0001487652484379649
überlegter,1,6722,0.0001487652484379649
abgekocht,1,6722,0.0001487652484379649
beiden,1,6722,0.0001487652484379649
wobei,1,6722,0.0001487652484379649
gesalzene,1,6722,0.0001487652484379649
hierüber,1,6722,0.0001487652484379649
mai,1,6722,0.0001487652484379649
qualität,1,6722,0.0001487652484379649
ablaufen,1,6722,0.0001487652484379649
beschaffen,1,6722,0.0001487652484379649
erforderlich,1,6722,0.0001487652484379649
weißem,1,6722,0.0001487652484379649
bayerischen,1,6722,0.0001487652484379649
feingeschnittenes,1,6722,0.0001487652484379649
trocknet,1,6722,0.0001487652484379649
stein,1,6722,0.0001487652484379649
baldige,1,6722,0.0001487652484379649
angerührt,1,6722,0.0001487652484379649
bereitungszeit,1,6722,0.0001487652484379649
ersatzfette,1,6722,0.0001487652484379649
back,1,6722,0.0001487652484379649
eingeteilt,1,6722,0.0001487652484379649
gestückelter,1,6722,0.0001487652484379649
erwünschter,1,6722,0.0001487652484379649
milchviehes,1,6722,0.0001487652484379649
spinatsuppe,1,6722,0.0001487652484379649
ausgebacken,1,6722,0.0001487652484379649
altbackenes,1,6722,0.0001487652484379649
kochtage,1,6722,0.0001487652484379649
suppenfett,1,6722,0.0001487652484379649
weißen,1,6722,0.0001487652484379649
rübeu,1,6722,0.0001487652484379649
kräutl,1,6722,0.0001487652484379649
weidemöglichkeit,1,6722,0.0001487652484379649
besitzt,1,6722,0.0001487652484379649
eingespart,1,6722,0.0001487652484379649
tun,1,6722,0.0001487652484379649
kochtag,1,6722,0.0001487652484379649
andünsten,1,6722,0.0001487652484379649
gehäutet,1,6722,0.0001487652484379649
einkochbüchlein,1,6722,0.0001487652484379649
platz,1,6722,0.0001487652484379649
angerichtet,1,6722,0.0001487652484379649
rohes,1,6722,0.0001487652484379649
durchgekocht,1,6722,0.0001487652484379649
mittags,1,6722,0.0001487652484379649
halbe,1,6722,0.0001487652484379649
haushaltes,1,6722,0.0001487652484379649
meinel,1,6722,0.0001487652484379649
warmen,1,6722,0.0001487652484379649
rasten,1,6722,0.0001487652484379649
<,1,6722,0.0001487652484379649
rücksicht,1,6722,0.0001487652484379649
riebene,1,6722,0.0001487652484379649
verbrechen,1,6722,0.0001487652484379649
kochender,1,6722,0.0001487652484379649
ländl,1,6722,0.0001487652484379649
schlachtet,1,6722,0.0001487652484379649
brat,1,6722,0.0001487652484379649
ablausen,1,6722,0.0001487652484379649
auslauf,1,6722,0.0001487652484379649
pflückerbsenschoten,1,6722,0.0001487652484379649
1vu,1,6722,0.0001487652484379649
geteilte,1,6722,0.0001487652484379649
vergütung,1,6722,0.0001487652484379649
sten,1,6722,0.0001487652484379649
freß,1,6722,0.0001487652484379649
ziehen,1,6722,0.0001487652484379649
mutig,1,6722,0.0001487652484379649
bild,1,6722,0.0001487652484379649
gerstcnsnppe,1,6722,0.0001487652484379649
haferschrotbrei,1,6722,0.0001487652484379649
vereins,1,6722,0.0001487652484379649
niibcn,1,6722,0.0001487652484379649
verantwortung,1,6722,0.0001487652484379649
viehstandes,1,6722,0.0001487652484379649
ehrfurcht,1,6722,0.0001487652484379649
endivieu,1,6722,0.0001487652484379649
gemüseblätter,1,6722,0.0001487652484379649
braune,1,6722,0.0001487652484379649
zwischenraum,1,6722,0.0001487652484379649
schuleu,1,6722,0.0001487652484379649
prinz,1,6722,0.0001487652484379649
kvm,1,6722,0.0001487652484379649
v,1,6722,0.0001487652484379649
vormittage,1,6722,0.0001487652484379649
herum,1,6722,0.0001487652484379649
kohlarten,1,6722,0.0001487652484379649
hühner,1,6722,0.0001487652484379649
heuer,1,6722,0.0001487652484379649
nieder,1,6722,0.0001487652484379649
zerkleinert,1,6722,0.0001487652484379649
stückchen,1,6722,0.0001487652484379649
person,1,6722,0.0001487652484379649
uur,1,6722,0.0001487652484379649
samengeschäft,1,6722,0.0001487652484379649
gerstenschrot,1,6722,0.0001487652484379649
brotreste,1,6722,0.0001487652484379649
leichten,1,6722,0.0001487652484379649
vollständig,1,6722,0.0001487652484379649
worden,1,6722,0.0001487652484379649
zentraldarlehenskasse,1,6722,0.0001487652484379649
einmach,1,6722,0.0001487652484379649
rohen,1,6722,0.0001487652484379649
schlechten,1,6722,0.0001487652484379649
niemand,1,6722,0.0001487652484379649
durchleuchten,1,6722,0.0001487652484379649
gelb,1,6722,0.0001487652484379649
sache,1,6722,0.0001487652484379649
klima,1,6722,0.0001487652484379649
masse,1,6722,0.0001487652484379649
schweine,1,6722,0.0001487652484379649
gesammelt,1,6722,0.0001487652484379649
essentragen,1,6722,0.0001487652484379649
entbehrungen,1,6722,0.0001487652484379649
frühkaffee,1,6722,0.0001487652484379649
ansatz,1,6722,0.0001487652484379649
herausbacken,1,6722,0.0001487652484379649
achtlos,1,6722,0.0001487652484379649
streuen,1,6722,0.0001487652484379649
aufgibt,1,6722,0.0001487652484379649
massen,1,6722,0.0001487652484379649
scharrend,1,6722,0.0001487652484379649
einrichtung,1,6722,0.0001487652484379649
kartoffclgemiise,1,6722,0.0001487652484379649
monate,1,6722,0.0001487652484379649
vorgenommen,1,6722,0.0001487652484379649
kneten,1,6722,0.0001487652484379649
nudelsuppe,1,6722,0.0001487652484379649
rübenarten,1,6722,0.0001487652484379649
zusatz,1,6722,0.0001487652484379649
kriegskurseu,1,6722,0.0001487652484379649
abrühren,1,6722,0.0001487652484379649
suchen,1,6722,0.0001487652484379649
einpökeln,1,6722,0.0001487652484379649
eies,1,6722,0.0001487652484379649
?,1,6722,0.0001487652484379649
