ngram,count,total_words,frequency
0,490,12044,0.04068415808701428
und,458,12044,0.03802723347725008
1,298,12044,0.024742610428429093
die,277,12044,0.022999003653271337
mit,271,12044,0.02250083028894055
in,231,12044,0.019179674526735305
man,185,12044,0.015360345400199269
der,163,12044,0.013533709730986384
mark,153,12044,0.012703420790435072
wasser,138,12044,0.011457987379608103
2,137,12044,0.011374958485552972
wird,135,12044,0.01120890069744271
das,133,12044,0.011042842909332449
salz,130,12044,0.010793756227167054
werden,127,12044,0.010544669545001661
kartoffeln,122,12044,0.010129525074726005
g,99,12044,0.008219860511457988
pfd,96,12044,0.007970773829292593
„,93,12044,0.007721687147127201
dann,83,12044,0.006891398206575888
oder,78,12044,0.006476253736300232
eßlöffel,77,12044,0.006393224842245101
den,73,12044,0.006061109266024577
zwiebel,68,12044,0.005645964795748921
mehl,67,12044,0.00556293590169379
3,66,12044,0.005479907007638658
sie,63,12044,0.005230820325473264
dem,60,12044,0.004981733643307871
fett,58,12044,0.004815675855197609
zu,56,12044,0.004649618067087346
etwas,55,12044,0.0045665891730322155
läßt,55,12044,0.0045665891730322155
eine,53,12044,0.004400531384921953
00,52,12044,0.004317502490866822
10,52,12044,0.004317502490866822
von,52,12044,0.004317502490866822
gekocht,51,12044,0.00423447359681169
gibt,48,12044,0.003985386914646297
pfeffer,48,12044,0.003985386914646297
gut,47,12044,0.003902358020591166
ein,44,12044,0.0036532713384257723
milch,42,12044,0.0034872135503155096
zucker,42,12044,0.0034872135503155096
suppe,41,12044,0.0034041846562603787
4,40,12044,0.0033211557622052474
12,38,12044,0.003155097974094985
20,37,12044,0.003072069080039854
auf,37,12044,0.003072069080039854
geschnitten,36,12044,0.0029890401859847225
05,36,12044,0.0029890401859847225
einem,36,12044,0.0029890401859847225
kochen,35,12044,0.0029060112919295916
aus,35,12044,0.0029060112919295916
es,35,12044,0.0029060112919295916
03,35,12044,0.0029060112919295916
y2,34,12044,0.0028229823978744603
margarine,34,12044,0.0028229823978744603
ist,33,12044,0.002739953503819329
50,32,12044,0.002656924609764198
auch,32,12044,0.002656924609764198
zum,32,12044,0.002656924609764198
60,31,12044,0.0025738957157090668
ei,31,12044,0.0025738957157090668
30,30,12044,0.0024908668216539354
seefisch,29,12044,0.0024078379275988045
so,29,12044,0.0024078379275988045
noch,28,12044,0.002324809033543673
hinzu,28,12044,0.002324809033543673
fleisch,28,12044,0.002324809033543673
butter,27,12044,0.002241780139488542
für,27,12044,0.002241780139488542
durch,26,12044,0.002158751245433411
kann,26,12044,0.002158751245433411
tunke,26,12044,0.002158751245433411
essig,25,12044,0.0020757223513782797
nach,25,12044,0.0020757223513782797
an,25,12044,0.0020757223513782797
semmel,25,12044,0.0020757223513782797
palmin,25,12044,0.0020757223513782797
5,25,12044,0.0020757223513782797
mischmehl,25,12044,0.0020757223513782797
des,24,12044,0.0019926934573231483
teelöffel,24,12044,0.0019926934573231483
01,24,12044,0.0019926934573231483
15,24,12044,0.0019926934573231483
minuten,23,12044,0.0019096645632680172
25,23,12044,0.0019096645632680172
02,23,12044,0.0019096645632680172
6,23,12044,0.0019096645632680172
bis,22,12044,0.0018266356692128861
hinein,22,12044,0.0018266356692128861
weich,21,12044,0.0017436067751577548
24,21,12044,0.0017436067751577548
schale,21,12044,0.0017436067751577548
40,20,12044,0.0016605778811026237
würfel,20,12044,0.0016605778811026237
diese,20,12044,0.0016605778811026237
ab,20,12044,0.0016605778811026237
grüne,20,12044,0.0016605778811026237
klöße,20,12044,0.0016605778811026237
gar,20,12044,0.0016605778811026237
petersilie,20,12044,0.0016605778811026237
einer,19,12044,0.0015775489870474926
gericht,19,12044,0.0015775489870474926
stunden,19,12044,0.0015775489870474926
fein,19,12044,0.0015775489870474926
nicht,19,12044,0.0015775489870474926
22,19,12044,0.0015775489870474926
gießt,18,12044,0.0014945200929923613
brühe,18,12044,0.0014945200929923613
löffel,18,12044,0.0014945200929923613
dazu,18,12044,0.0014945200929923613
einbrenne,18,12044,0.0014945200929923613
geschnittene,18,12044,0.0014945200929923613
heringe,18,12044,0.0014945200929923613
ge,18,12044,0.0014945200929923613
14,18,12044,0.0014945200929923613
stunde,17,12044,0.0014114911989372301
8,17,12044,0.0014114911989372301
nun,17,12044,0.0014114911989372301
geriebene,17,12044,0.0014114911989372301
topf,17,12044,0.0014114911989372301
35,16,12044,0.001328462304882099
scheiben,16,12044,0.001328462304882099
kaltem,16,12044,0.001328462304882099
apfelsinen,16,12044,0.001328462304882099
im,16,12044,0.001328462304882099
zur,16,12044,0.001328462304882099
magermilch,16,12044,0.001328462304882099
gekochten,16,12044,0.001328462304882099
gemüse,15,12044,0.0012454334108269677
als,15,12044,0.0012454334108269677
kleine,15,12044,0.0012454334108269677
darüber,15,12044,0.0012454334108269677
mohrrüben,15,12044,0.0012454334108269677
stückchen,15,12044,0.0012454334108269677
sich,15,12044,0.0012454334108269677
unter,15,12044,0.0012454334108269677
grieß,15,12044,0.0012454334108269677
muß,15,12044,0.0012454334108269677
08,15,12044,0.0012454334108269677
speck,15,12044,0.0012454334108269677
fisch,14,12044,0.0011624045167718366
sehr,14,12044,0.0011624045167718366
recht,14,12044,0.0011624045167718366
prise,14,12044,0.0011624045167718366
16,14,12044,0.0011624045167718366
06,13,12044,0.0010793756227167055
daß,13,12044,0.0010793756227167055
langsam,13,12044,0.0010793756227167055
damit,13,12044,0.0010793756227167055
dieser,13,12044,0.0010793756227167055
grundtunke,13,12044,0.0010793756227167055
gewaschen,13,12044,0.0010793756227167055
geschält,13,12044,0.0010793756227167055
kocht,13,12044,0.0010793756227167055
er,13,12044,0.0010793756227167055
kochkiste,13,12044,0.0010793756227167055
11,13,12044,0.0010793756227167055
kümmel,13,12044,0.0010793756227167055
gehackte,12,12044,0.0009963467286615742
gemacht,12,12044,0.0009963467286615742
zwiebeln,12,12044,0.0009963467286615742
pfund,12,12044,0.0009963467286615742
80,12,12044,0.0009963467286615742
sind,12,12044,0.0009963467286615742
saure,12,12044,0.0009963467286615742
18,12,12044,0.0009963467286615742
cm,12,12044,0.0009963467286615742
schüttet,12,12044,0.0009963467286615742
sahne,12,12044,0.0009963467286615742
04,12,12044,0.0009963467286615742
100,12,12044,0.0009963467286615742
stücke,12,12044,0.0009963467286615742
alles,11,12044,0.0009133178346064431
graupe,11,12044,0.0009133178346064431
ganz,11,12044,0.0009133178346064431
schmeckt,11,12044,0.0009133178346064431
31,11,12044,0.0009133178346064431
gelegt,11,12044,0.0009133178346064431
braun,11,12044,0.0009133178346064431
maggi,11,12044,0.0009133178346064431
33,10,12044,0.0008302889405513118
einen,10,12044,0.0008302889405513118
kartoffelmehl,10,12044,0.0008302889405513118
13,10,12044,0.0008302889405513118
abgeschmeckt,10,12044,0.0008302889405513118
i,10,12044,0.0008302889405513118
masse,10,12044,0.0008302889405513118
räucherspeck,10,12044,0.0008302889405513118
vermischt,10,12044,0.0008302889405513118
wurzelzeug,10,12044,0.0008302889405513118
bei,10,12044,0.0008302889405513118
19,10,12044,0.0008302889405513118
36,10,12044,0.0008302889405513118
liter,10,12044,0.0008302889405513118
27,10,12044,0.0008302889405513118
schüssel,10,12044,0.0008302889405513118
müssen,10,12044,0.0008302889405513118
zitronenschale,10,12044,0.0008302889405513118
kartoffelsuppe,10,12044,0.0008302889405513118
reis,10,12044,0.0008302889405513118
würzt,9,12044,0.0007472600464961806
grünzeug,9,12044,0.0007472600464961806
über,9,12044,0.0007472600464961806
ganze,9,12044,0.0007472600464961806
29,9,12044,0.0007472600464961806
darunter,9,12044,0.0007472600464961806
darauf,9,12044,0.0007472600464961806
marmelade,9,12044,0.0007472600464961806
setzt,9,12044,0.0007472600464961806
geriebener,9,12044,0.0007472600464961806
gegeben,9,12044,0.0007472600464961806
23,9,12044,0.0007472600464961806
geröstet,9,12044,0.0007472600464961806
stellt,9,12044,0.0007472600464961806
•,9,12044,0.0007472600464961806
lange,9,12044,0.0007472600464961806
lang,9,12044,0.0007472600464961806
kochendes,9,12044,0.0007472600464961806
vi,8,12044,0.0006642311524410495
07,8,12044,0.0006642311524410495
streifen,8,12044,0.0006642311524410495
große,8,12044,0.0006642311524410495
vom,8,12044,0.0006642311524410495
sieb,8,12044,0.0006642311524410495
tasse,8,12044,0.0006642311524410495
zubereitung,8,12044,0.0006642311524410495
17,8,12044,0.0006642311524410495
zitronensaft,8,12044,0.0006642311524410495
zuletzt,8,12044,0.0006642311524410495
schneidet,8,12044,0.0006642311524410495
wie,8,12044,0.0006642311524410495
tage,8,12044,0.0006642311524410495
macht,8,12044,0.0006642311524410495
kraut,8,12044,0.0006642311524410495
28,8,12044,0.0006642311524410495
32,8,12044,0.0006642311524410495
heißem,8,12044,0.0006642311524410495
kochendem,8,12044,0.0006642311524410495
26,8,12044,0.0006642311524410495
buttermilch,8,12044,0.0006642311524410495
zeit,8,12044,0.0006642311524410495
haut,7,12044,0.0005812022583859183
nur,7,12044,0.0005812022583859183
pilze,7,12044,0.0005812022583859183
seiten,7,12044,0.0005812022583859183
her,7,12044,0.0005812022583859183
kiste,7,12044,0.0005812022583859183
ihn,7,12044,0.0005812022583859183
worden,7,12044,0.0005812022583859183
hering,7,12044,0.0005812022583859183
zitronen,7,12044,0.0005812022583859183
70,7,12044,0.0005812022583859183
salzwasser,7,12044,0.0005812022583859183
semmelwürfel,7,12044,0.0005812022583859183
ungefähr,7,12044,0.0005812022583859183
mostrich,7,12044,0.0005812022583859183
lorbeerblatt,7,12044,0.0005812022583859183
kattowitz,7,12044,0.0005812022583859183
wenn,7,12044,0.0005812022583859183
andere,7,12044,0.0005812022583859183
aber,7,12044,0.0005812022583859183
gestrichen,7,12044,0.0005812022583859183
weiße,7,12044,0.0005812022583859183
fügt,7,12044,0.0005812022583859183
geschnittenen,7,12044,0.0005812022583859183
rindfleisch,7,12044,0.0005812022583859183
art,7,12044,0.0005812022583859183
teig,7,12044,0.0005812022583859183
65,7,12044,0.0005812022583859183
gewürz,7,12044,0.0005812022583859183
helle,7,12044,0.0005812022583859183
stehen,7,12044,0.0005812022583859183
rührt,7,12044,0.0005812022583859183
zugesetzt,7,12044,0.0005812022583859183
21,7,12044,0.0005812022583859183
gekochte,7,12044,0.0005812022583859183
v,6,12044,0.0004981733643307871
einmal,6,12044,0.0004981733643307871
sein,6,12044,0.0004981733643307871
boden,6,12044,0.0004981733643307871
muskatnuß,6,12044,0.0004981733643307871
makkaroni,6,12044,0.0004981733643307871
geschmack,6,12044,0.0004981733643307871
stück,6,12044,0.0004981733643307871
darin,6,12044,0.0004981733643307871
ebenso,6,12044,0.0004981733643307871
flacki,6,12044,0.0004981733643307871
braune,6,12044,0.0004981733643307871
sauerkraut,6,12044,0.0004981733643307871
am,6,12044,0.0004981733643307871
ablöscht,6,12044,0.0004981733643307871
suppen,6,12044,0.0004981733643307871
kleiner,6,12044,0.0004981733643307871
>,6,12044,0.0004981733643307871
dünne,6,12044,0.0004981733643307871
34,6,12044,0.0004981733643307871
hat,6,12044,0.0004981733643307871
aufkochen,6,12044,0.0004981733643307871
brei,6,12044,0.0004981733643307871
tunken,6,12044,0.0004981733643307871
zugedeckt,6,12044,0.0004981733643307871
aepfel,6,12044,0.0004981733643307871
käse,6,12044,0.0004981733643307871
51,6,12044,0.0004981733643307871
fischbrötchen,6,12044,0.0004981733643307871
nochmals,6,12044,0.0004981733643307871
soviel,6,12044,0.0004981733643307871
salat,6,12044,0.0004981733643307871
klippfisch,6,12044,0.0004981733643307871
verwenden,6,12044,0.0004981733643307871
legt,6,12044,0.0004981733643307871
aufgekocht,6,12044,0.0004981733643307871
formt,6,12044,0.0004981733643307871
gegossen,6,12044,0.0004981733643307871
seefische,6,12044,0.0004981733643307871
geriebenen,5,12044,0.0004151444702756559
beiden,5,12044,0.0004151444702756559
pfefferkörner,5,12044,0.0004151444702756559
kochende,5,12044,0.0004151444702756559
37,5,12044,0.0004151444702756559
kochbuch,5,12044,0.0004151444702756559
richtet,5,12044,0.0004151444702756559
brötchen,5,12044,0.0004151444702756559
welschkohl,5,12044,0.0004151444702756559
weißkohl,5,12044,0.0004151444702756559
kalbskopf,5,12044,0.0004151444702756559
heraus,5,12044,0.0004151444702756559
gelbe,5,12044,0.0004151444702756559
semmelbrösel,5,12044,0.0004151444702756559
haferflocken,5,12044,0.0004151444702756559
getrieben,5,12044,0.0004151444702756559
tassen,5,12044,0.0004151444702756559
umrühren,5,12044,0.0004151444702756559
mischt,5,12044,0.0004151444702756559
stoff,5,12044,0.0004151444702756559
innen,5,12044,0.0004151444702756559
gerieben,5,12044,0.0004151444702756559
zeitungspapier,5,12044,0.0004151444702756559
besonders,5,12044,0.0004151444702756559
gebraten,5,12044,0.0004151444702756559
gebracht,5,12044,0.0004151444702756559
siwinna,5,12044,0.0004151444702756559
gebacken,5,12044,0.0004151444702756559
gestellt,5,12044,0.0004151444702756559
rinderherz,5,12044,0.0004151444702756559
zimt,5,12044,0.0004151444702756559
v2,5,12044,0.0004151444702756559
seite,5,12044,0.0004151444702756559
y,5,12044,0.0004151444702756559
gerösteten,5,12044,0.0004151444702756559
sellerie,5,12044,0.0004151444702756559
66,5,12044,0.0004151444702756559
kapern,5,12044,0.0004151444702756559
einige,5,12044,0.0004151444702756559
dicke,5,12044,0.0004151444702756559
kartoffelklöße,5,12044,0.0004151444702756559
bereitet,5,12044,0.0004151444702756559
porree,5,12044,0.0004151444702756559
verrührt,5,12044,0.0004151444702756559
semmelwürfeln,5,12044,0.0004151444702756559
brot,5,12044,0.0004151444702756559
nimmt,5,12044,0.0004151444702756559
ausgebraten,5,12044,0.0004151444702756559
gemahlen,5,12044,0.0004151444702756559
um,5,12044,0.0004151444702756559
bestreut,5,12044,0.0004151444702756559
backpulver,5,12044,0.0004151444702756559
stadt,5,12044,0.0004151444702756559
klein,5,12044,0.0004151444702756559
hellen,5,12044,0.0004151444702756559
gewässert,5,12044,0.0004151444702756559
löscht,5,12044,0.0004151444702756559
uns,5,12044,0.0004151444702756559
leberbrötchen,5,12044,0.0004151444702756559
da,5,12044,0.0004151444702756559
stockfisch,5,12044,0.0004151444702756559
rindsleber,5,12044,0.0004151444702756559
kommt,5,12044,0.0004151444702756559
früchte,4,12044,0.00033211557622052476
55,4,12044,0.00033211557622052476
entsteht,4,12044,0.00033211557622052476
schmecken,4,12044,0.00033211557622052476
erzählung,4,12044,0.00033211557622052476
fest,4,12044,0.00033211557622052476
nötigen,4,12044,0.00033211557622052476
ohne,4,12044,0.00033211557622052476
unsere,4,12044,0.00033211557622052476
graupenbrei,4,12044,0.00033211557622052476
tisch,4,12044,0.00033211557622052476
entgrätet,4,12044,0.00033211557622052476
gewürzkörner,4,12044,0.00033211557622052476
süße,4,12044,0.00033211557622052476
haben,4,12044,0.00033211557622052476
eier,4,12044,0.00033211557622052476
alte,4,12044,0.00033211557622052476
pökelfleisch,4,12044,0.00033211557622052476
durchkochen,4,12044,0.00033211557622052476
pilztunke,4,12044,0.00033211557622052476
kartoffelsalat,4,12044,0.00033211557622052476
zwiebeltunke,4,12044,0.00033211557622052476
kopf,4,12044,0.00033211557622052476
messer,4,12044,0.00033211557622052476
47,4,12044,0.00033211557622052476
kissen,4,12044,0.00033211557622052476
rohen,4,12044,0.00033211557622052476
hergestellt,4,12044,0.00033211557622052476
verquirlte,4,12044,0.00033211557622052476
kleinen,4,12044,0.00033211557622052476
holzwolle,4,12044,0.00033211557622052476
vor,4,12044,0.00033211557622052476
aufgesetzt,4,12044,0.00033211557622052476
43,4,12044,0.00033211557622052476
saft,4,12044,0.00033211557622052476
zeug,4,12044,0.00033211557622052476
45,4,12044,0.00033211557622052476
graupen,4,12044,0.00033211557622052476
vs,4,12044,0.00033211557622052476
inh,4,12044,0.00033211557622052476
iy2,4,12044,0.00033211557622052476
starken,4,12044,0.00033211557622052476
deutschen,4,12044,0.00033211557622052476
diesem,4,12044,0.00033211557622052476
kalbfleisch,4,12044,0.00033211557622052476
gewürzt,4,12044,0.00033211557622052476
sollte,4,12044,0.00033211557622052476
rüben,4,12044,0.00033211557622052476
rind,4,12044,0.00033211557622052476
kochbeutel,4,12044,0.00033211557622052476
09,4,12044,0.00033211557622052476
öfterem,4,12044,0.00033211557622052476
längere,4,12044,0.00033211557622052476
phönix,4,12044,0.00033211557622052476
79,4,12044,0.00033211557622052476
52,4,12044,0.00033211557622052476
dünn,4,12044,0.00033211557622052476
schnell,4,12044,0.00033211557622052476
allen,4,12044,0.00033211557622052476
wir,4,12044,0.00033211557622052476
mal,4,12044,0.00033211557622052476
l,4,12044,0.00033211557622052476
verkocht,4,12044,0.00033211557622052476
preis,4,12044,0.00033211557622052476
berlin,4,12044,0.00033211557622052476
abge,4,12044,0.00033211557622052476
brät,4,12044,0.00033211557622052476
75,4,12044,0.00033211557622052476
übergössen,4,12044,0.00033211557622052476
genommen,4,12044,0.00033211557622052476
weißkraut,4,12044,0.00033211557622052476
bäckt,4,12044,0.00033211557622052476
sonst,4,12044,0.00033211557622052476
gefülltes,4,12044,0.00033211557622052476
alle,4,12044,0.00033211557622052476
carl,4,12044,0.00033211557622052476
füllung,4,12044,0.00033211557622052476
jeder,4,12044,0.00033211557622052476
54,4,12044,0.00033211557622052476
zubereitet,4,12044,0.00033211557622052476
rand,4,12044,0.00033211557622052476
ii,4,12044,0.00033211557622052476
braten,4,12044,0.00033211557622052476
ebenfalls,4,12044,0.00033211557622052476
7,4,12044,0.00033211557622052476
heringskartoffeln,4,12044,0.00033211557622052476
48,4,12044,0.00033211557622052476
herausgenommen,4,12044,0.00033211557622052476
runde,4,12044,0.00033211557622052476
verwendet,4,12044,0.00033211557622052476
tropfen,4,12044,0.00033211557622052476
backen,4,12044,0.00033211557622052476
schön,4,12044,0.00033211557622052476
120,4,12044,0.00033211557622052476
schweinebauch,4,12044,0.00033211557622052476
apfelsinenmarmelade,4,12044,0.00033211557622052476
ent,4,12044,0.00033211557622052476
9,4,12044,0.00033211557622052476
weißkäse,4,12044,0.00033211557622052476
grundtunken,4,12044,0.00033211557622052476
schweinefleisch,4,12044,0.00033211557622052476
nährhefe,4,12044,0.00033211557622052476
form,4,12044,0.00033211557622052476
gelinge,4,12044,0.00033211557622052476
vorzüglich,3,12044,0.00024908668216539354
schwarten,3,12044,0.00024908668216539354
knochen,3,12044,0.00024908668216539354
hälfte,3,12044,0.00024908668216539354
hineingetan,3,12044,0.00024908668216539354
49,3,12044,0.00024908668216539354
krieges,3,12044,0.00024908668216539354
71,3,12044,0.00024908668216539354
derben,3,12044,0.00024908668216539354
90,3,12044,0.00024908668216539354
kabeljau,3,12044,0.00024908668216539354
58,3,12044,0.00024908668216539354
44,3,12044,0.00024908668216539354
mager,3,12044,0.00024908668216539354
x,3,12044,0.00024908668216539354
gebrüht,3,12044,0.00024908668216539354
getan,3,12044,0.00024908668216539354
wurzel,3,12044,0.00024908668216539354
einlage,3,12044,0.00024908668216539354
speckschwarten,3,12044,0.00024908668216539354
soll,3,12044,0.00024908668216539354
statt,3,12044,0.00024908668216539354
petersilientunke,3,12044,0.00024908668216539354
buches,3,12044,0.00024908668216539354
wiener,3,12044,0.00024908668216539354
erdrüben,3,12044,0.00024908668216539354
gelb,3,12044,0.00024908668216539354
denn,3,12044,0.00024908668216539354
lage,3,12044,0.00024908668216539354
alsdann,3,12044,0.00024908668216539354
breslau,3,12044,0.00024908668216539354
schält,3,12044,0.00024908668216539354
welche,3,12044,0.00024908668216539354
blätter,3,12044,0.00024908668216539354
gemüsesalat,3,12044,0.00024908668216539354
150,3,12044,0.00024908668216539354
bekleidet,3,12044,0.00024908668216539354
können,3,12044,0.00024908668216539354
76,3,12044,0.00024908668216539354
reicht,3,12044,0.00024908668216539354
b,3,12044,0.00024908668216539354
nudeln,3,12044,0.00024908668216539354
grün,3,12044,0.00024908668216539354
quirlt,3,12044,0.00024908668216539354
sauber,3,12044,0.00024908668216539354
antwerpen,3,12044,0.00024908668216539354
y4,3,12044,0.00024908668216539354
töpfe,3,12044,0.00024908668216539354
fischfleisch,3,12044,0.00024908668216539354
jede,3,12044,0.00024908668216539354
abgezogen,3,12044,0.00024908668216539354
fernt,3,12044,0.00024908668216539354
kohl,3,12044,0.00024908668216539354
vollmilch,3,12044,0.00024908668216539354
verfasser,3,12044,0.00024908668216539354
nachdem,3,12044,0.00024908668216539354
daraus,3,12044,0.00024908668216539354
gemahlene,3,12044,0.00024908668216539354
geformt,3,12044,0.00024908668216539354
wurst,3,12044,0.00024908668216539354
verschiedenen,3,12044,0.00024908668216539354
angesetzt,3,12044,0.00024908668216539354
speisen,3,12044,0.00024908668216539354
erbsensuppe,3,12044,0.00024908668216539354
gemischt,3,12044,0.00024908668216539354
wehr,3,12044,0.00024908668216539354
jeden,3,12044,0.00024908668216539354
gequirlt,3,12044,0.00024908668216539354
sorgfältig,3,12044,0.00024908668216539354
blut,3,12044,0.00024908668216539354
erst,3,12044,0.00024908668216539354
geräucherter,3,12044,0.00024908668216539354
pfanne,3,12044,0.00024908668216539354
blumenkohl,3,12044,0.00024908668216539354
frischem,3,12044,0.00024908668216539354
außen,3,12044,0.00024908668216539354
mus,3,12044,0.00024908668216539354
sämig,3,12044,0.00024908668216539354
salzheringe,3,12044,0.00024908668216539354
bleibt,3,12044,0.00024908668216539354
wenig,3,12044,0.00024908668216539354
63,3,12044,0.00024908668216539354
gulasch,3,12044,0.00024908668216539354
kochzeit,3,12044,0.00024908668216539354
vegetabilisches,3,12044,0.00024908668216539354
aprikosen,3,12044,0.00024908668216539354
gewürzkörnern,3,12044,0.00024908668216539354
ziehen,3,12044,0.00024908668216539354
hellbraun,3,12044,0.00024908668216539354
eierkuchen,3,12044,0.00024908668216539354
78,3,12044,0.00024908668216539354
o,3,12044,0.00024908668216539354
pilzsuppe,3,12044,0.00024908668216539354
125,3,12044,0.00024908668216539354
abgeschält,3,12044,0.00024908668216539354
"""",3,12044,0.00024908668216539354
vorbereiteten,3,12044,0.00024908668216539354
abgelöscht,3,12044,0.00024908668216539354
62,3,12044,0.00024908668216539354
pfefferkörnern,3,12044,0.00024908668216539354
einzelnen,3,12044,0.00024908668216539354
erbsen,3,12044,0.00024908668216539354
unserer,3,12044,0.00024908668216539354
gebunden,3,12044,0.00024908668216539354
krautblätter,3,12044,0.00024908668216539354
teige,3,12044,0.00024908668216539354
buch,3,12044,0.00024908668216539354
t,3,12044,0.00024908668216539354
56,3,12044,0.00024908668216539354
74,3,12044,0.00024908668216539354
teile,3,12044,0.00024908668216539354
bildet,3,12044,0.00024908668216539354
verkochen,3,12044,0.00024908668216539354
kochenden,3,12044,0.00024908668216539354
suppengrün,3,12044,0.00024908668216539354
mitkochen,3,12044,0.00024908668216539354
mehr,3,12044,0.00024908668216539354
wurden,3,12044,0.00024908668216539354
bouillonwürfel,3,12044,0.00024908668216539354
dünsten,3,12044,0.00024908668216539354
schinken,3,12044,0.00024908668216539354
besser,3,12044,0.00024908668216539354
haushalt,3,12044,0.00024908668216539354
42,3,12044,0.00024908668216539354
77,3,12044,0.00024908668216539354
38,3,12044,0.00024908668216539354
eigelb,3,12044,0.00024908668216539354
bestreuen,3,12044,0.00024908668216539354
pr,3,12044,0.00024908668216539354
bogen,3,12044,0.00024908668216539354
gute,3,12044,0.00024908668216539354
waschen,3,12044,0.00024908668216539354
frische,3,12044,0.00024908668216539354
gegessen,3,12044,0.00024908668216539354
zerlassene,3,12044,0.00024908668216539354
gurkentunke,3,12044,0.00024908668216539354
teil,3,12044,0.00024908668216539354
dieselbe,3,12044,0.00024908668216539354
feingeschnittene,3,12044,0.00024908668216539354
röstet,3,12044,0.00024908668216539354
zusammen,3,12044,0.00024908668216539354
57,3,12044,0.00024908668216539354
mk,3,12044,0.00024908668216539354
eignet,3,12044,0.00024908668216539354
hinzugefügt,3,12044,0.00024908668216539354
herausgegeben,3,12044,0.00024908668216539354
barchent,3,12044,0.00024908668216539354
dieses,3,12044,0.00024908668216539354
min,3,12044,0.00024908668216539354
machen,3,12044,0.00024908668216539354
glatt,3,12044,0.00024908668216539354
67,3,12044,0.00024908668216539354
bohnen,3,12044,0.00024908668216539354
beständigem,3,12044,0.00024908668216539354
46,3,12044,0.00024908668216539354
schmoren,3,12044,0.00024908668216539354
klümpchen,3,12044,0.00024908668216539354
geklopft,3,12044,0.00024908668216539354
fleischgerichte,3,12044,0.00024908668216539354
darf,3,12044,0.00024908668216539354
geschüttet,3,12044,0.00024908668216539354
deckel,3,12044,0.00024908668216539354
meerrettich,3,12044,0.00024908668216539354
salzhering,3,12044,0.00024908668216539354
pflaumenmustunke,3,12044,0.00024908668216539354
59,3,12044,0.00024908668216539354
kurz,3,12044,0.00024908668216539354
mostrichtunke,3,12044,0.00024908668216539354
kleines,3,12044,0.00024908668216539354
leicht,3,12044,0.00024908668216539354
68,2,12044,0.00016605778811026238
suppenwasser,2,12044,0.00016605778811026238
hineingegeben,2,12044,0.00016605778811026238
aprikosenmarmelade,2,12044,0.00016605778811026238
kalk,2,12044,0.00016605778811026238
falten,2,12044,0.00016605778811026238
wäscht,2,12044,0.00016605778811026238
zerfallen,2,12044,0.00016605778811026238
kreis,2,12044,0.00016605778811026238
durchgeseiht,2,12044,0.00016605778811026238
achten,2,12044,0.00016605778811026238
heringshäckerle,2,12044,0.00016605778811026238
allein,2,12044,0.00016605778811026238
stiel,2,12044,0.00016605778811026238
sondern,2,12044,0.00016605778811026238
großen,2,12044,0.00016605778811026238
reibeisen,2,12044,0.00016605778811026238
kriegskochkurse,2,12044,0.00016605778811026238
küche,2,12044,0.00016605778811026238
beim,2,12044,0.00016605778811026238
topfwurst,2,12044,0.00016605778811026238
rücken,2,12044,0.00016605778811026238
semmeln,2,12044,0.00016605778811026238
roh,2,12044,0.00016605778811026238
pflaumenmus,2,12044,0.00016605778811026238
senfgurken,2,12044,0.00016605778811026238
kriegsernährung,2,12044,0.00016605778811026238
eingebrannte,2,12044,0.00016605778811026238
a,2,12044,0.00016605778811026238
dazugegeben,2,12044,0.00016605778811026238
liegt,2,12044,0.00016605778811026238
kalbsknochen,2,12044,0.00016605778811026238
^,2,12044,0.00016605778811026238
hafergrütze,2,12044,0.00016605778811026238
hohen,2,12044,0.00016605778811026238
verlage,2,12044,0.00016605778811026238
insbesondere,2,12044,0.00016605778811026238
eingebranntem,2,12044,0.00016605778811026238
erkaltet,2,12044,0.00016605778811026238
topfe,2,12044,0.00016605778811026238
starke,2,12044,0.00016605778811026238
mohrrübenmarmelade,2,12044,0.00016605778811026238
eignen,2,12044,0.00016605778811026238
fleischklopse,2,12044,0.00016605778811026238
gelingemus,2,12044,0.00016605778811026238
mandeln,2,12044,0.00016605778811026238
vorbereitung,2,12044,0.00016605778811026238
usw,2,12044,0.00016605778811026238
mehlschwitze,2,12044,0.00016605778811026238
brotsclieibchen,2,12044,0.00016605778811026238
gelassen,2,12044,0.00016605778811026238
hausfrauen,2,12044,0.00016605778811026238
ihrer,2,12044,0.00016605778811026238
entsprechend,2,12044,0.00016605778811026238
reifen,2,12044,0.00016605778811026238
blumenkohlsuppe,2,12044,0.00016605778811026238
1915,2,12044,0.00016605778811026238
roggenmelil,2,12044,0.00016605778811026238
hackfleisch,2,12044,0.00016605778811026238
zuge,2,12044,0.00016605778811026238
paßt,2,12044,0.00016605778811026238
pf,2,12044,0.00016605778811026238
elegant,2,12044,0.00016605778811026238
grießsuppe,2,12044,0.00016605778811026238
kein,2,12044,0.00016605778811026238
buttermilchkuchen,2,12044,0.00016605778811026238
verlag,2,12044,0.00016605778811026238
gereinigt,2,12044,0.00016605778811026238
korinthen,2,12044,0.00016605778811026238
wieder,2,12044,0.00016605778811026238
getrockneter,2,12044,0.00016605778811026238
kindfleisch,2,12044,0.00016605778811026238
tüchtig,2,12044,0.00016605778811026238
quirlen,2,12044,0.00016605778811026238
streicht,2,12044,0.00016605778811026238
ins,2,12044,0.00016605778811026238
gräten,2,12044,0.00016605778811026238
getrocknete,2,12044,0.00016605778811026238
april,2,12044,0.00016605778811026238
gewiegten,2,12044,0.00016605778811026238
paniert,2,12044,0.00016605778811026238
ordentlich,2,12044,0.00016605778811026238
viel,2,12044,0.00016605778811026238
vorwort,2,12044,0.00016605778811026238
schicht,2,12044,0.00016605778811026238
dies,2,12044,0.00016605778811026238
beginnt,2,12044,0.00016605778811026238
abfälle,2,12044,0.00016605778811026238
liederbücher,2,12044,0.00016605778811026238
rühren,2,12044,0.00016605778811026238
haferflockensuppe,2,12044,0.00016605778811026238
höhe,2,12044,0.00016605778811026238
schmackhaften,2,12044,0.00016605778811026238
gerstengraupe,2,12044,0.00016605778811026238
tagen,2,12044,0.00016605778811026238
papiereinlage,2,12044,0.00016605778811026238
gestürzter,2,12044,0.00016605778811026238
300,2,12044,0.00016605778811026238
handlung,2,12044,0.00016605778811026238
gewässerte,2,12044,0.00016605778811026238
festen,2,12044,0.00016605778811026238
gehacktes,2,12044,0.00016605778811026238
sülze,2,12044,0.00016605778811026238
"42""",2,12044,0.00016605778811026238
milcli,2,12044,0.00016605778811026238
indem,2,12044,0.00016605778811026238
eintopfgerichte,2,12044,0.00016605778811026238
reisfleisch,2,12044,0.00016605778811026238
jugend,2,12044,0.00016605778811026238
flache,2,12044,0.00016605778811026238
f2,2,12044,0.00016605778811026238
natron,2,12044,0.00016605778811026238
kräftig,2,12044,0.00016605778811026238
v8,2,12044,0.00016605778811026238
zerdrückte,2,12044,0.00016605778811026238
gerührt,2,12044,0.00016605778811026238
dick,2,12044,0.00016605778811026238
specktunke,2,12044,0.00016605778811026238
abgewaschen,2,12044,0.00016605778811026238
gelingesuppe,2,12044,0.00016605778811026238
kochkäse,2,12044,0.00016605778811026238
geschälten,2,12044,0.00016605778811026238
trocknet,2,12044,0.00016605778811026238
einsetzen,2,12044,0.00016605778811026238
41,2,12044,0.00016605778811026238
apfelreis,2,12044,0.00016605778811026238
anschluß,2,12044,0.00016605778811026238
abbildungen,2,12044,0.00016605778811026238
truppen,2,12044,0.00016605778811026238
wenige,2,12044,0.00016605778811026238
kartoffelgulasch,2,12044,0.00016605778811026238
sowie,2,12044,0.00016605778811026238
geteilt,2,12044,0.00016605778811026238
kohlpudding,2,12044,0.00016605778811026238
speckknödel,2,12044,0.00016605778811026238
gestreut,2,12044,0.00016605778811026238
mittelbraune,2,12044,0.00016605778811026238
bauchfleisch,2,12044,0.00016605778811026238
gedämpfte,2,12044,0.00016605778811026238
braven,2,12044,0.00016605778811026238
heißen,2,12044,0.00016605778811026238
tiefe,2,12044,0.00016605778811026238
roggenmehl,2,12044,0.00016605778811026238
weise,2,12044,0.00016605778811026238
z2,2,12044,0.00016605778811026238
leinen,2,12044,0.00016605778811026238
abgespülten,2,12044,0.00016605778811026238
weniger,2,12044,0.00016605778811026238
sauer,2,12044,0.00016605778811026238
fruchttunke,2,12044,0.00016605778811026238
schnittlauch,2,12044,0.00016605778811026238
kliebchen,2,12044,0.00016605778811026238
steht,2,12044,0.00016605778811026238
88,2,12044,0.00016605778811026238
kühren,2,12044,0.00016605778811026238
kriegsschauplatz,2,12044,0.00016605778811026238
frisches,2,12044,0.00016605778811026238
übrigen,2,12044,0.00016605778811026238
marmeladen,2,12044,0.00016605778811026238
walter,2,12044,0.00016605778811026238
kartoffel,2,12044,0.00016605778811026238
stark,2,12044,0.00016605778811026238
bekleidung,2,12044,0.00016605778811026238
welches,2,12044,0.00016605778811026238
69,2,12044,0.00016605778811026238
weiten,2,12044,0.00016605778811026238
rohe,2,12044,0.00016605778811026238
bleiben,2,12044,0.00016605778811026238
schichtet,2,12044,0.00016605778811026238
nebst,2,12044,0.00016605778811026238
dampf,2,12044,0.00016605778811026238
warmer,2,12044,0.00016605778811026238
durchgekocht,2,12044,0.00016605778811026238
schinkenkartoffeln,2,12044,0.00016605778811026238
platte,2,12044,0.00016605778811026238
hafermehl,2,12044,0.00016605778811026238
gurke,2,12044,0.00016605778811026238
lüttich,2,12044,0.00016605778811026238
iii,2,12044,0.00016605778811026238
klar,2,12044,0.00016605778811026238
findet,2,12044,0.00016605778811026238
verrührte,2,12044,0.00016605778811026238
kochfleisch,2,12044,0.00016605778811026238
beides,2,12044,0.00016605778811026238
buttermilchsuppe,2,12044,0.00016605778811026238
fortwährendem,2,12044,0.00016605778811026238
mehlspeisen,2,12044,0.00016605778811026238
angekocht,2,12044,0.00016605778811026238
buttermilchsirup,2,12044,0.00016605778811026238
fleischmaschine,2,12044,0.00016605778811026238
39,2,12044,0.00016605778811026238
seine,2,12044,0.00016605778811026238
entfernt,2,12044,0.00016605778811026238
yt,2,12044,0.00016605778811026238
wasserbad,2,12044,0.00016605778811026238
resteverwendung,2,12044,0.00016605778811026238
löst,2,12044,0.00016605778811026238
wissen,2,12044,0.00016605778811026238
hinzugetan,2,12044,0.00016605778811026238
apfelscheiben,2,12044,0.00016605778811026238
kistendeckel,2,12044,0.00016605778811026238
milchtunke,2,12044,0.00016605778811026238
oel,2,12044,0.00016605778811026238
jedoch,2,12044,0.00016605778811026238
druck,2,12044,0.00016605778811026238
kalt,2,12044,0.00016605778811026238
kartoffelsclieiben,2,12044,0.00016605778811026238
haferflockenkoteletts,2,12044,0.00016605778811026238
gleichmäßige,2,12044,0.00016605778811026238
russischen,2,12044,0.00016605778811026238
dampfend,2,12044,0.00016605778811026238
möglichst,2,12044,0.00016605778811026238
gefüllt,2,12044,0.00016605778811026238
ostpreußen,2,12044,0.00016605778811026238
anrichten,2,12044,0.00016605778811026238
größe,2,12044,0.00016605778811026238
öfters,2,12044,0.00016605778811026238
maß,2,12044,0.00016605778811026238
fertig,2,12044,0.00016605778811026238
gebrauch,2,12044,0.00016605778811026238
personen,2,12044,0.00016605778811026238
abgegossen,2,12044,0.00016605778811026238
danach,2,12044,0.00016605778811026238
73,2,12044,0.00016605778811026238
gefäß,2,12044,0.00016605778811026238
kaliber,2,12044,0.00016605778811026238
beträufelt,2,12044,0.00016605778811026238
200,2,12044,0.00016605778811026238
verbunden,2,12044,0.00016605778811026238
schnittenen,2,12044,0.00016605778811026238
schwarz,2,12044,0.00016605778811026238
c,2,12044,0.00016605778811026238
auflage,2,12044,0.00016605778811026238
kaperntunke,2,12044,0.00016605778811026238
rindshesse,2,12044,0.00016605778811026238
salzkartoffeln,2,12044,0.00016605778811026238
],2,12044,0.00016605778811026238
polnische,2,12044,0.00016605778811026238
gehackt,2,12044,0.00016605778811026238
ausgefüllt,2,12044,0.00016605778811026238
nächsten,2,12044,0.00016605778811026238
rauchfleisch,2,12044,0.00016605778811026238
putzt,2,12044,0.00016605778811026238
rösten,2,12044,0.00016605778811026238
iv2,2,12044,0.00016605778811026238
heiße,2,12044,0.00016605778811026238
empfehlenswert,2,12044,0.00016605778811026238
eingeweicht,2,12044,0.00016605778811026238
53,2,12044,0.00016605778811026238
heichen,2,12044,0.00016605778811026238
61,2,12044,0.00016605778811026238
vorher,2,12044,0.00016605778811026238
keine,2,12044,0.00016605778811026238
inzwischen,2,12044,0.00016605778811026238
bedeckt,2,12044,0.00016605778811026238
einigen,2,12044,0.00016605778811026238
viii,2,12044,0.00016605778811026238
ix,2,12044,0.00016605778811026238
eigenen,2,12044,0.00016605778811026238
kattun,2,12044,0.00016605778811026238
fleischbrühe,2,12044,0.00016605778811026238
8g,2,12044,0.00016605778811026238
d,2,12044,0.00016605778811026238
rezepte,2,12044,0.00016605778811026238
reichlich,2,12044,0.00016605778811026238
vanille,2,12044,0.00016605778811026238
brühkartoffeln,2,12044,0.00016605778811026238
erbsenbrei,2,12044,0.00016605778811026238
heißes,2,12044,0.00016605778811026238
gemüseabfälle,2,12044,0.00016605778811026238
geschuppt,2,12044,0.00016605778811026238
größeres,2,12044,0.00016605778811026238
notwendigen,2,12044,0.00016605778811026238
soda,2,12044,0.00016605778811026238
g0,2,12044,0.00016605778811026238
ausschuß,2,12044,0.00016605778811026238
käseschnitten,2,12044,0.00016605778811026238
kriess,2,12044,0.00016605778811026238
breiig,2,12044,0.00016605778811026238
zahlreichen,2,12044,0.00016605778811026238
hin,2,12044,0.00016605778811026238
beutels,2,12044,0.00016605778811026238
aller,2,12044,0.00016605778811026238
dünnen,2,12044,0.00016605778811026238
ausgebratenem,2,12044,0.00016605778811026238
schalen,2,12044,0.00016605778811026238
iv,2,12044,0.00016605778811026238
bayern,2,12044,0.00016605778811026238
fallen,2,12044,0.00016605778811026238
scharfen,2,12044,0.00016605778811026238
semmelbröckchen,2,12044,0.00016605778811026238
ausbacken,2,12044,0.00016605778811026238
spitzbein,2,12044,0.00016605778811026238
grund,2,12044,0.00016605778811026238
fettes,2,12044,0.00016605778811026238
zitrone,2,12044,0.00016605778811026238
würze,2,12044,0.00016605778811026238
zwischen,2,12044,0.00016605778811026238
gemüsesuppe,2,12044,0.00016605778811026238
monat,2,12044,0.00016605778811026238
pudding,2,12044,0.00016605778811026238
64,2,12044,0.00016605778811026238
ißt,2,12044,0.00016605778811026238
zugefügt,2,12044,0.00016605778811026238
brühen,2,12044,0.00016605778811026238
72,2,12044,0.00016605778811026238
gelegenheit,2,12044,0.00016605778811026238
geröstete,2,12044,0.00016605778811026238
kampfes,2,12044,0.00016605778811026238
=,2,12044,0.00016605778811026238
süßsaure,2,12044,0.00016605778811026238
entweicht,2,12044,0.00016605778811026238
händen,2,12044,0.00016605778811026238
heiß,2,12044,0.00016605778811026238
schnittene,2,12044,0.00016605778811026238
welt,2,12044,0.00016605778811026238
trocken,2,12044,0.00016605778811026238
majoran,2,12044,0.00016605778811026238
zerläßt,2,12044,0.00016605778811026238
ferner,2,12044,0.00016605778811026238
feinde,2,12044,0.00016605778811026238
vermengt,2,12044,0.00016605778811026238
gebliebene,2,12044,0.00016605778811026238
ergeben,2,12044,0.00016605778811026238
je,2,12044,0.00016605778811026238
kochtopf,2,12044,0.00016605778811026238
geputzt,2,12044,0.00016605778811026238
gesetzt,2,12044,0.00016605778811026238
will,2,12044,0.00016605778811026238
fertige,2,12044,0.00016605778811026238
v>,2,12044,0.00016605778811026238
verschiedene,2,12044,0.00016605778811026238
v4,2,12044,0.00016605778811026238
erschien,2,12044,0.00016605778811026238
thüringer,2,12044,0.00016605778811026238
sirup,2,12044,0.00016605778811026238
zutaten,2,12044,0.00016605778811026238
maggiwürze,2,12044,0.00016605778811026238
breite,2,12044,0.00016605778811026238
landes,2,12044,0.00016605778811026238
seiner,2,12044,0.00016605778811026238
milchgrießsuppe,2,12044,0.00016605778811026238
biguß,2,12044,0.00016605778811026238
lazarett,2,12044,0.00016605778811026238
dörrobst,2,12044,0.00016605778811026238
solange,2,12044,0.00016605778811026238
bilden,2,12044,0.00016605778811026238
beliebig,2,12044,0.00016605778811026238
weil,2,12044,0.00016605778811026238
zusammengemischt,1,12044,8.302889405513119e-05
äußere,1,12044,8.302889405513119e-05
gewordene,1,12044,8.302889405513119e-05
fruclittunke,1,12044,8.302889405513119e-05
schon,1,12044,8.302889405513119e-05
schneider,1,12044,8.302889405513119e-05
kompagnie,1,12044,8.302889405513119e-05
schauplatz,1,12044,8.302889405513119e-05
geben,1,12044,8.302889405513119e-05
spitze,1,12044,8.302889405513119e-05
bemühen,1,12044,8.302889405513119e-05
schneiden,1,12044,8.302889405513119e-05
boggenmelil,1,12044,8.302889405513119e-05
sophie,1,12044,8.302889405513119e-05
abgeseiht,1,12044,8.302889405513119e-05
beehameltunke,1,12044,8.302889405513119e-05
blättern,1,12044,8.302889405513119e-05
absender,1,12044,8.302889405513119e-05
seegeruch,1,12044,8.302889405513119e-05
wurzelbrühe,1,12044,8.302889405513119e-05
enthält,1,12044,8.302889405513119e-05
visten,1,12044,8.302889405513119e-05
ausgestreut,1,12044,8.302889405513119e-05
linsensuppen,1,12044,8.302889405513119e-05
deutsche,1,12044,8.302889405513119e-05
gemüsen,1,12044,8.302889405513119e-05
diesen,1,12044,8.302889405513119e-05
hauswirtschaftlichen,1,12044,8.302889405513119e-05
ueberblick,1,12044,8.302889405513119e-05
abgezogenen,1,12044,8.302889405513119e-05
gehackten,1,12044,8.302889405513119e-05
gezogen,1,12044,8.302889405513119e-05
regina,1,12044,8.302889405513119e-05
apfelspalten,1,12044,8.302889405513119e-05
ungesalzener,1,12044,8.302889405513119e-05
anbrennt,1,12044,8.302889405513119e-05
gezeichnet,1,12044,8.302889405513119e-05
gespülte,1,12044,8.302889405513119e-05
scheibchen,1,12044,8.302889405513119e-05
brauner,1,12044,8.302889405513119e-05
kaltes,1,12044,8.302889405513119e-05
gefangenschaft,1,12044,8.302889405513119e-05
himbeer,1,12044,8.302889405513119e-05
zunichte,1,12044,8.302889405513119e-05
broschiert,1,12044,8.302889405513119e-05
etwa,1,12044,8.302889405513119e-05
packenden,1,12044,8.302889405513119e-05
zahl,1,12044,8.302889405513119e-05
zerquirltes,1,12044,8.302889405513119e-05
wohlschmeckend,1,12044,8.302889405513119e-05
würfeln,1,12044,8.302889405513119e-05
unterdessen,1,12044,8.302889405513119e-05
tapferkeit,1,12044,8.302889405513119e-05
gewiegt,1,12044,8.302889405513119e-05
heu,1,12044,8.302889405513119e-05
zufügen,1,12044,8.302889405513119e-05
würfelchen,1,12044,8.302889405513119e-05
1v4,1,12044,8.302889405513119e-05
kalten,1,12044,8.302889405513119e-05
brotscheibehen,1,12044,8.302889405513119e-05
geeignet,1,12044,8.302889405513119e-05
dünnflüssige,1,12044,8.302889405513119e-05
gedrückt,1,12044,8.302889405513119e-05
oberstoff,1,12044,8.302889405513119e-05
eisen,1,12044,8.302889405513119e-05
oben,1,12044,8.302889405513119e-05
weichem,1,12044,8.302889405513119e-05
anderer,1,12044,8.302889405513119e-05
mitgekocht,1,12044,8.302889405513119e-05
safttunke,1,12044,8.302889405513119e-05
falle,1,12044,8.302889405513119e-05
stellungen,1,12044,8.302889405513119e-05
semmelscheiben,1,12044,8.302889405513119e-05
herzen,1,12044,8.302889405513119e-05
preßt,1,12044,8.302889405513119e-05
davon,1,12044,8.302889405513119e-05
gesalzener,1,12044,8.302889405513119e-05
mischmelilsuppe,1,12044,8.302889405513119e-05
benen,1,12044,8.302889405513119e-05
hüllt,1,12044,8.302889405513119e-05
eingesalzen,1,12044,8.302889405513119e-05
bald,1,12044,8.302889405513119e-05
durchgeschwitzt,1,12044,8.302889405513119e-05
krieger,1,12044,8.302889405513119e-05
mittagbrot,1,12044,8.302889405513119e-05
vorbereitete,1,12044,8.302889405513119e-05
roggenniehl,1,12044,8.302889405513119e-05
gelöschtem,1,12044,8.302889405513119e-05
fleischsuppen,1,12044,8.302889405513119e-05
schweinsniere,1,12044,8.302889405513119e-05
sinen,1,12044,8.302889405513119e-05
brausend,1,12044,8.302889405513119e-05
verschließbar,1,12044,8.302889405513119e-05
währendem,1,12044,8.302889405513119e-05
fernhält,1,12044,8.302889405513119e-05
mageres,1,12044,8.302889405513119e-05
kartoffelküche,1,12044,8.302889405513119e-05
kriegszeit,1,12044,8.302889405513119e-05
erreicht,1,12044,8.302889405513119e-05
vermehrte,1,12044,8.302889405513119e-05
gefaltet,1,12044,8.302889405513119e-05
durchrösten,1,12044,8.302889405513119e-05
gestürzt,1,12044,8.302889405513119e-05
größten,1,12044,8.302889405513119e-05
nehmen,1,12044,8.302889405513119e-05
geschlossen,1,12044,8.302889405513119e-05
kriegskochkursen,1,12044,8.302889405513119e-05
mehlklümpclien,1,12044,8.302889405513119e-05
meisterhaft,1,12044,8.302889405513119e-05
"küche""",1,12044,8.302889405513119e-05
eigenartige,1,12044,8.302889405513119e-05
fritz,1,12044,8.302889405513119e-05
seele,1,12044,8.302889405513119e-05
letzt,1,12044,8.302889405513119e-05
viertel,1,12044,8.302889405513119e-05
kriegszustand,1,12044,8.302889405513119e-05
gemütsbildung,1,12044,8.302889405513119e-05
wohlgeschmack,1,12044,8.302889405513119e-05
nachher,1,12044,8.302889405513119e-05
kinderherz,1,12044,8.302889405513119e-05
stsstsdidliotliek,1,12044,8.302889405513119e-05
erschienene,1,12044,8.302889405513119e-05
gewaltsachen,1,12044,8.302889405513119e-05
quer,1,12044,8.302889405513119e-05
herings,1,12044,8.302889405513119e-05
mengt,1,12044,8.302889405513119e-05
lassen,1,12044,8.302889405513119e-05
spannung,1,12044,8.302889405513119e-05
futter,1,12044,8.302889405513119e-05
„bs,1,12044,8.302889405513119e-05
kochender,1,12044,8.302889405513119e-05
parmesan,1,12044,8.302889405513119e-05
entwerfen,1,12044,8.302889405513119e-05
abend,1,12044,8.302889405513119e-05
hervorzuheben,1,12044,8.302889405513119e-05
kuchen,1,12044,8.302889405513119e-05
geformte,1,12044,8.302889405513119e-05
vermengte,1,12044,8.302889405513119e-05
seit,1,12044,8.302889405513119e-05
beigefügt,1,12044,8.302889405513119e-05
lebendiges,1,12044,8.302889405513119e-05
uebrig,1,12044,8.302889405513119e-05
grünzeugwasser,1,12044,8.302889405513119e-05
kochbeutels,1,12044,8.302889405513119e-05
anderen,1,12044,8.302889405513119e-05
bällchen,1,12044,8.302889405513119e-05
berechnet,1,12044,8.302889405513119e-05
peter,1,12044,8.302889405513119e-05
bühren,1,12044,8.302889405513119e-05
bowlen,1,12044,8.302889405513119e-05
flott,1,12044,8.302889405513119e-05
heimatortes,1,12044,8.302889405513119e-05
eleischabfälle,1,12044,8.302889405513119e-05
milchreis,1,12044,8.302889405513119e-05
bittere,1,12044,8.302889405513119e-05
interessanten,1,12044,8.302889405513119e-05
pilzwasser,1,12044,8.302889405513119e-05
eher,1,12044,8.302889405513119e-05
auflauf,1,12044,8.302889405513119e-05
besteht,1,12044,8.302889405513119e-05
unterhaltung,1,12044,8.302889405513119e-05
herstellt,1,12044,8.302889405513119e-05
seines,1,12044,8.302889405513119e-05
denkpial,1,12044,8.302889405513119e-05
länge,1,12044,8.302889405513119e-05
belgischen,1,12044,8.302889405513119e-05
ger,1,12044,8.302889405513119e-05
tler,1,12044,8.302889405513119e-05
raune,1,12044,8.302889405513119e-05
gelbei,1,12044,8.302889405513119e-05
kriegs,1,12044,8.302889405513119e-05
eingerieben,1,12044,8.302889405513119e-05
dicklieh,1,12044,8.302889405513119e-05
v6,1,12044,8.302889405513119e-05
ineinander,1,12044,8.302889405513119e-05
abgekühlte,1,12044,8.302889405513119e-05
petersilienkartoffeln,1,12044,8.302889405513119e-05
gegengenäht,1,12044,8.302889405513119e-05
kommener,1,12044,8.302889405513119e-05
knolle,1,12044,8.302889405513119e-05
"kriegsküche""",1,12044,8.302889405513119e-05
marktpreis,1,12044,8.302889405513119e-05
wärme,1,12044,8.302889405513119e-05
namentlich,1,12044,8.302889405513119e-05
aepfeln,1,12044,8.302889405513119e-05
beifügt,1,12044,8.302889405513119e-05
kalb,1,12044,8.302889405513119e-05
aufgeben,1,12044,8.302889405513119e-05
schlägt,1,12044,8.302889405513119e-05
durchgerührt,1,12044,8.302889405513119e-05
geschildert,1,12044,8.302889405513119e-05
sauren,1,12044,8.302889405513119e-05
festhält,1,12044,8.302889405513119e-05
marschlieder,1,12044,8.302889405513119e-05
schmackhaft,1,12044,8.302889405513119e-05
zunge,1,12044,8.302889405513119e-05
übergossen,1,12044,8.302889405513119e-05
dazwischen,1,12044,8.302889405513119e-05
fortkochen,1,12044,8.302889405513119e-05
sammengerollt,1,12044,8.302889405513119e-05
närter,1,12044,8.302889405513119e-05
hindhedes,1,12044,8.302889405513119e-05
knorr,1,12044,8.302889405513119e-05
gesäubert,1,12044,8.302889405513119e-05
rippen,1,12044,8.302889405513119e-05
zimmt,1,12044,8.302889405513119e-05
hineingequirlt,1,12044,8.302889405513119e-05
gefechte,1,12044,8.302889405513119e-05
bearbeitet,1,12044,8.302889405513119e-05
gedünstet,1,12044,8.302889405513119e-05
zusammengesetzte,1,12044,8.302889405513119e-05
kaltwerden,1,12044,8.302889405513119e-05
ah,1,12044,8.302889405513119e-05
kämpfen,1,12044,8.302889405513119e-05
saline,1,12044,8.302889405513119e-05
spülwasser,1,12044,8.302889405513119e-05
eß,1,12044,8.302889405513119e-05
zer,1,12044,8.302889405513119e-05
gerückt,1,12044,8.302889405513119e-05
riemchen,1,12044,8.302889405513119e-05
suppenteller,1,12044,8.302889405513119e-05
gilt,1,12044,8.302889405513119e-05
kriegswaffen,1,12044,8.302889405513119e-05
brotaufstrich,1,12044,8.302889405513119e-05
daran,1,12044,8.302889405513119e-05
li,1,12044,8.302889405513119e-05
98,1,12044,8.302889405513119e-05
belgiens,1,12044,8.302889405513119e-05
glückt,1,12044,8.302889405513119e-05
gültige,1,12044,8.302889405513119e-05
gottheit,1,12044,8.302889405513119e-05
falls,1,12044,8.302889405513119e-05
dickschaumig,1,12044,8.302889405513119e-05
mischmehlsuppe,1,12044,8.302889405513119e-05
eigenart,1,12044,8.302889405513119e-05
hausfrau,1,12044,8.302889405513119e-05
kompott,1,12044,8.302889405513119e-05
gc,1,12044,8.302889405513119e-05
bayrischer,1,12044,8.302889405513119e-05
lläucherfleisch,1,12044,8.302889405513119e-05
feingeschnittenen,1,12044,8.302889405513119e-05
beliebten,1,12044,8.302889405513119e-05
würzen,1,12044,8.302889405513119e-05
entkernten,1,12044,8.302889405513119e-05
rinderherzen,1,12044,8.302889405513119e-05
gebürstet,1,12044,8.302889405513119e-05
jedermann,1,12044,8.302889405513119e-05
jedem,1,12044,8.302889405513119e-05
einein,1,12044,8.302889405513119e-05
kriege,1,12044,8.302889405513119e-05
bedarf,1,12044,8.302889405513119e-05
trockne,1,12044,8.302889405513119e-05
ausgeschnitten,1,12044,8.302889405513119e-05
behandelt,1,12044,8.302889405513119e-05
braucht,1,12044,8.302889405513119e-05
worunter,1,12044,8.302889405513119e-05
durchgearbeitet,1,12044,8.302889405513119e-05
400,1,12044,8.302889405513119e-05
klaußmann,1,12044,8.302889405513119e-05
ritter,1,12044,8.302889405513119e-05
„baum,1,12044,8.302889405513119e-05
brüllt,1,12044,8.302889405513119e-05
farbe,1,12044,8.302889405513119e-05
schüsselchen,1,12044,8.302889405513119e-05
gr,1,12044,8.302889405513119e-05
2y,1,12044,8.302889405513119e-05
\,1,12044,8.302889405513119e-05
eigenartigen,1,12044,8.302889405513119e-05
richtige,1,12044,8.302889405513119e-05
klaren,1,12044,8.302889405513119e-05
anzahl,1,12044,8.302889405513119e-05
hinzugegeben,1,12044,8.302889405513119e-05
strunk,1,12044,8.302889405513119e-05
eingestampft,1,12044,8.302889405513119e-05
pfennig,1,12044,8.302889405513119e-05
97,1,12044,8.302889405513119e-05
infolge,1,12044,8.302889405513119e-05
heldenmut,1,12044,8.302889405513119e-05
stiche,1,12044,8.302889405513119e-05
hart,1,12044,8.302889405513119e-05
geltenden,1,12044,8.302889405513119e-05
innerhalb,1,12044,8.302889405513119e-05
anbraten,1,12044,8.302889405513119e-05
menschenmassen,1,12044,8.302889405513119e-05
gemüseeinlagen,1,12044,8.302889405513119e-05
suppenfett,1,12044,8.302889405513119e-05
plan,1,12044,8.302889405513119e-05
flach,1,12044,8.302889405513119e-05
kühlen,1,12044,8.302889405513119e-05
katlowitz,1,12044,8.302889405513119e-05
voll,1,12044,8.302889405513119e-05
zusammengeheftet,1,12044,8.302889405513119e-05
1>00,1,12044,8.302889405513119e-05
lande,1,12044,8.302889405513119e-05
stäubt,1,12044,8.302889405513119e-05
hervor,1,12044,8.302889405513119e-05
salzenem,1,12044,8.302889405513119e-05
gestampfte,1,12044,8.302889405513119e-05
sammen,1,12044,8.302889405513119e-05
erfahrung,1,12044,8.302889405513119e-05
zerschnittene,1,12044,8.302889405513119e-05
bergkämpfen,1,12044,8.302889405513119e-05
ivartoffelsclieiben,1,12044,8.302889405513119e-05
kleingeschnittene,1,12044,8.302889405513119e-05
buchenholzlauge,1,12044,8.302889405513119e-05
stiftet,1,12044,8.302889405513119e-05
brenne,1,12044,8.302889405513119e-05
reibt,1,12044,8.302889405513119e-05
gekühlt,1,12044,8.302889405513119e-05
anhang,1,12044,8.302889405513119e-05
gehen,1,12044,8.302889405513119e-05
ragenden,1,12044,8.302889405513119e-05
ausgehungert,1,12044,8.302889405513119e-05
schichtenweise,1,12044,8.302889405513119e-05
248,1,12044,8.302889405513119e-05
schließen,1,12044,8.302889405513119e-05
meld,1,12044,8.302889405513119e-05
sticht,1,12044,8.302889405513119e-05
rechnet,1,12044,8.302889405513119e-05
wurzelbürste,1,12044,8.302889405513119e-05
erste,1,12044,8.302889405513119e-05
widersacher,1,12044,8.302889405513119e-05
gedrücktem,1,12044,8.302889405513119e-05
quetsch,1,12044,8.302889405513119e-05
begeisterten,1,12044,8.302889405513119e-05
d3,1,12044,8.302889405513119e-05
muskatblüte,1,12044,8.302889405513119e-05
angegossen,1,12044,8.302889405513119e-05
beklebt,1,12044,8.302889405513119e-05
genuß,1,12044,8.302889405513119e-05
orm,1,12044,8.302889405513119e-05
bewunderungs,1,12044,8.302889405513119e-05
lasse,1,12044,8.302889405513119e-05
gerichte,1,12044,8.302889405513119e-05
dient,1,12044,8.302889405513119e-05
linsen,1,12044,8.302889405513119e-05
rückstände,1,12044,8.302889405513119e-05
milchweißes,1,12044,8.302889405513119e-05
bestimmte,1,12044,8.302889405513119e-05
eisclinee,1,12044,8.302889405513119e-05
ausnehmen,1,12044,8.302889405513119e-05
ziemlich,1,12044,8.302889405513119e-05
j,1,12044,8.302889405513119e-05
röschen,1,12044,8.302889405513119e-05
\4?,1,12044,8.302889405513119e-05
ofenröhre,1,12044,8.302889405513119e-05
asser,1,12044,8.302889405513119e-05
ausstreuen,1,12044,8.302889405513119e-05
soldaten,1,12044,8.302889405513119e-05
wirkungsvolle,1,12044,8.302889405513119e-05
legen,1,12044,8.302889405513119e-05
kriegskochbuch,1,12044,8.302889405513119e-05
kriegsbe?inn,1,12044,8.302889405513119e-05
goldbarsch,1,12044,8.302889405513119e-05
gehirn,1,12044,8.302889405513119e-05
geriebenem,1,12044,8.302889405513119e-05
gebürtig,1,12044,8.302889405513119e-05
größerer,1,12044,8.302889405513119e-05
gestopftes,1,12044,8.302889405513119e-05
gleichmäßig,1,12044,8.302889405513119e-05
setzen,1,12044,8.302889405513119e-05
erhält,1,12044,8.302889405513119e-05
wundertaten,1,12044,8.302889405513119e-05
regeln,1,12044,8.302889405513119e-05
zugabe,1,12044,8.302889405513119e-05
frisch,1,12044,8.302889405513119e-05
erlebnisse,1,12044,8.302889405513119e-05
ül,1,12044,8.302889405513119e-05
vorhergehenden,1,12044,8.302889405513119e-05
kartoffelgerichte,1,12044,8.302889405513119e-05
leiden,1,12044,8.302889405513119e-05
hammer,1,12044,8.302889405513119e-05
genügt,1,12044,8.302889405513119e-05
gerinnt,1,12044,8.302889405513119e-05
gebratenen,1,12044,8.302889405513119e-05
kohlgemüse,1,12044,8.302889405513119e-05
sodaß,1,12044,8.302889405513119e-05
schellfisch,1,12044,8.302889405513119e-05
lege,1,12044,8.302889405513119e-05
jugendlichen,1,12044,8.302889405513119e-05
\q5,1,12044,8.302889405513119e-05
kostet,1,12044,8.302889405513119e-05
krieg,1,12044,8.302889405513119e-05
furchtbaren,1,12044,8.302889405513119e-05
größer,1,12044,8.302889405513119e-05
mittels,1,12044,8.302889405513119e-05
ausbraten,1,12044,8.302889405513119e-05
hierbei,1,12044,8.302889405513119e-05
süßt,1,12044,8.302889405513119e-05
geschoben,1,12044,8.302889405513119e-05
rinderherzens,1,12044,8.302889405513119e-05
meerrettichtunke,1,12044,8.302889405513119e-05
fach,1,12044,8.302889405513119e-05
ol,1,12044,8.302889405513119e-05
ivlümpchen,1,12044,8.302889405513119e-05
oberrüben,1,12044,8.302889405513119e-05
grüner,1,12044,8.302889405513119e-05
abgeschnitten,1,12044,8.302889405513119e-05
abdampfen,1,12044,8.302889405513119e-05
aussehen,1,12044,8.302889405513119e-05
inhalt,1,12044,8.302889405513119e-05
nassen,1,12044,8.302889405513119e-05
weit,1,12044,8.302889405513119e-05
stellen,1,12044,8.302889405513119e-05
anbringen,1,12044,8.302889405513119e-05
geschütz,1,12044,8.302889405513119e-05
ratgeber,1,12044,8.302889405513119e-05
guten,1,12044,8.302889405513119e-05
dilltunke,1,12044,8.302889405513119e-05
ganzen,1,12044,8.302889405513119e-05
stellungskampf,1,12044,8.302889405513119e-05
aufgezwungene,1,12044,8.302889405513119e-05
eiertunke,1,12044,8.302889405513119e-05
überhaupt,1,12044,8.302889405513119e-05
"""v",1,12044,8.302889405513119e-05
erhaltene,1,12044,8.302889405513119e-05
würzkörneru,1,12044,8.302889405513119e-05
gemahlener,1,12044,8.302889405513119e-05
streut,1,12044,8.302889405513119e-05
wiegt,1,12044,8.302889405513119e-05
angerichtet,1,12044,8.302889405513119e-05
w,1,12044,8.302889405513119e-05
belästigt,1,12044,8.302889405513119e-05
geweicht,1,12044,8.302889405513119e-05
wirkungen,1,12044,8.302889405513119e-05
mitte,1,12044,8.302889405513119e-05
aufquellen,1,12044,8.302889405513119e-05
irdenen,1,12044,8.302889405513119e-05
gruppiert,1,12044,8.302889405513119e-05
bekannt,1,12044,8.302889405513119e-05
abbrühen,1,12044,8.302889405513119e-05
kreises,1,12044,8.302889405513119e-05
ä,1,12044,8.302889405513119e-05
würdiger,1,12044,8.302889405513119e-05
großes,1,12044,8.302889405513119e-05
hell,1,12044,8.302889405513119e-05
häckerle,1,12044,8.302889405513119e-05
gegen,1,12044,8.302889405513119e-05
erwachsene,1,12044,8.302889405513119e-05
begeistert,1,12044,8.302889405513119e-05
soeben,1,12044,8.302889405513119e-05
schmortopf,1,12044,8.302889405513119e-05
breit,1,12044,8.302889405513119e-05
plaumenmus,1,12044,8.302889405513119e-05
schluß,1,12044,8.302889405513119e-05
semmelbröseln,1,12044,8.302889405513119e-05
verwandt,1,12044,8.302889405513119e-05
spannend,1,12044,8.302889405513119e-05
teller,1,12044,8.302889405513119e-05
gehackter,1,12044,8.302889405513119e-05
einzurichten,1,12044,8.302889405513119e-05
höchst,1,12044,8.302889405513119e-05
dämon,1,12044,8.302889405513119e-05
himbersaft,1,12044,8.302889405513119e-05
talg,1,12044,8.302889405513119e-05
kreuzes,1,12044,8.302889405513119e-05
86,1,12044,8.302889405513119e-05
zusetzen,1,12044,8.302889405513119e-05
warmem,1,12044,8.302889405513119e-05
holzig,1,12044,8.302889405513119e-05
fische,1,12044,8.302889405513119e-05
ratsam,1,12044,8.302889405513119e-05
zwischenraum,1,12044,8.302889405513119e-05
gefingenschaft,1,12044,8.302889405513119e-05
absehen,1,12044,8.302889405513119e-05
gewechselt,1,12044,8.302889405513119e-05
schwanzstücken,1,12044,8.302889405513119e-05
yz,1,12044,8.302889405513119e-05
stille,1,12044,8.302889405513119e-05
durchgeheftet,1,12044,8.302889405513119e-05
gespült,1,12044,8.302889405513119e-05
erdruten,1,12044,8.302889405513119e-05
h,1,12044,8.302889405513119e-05
einmachekunst,1,12044,8.302889405513119e-05
immer,1,12044,8.302889405513119e-05
tontöpfchen,1,12044,8.302889405513119e-05
sparmesser,1,12044,8.302889405513119e-05
makkaronisuppe,1,12044,8.302889405513119e-05
abgestochen,1,12044,8.302889405513119e-05
säure,1,12044,8.302889405513119e-05
vermieden,1,12044,8.302889405513119e-05
starkem,1,12044,8.302889405513119e-05
gurkenscheiben,1,12044,8.302889405513119e-05
eierkuchentiegel,1,12044,8.302889405513119e-05
wmm,1,12044,8.302889405513119e-05
scharfem,1,12044,8.302889405513119e-05
beis,1,12044,8.302889405513119e-05
schaumig,1,12044,8.302889405513119e-05
krautröllchen,1,12044,8.302889405513119e-05
spült,1,12044,8.302889405513119e-05
gebrochenen,1,12044,8.302889405513119e-05
dämpft,1,12044,8.302889405513119e-05
lorbeer,1,12044,8.302889405513119e-05
nahrungsmitteln,1,12044,8.302889405513119e-05
pottasche,1,12044,8.302889405513119e-05
verteilten,1,12044,8.302889405513119e-05
weisungen,1,12044,8.302889405513119e-05
streifens,1,12044,8.302889405513119e-05
kippen,1,12044,8.302889405513119e-05
empfänger,1,12044,8.302889405513119e-05
ortskenntnisse,1,12044,8.302889405513119e-05
angemacht,1,12044,8.302889405513119e-05
eingerührt,1,12044,8.302889405513119e-05
kurzen,1,12044,8.302889405513119e-05
lesen,1,12044,8.302889405513119e-05
süßer,1,12044,8.302889405513119e-05
puddingform,1,12044,8.302889405513119e-05
gleichsam,1,12044,8.302889405513119e-05
"v""",1,12044,8.302889405513119e-05
gehüllt,1,12044,8.302889405513119e-05
ilmrühren,1,12044,8.302889405513119e-05
krakauerwurst,1,12044,8.302889405513119e-05
beliebige,1,12044,8.302889405513119e-05
tatkraft,1,12044,8.302889405513119e-05
jugendschriftstellers,1,12044,8.302889405513119e-05
langer,1,12044,8.302889405513119e-05
kochwasser,1,12044,8.302889405513119e-05
gedünsteten,1,12044,8.302889405513119e-05
lieber,1,12044,8.302889405513119e-05
gefüllte,1,12044,8.302889405513119e-05
aufgelösten,1,12044,8.302889405513119e-05
kameraden,1,12044,8.302889405513119e-05
gemischte,1,12044,8.302889405513119e-05
mehlpräparaten,1,12044,8.302889405513119e-05
geraten,1,12044,8.302889405513119e-05
umschlagbild,1,12044,8.302889405513119e-05
ehe,1,12044,8.302889405513119e-05
sardellentunke,1,12044,8.302889405513119e-05
dr,1,12044,8.302889405513119e-05
ergibt,1,12044,8.302889405513119e-05
zergehen,1,12044,8.302889405513119e-05
empfohlen,1,12044,8.302889405513119e-05
reihe,1,12044,8.302889405513119e-05
grunde,1,12044,8.302889405513119e-05
deutschlands,1,12044,8.302889405513119e-05
oskar,1,12044,8.302889405513119e-05
nudeiförmige,1,12044,8.302889405513119e-05
wenigen,1,12044,8.302889405513119e-05
rund,1,12044,8.302889405513119e-05
rieben,1,12044,8.302889405513119e-05
feingewiegtem,1,12044,8.302889405513119e-05
erforderlich,1,12044,8.302889405513119e-05
rundgeformte,1,12044,8.302889405513119e-05
persönlichkeiten,1,12044,8.302889405513119e-05
stärkesatz,1,12044,8.302889405513119e-05
bräunen,1,12044,8.302889405513119e-05
gleicher,1,12044,8.302889405513119e-05
gerstengrütze,1,12044,8.302889405513119e-05
langsamem,1,12044,8.302889405513119e-05
fleischmühle,1,12044,8.302889405513119e-05
liclit,1,12044,8.302889405513119e-05
bestehen,1,12044,8.302889405513119e-05
weiteren,1,12044,8.302889405513119e-05
vogesen,1,12044,8.302889405513119e-05
beutel,1,12044,8.302889405513119e-05
paketen,1,12044,8.302889405513119e-05
obere,1,12044,8.302889405513119e-05
geschrieben,1,12044,8.302889405513119e-05
volk,1,12044,8.302889405513119e-05
spannende,1,12044,8.302889405513119e-05
fort,1,12044,8.302889405513119e-05
querschnitte,1,12044,8.302889405513119e-05
ausgedrückten,1,12044,8.302889405513119e-05
jetzt,1,12044,8.302889405513119e-05
schwarze,1,12044,8.302889405513119e-05
wer,1,12044,8.302889405513119e-05
reichen,1,12044,8.302889405513119e-05
kartoffelgericht,1,12044,8.302889405513119e-05
scholle,1,12044,8.302889405513119e-05
belagerung,1,12044,8.302889405513119e-05
roberts,1,12044,8.302889405513119e-05
ereitags,1,12044,8.302889405513119e-05
apfel,1,12044,8.302889405513119e-05
bringen,1,12044,8.302889405513119e-05
fruchtsaft,1,12044,8.302889405513119e-05
verliert,1,12044,8.302889405513119e-05
loebell,1,12044,8.302889405513119e-05
maschine,1,12044,8.302889405513119e-05
zwei,1,12044,8.302889405513119e-05
angebraten,1,12044,8.302889405513119e-05
vorliegende,1,12044,8.302889405513119e-05
pflaumenreis,1,12044,8.302889405513119e-05
soldatenlieder,1,12044,8.302889405513119e-05
abständen,1,12044,8.302889405513119e-05
gargekocht,1,12044,8.302889405513119e-05
abgekochten,1,12044,8.302889405513119e-05
en,1,12044,8.302889405513119e-05
flugblättern,1,12044,8.302889405513119e-05
kindshesse,1,12044,8.302889405513119e-05
fleischstücke,1,12044,8.302889405513119e-05
leser,1,12044,8.302889405513119e-05
weißen,1,12044,8.302889405513119e-05
gerät,1,12044,8.302889405513119e-05
selbst,1,12044,8.302889405513119e-05
abzulöschen,1,12044,8.302889405513119e-05
fi,1,12044,8.302889405513119e-05
abgebrüht,1,12044,8.302889405513119e-05
rundung,1,12044,8.302889405513119e-05
schließt,1,12044,8.302889405513119e-05
ihm,1,12044,8.302889405513119e-05
geruch,1,12044,8.302889405513119e-05
abteilungen,1,12044,8.302889405513119e-05
gewicli,1,12044,8.302889405513119e-05
garwerden,1,12044,8.302889405513119e-05
günstigen,1,12044,8.302889405513119e-05
suppenkelle,1,12044,8.302889405513119e-05
"können""",1,12044,8.302889405513119e-05
kloßbrühe,1,12044,8.302889405513119e-05
angenehmeren,1,12044,8.302889405513119e-05
durchgeseihter,1,12044,8.302889405513119e-05
aufgekochter,1,12044,8.302889405513119e-05
täglichem,1,12044,8.302889405513119e-05
ausüben,1,12044,8.302889405513119e-05
jungem,1,12044,8.302889405513119e-05
allzu,1,12044,8.302889405513119e-05
heftigem,1,12044,8.302889405513119e-05
nahrungsmittel,1,12044,8.302889405513119e-05
finger,1,12044,8.302889405513119e-05
vorkochzeit,1,12044,8.302889405513119e-05
blatt,1,12044,8.302889405513119e-05
fischstücke,1,12044,8.302889405513119e-05
geschlos,1,12044,8.302889405513119e-05
gefahrvollen,1,12044,8.302889405513119e-05
ausreichendes,1,12044,8.302889405513119e-05
erfahrungen,1,12044,8.302889405513119e-05
inüßen,1,12044,8.302889405513119e-05
koteletts,1,12044,8.302889405513119e-05
bitter,1,12044,8.302889405513119e-05
zerlassen,1,12044,8.302889405513119e-05
seelachs,1,12044,8.302889405513119e-05
gediegenem,1,12044,8.302889405513119e-05
begeiiterung,1,12044,8.302889405513119e-05
kommen,1,12044,8.302889405513119e-05
gebrühte,1,12044,8.302889405513119e-05
154,1,12044,8.302889405513119e-05
rest,1,12044,8.302889405513119e-05
zugleich,1,12044,8.302889405513119e-05
hängt,1,12044,8.302889405513119e-05
gestrichener,1,12044,8.302889405513119e-05
haushaltungen,1,12044,8.302889405513119e-05
eingekocht,1,12044,8.302889405513119e-05
gefechten,1,12044,8.302889405513119e-05
bratkartoffeln,1,12044,8.302889405513119e-05
beilage,1,12044,8.302889405513119e-05
gemischtes,1,12044,8.302889405513119e-05
schließenden,1,12044,8.302889405513119e-05
listenreichen,1,12044,8.302889405513119e-05
neben,1,12044,8.302889405513119e-05
bauchhöhle,1,12044,8.302889405513119e-05
konserven,1,12044,8.302889405513119e-05
patrouillengang,1,12044,8.302889405513119e-05
vorsichtig,1,12044,8.302889405513119e-05
heruntergezogen,1,12044,8.302889405513119e-05
morgen,1,12044,8.302889405513119e-05
dauert,1,12044,8.302889405513119e-05
3ö,1,12044,8.302889405513119e-05
eleischsülze,1,12044,8.302889405513119e-05
verlieren,1,12044,8.302889405513119e-05
schinkentunke,1,12044,8.302889405513119e-05
gersten,1,12044,8.302889405513119e-05
abschmeckt,1,12044,8.302889405513119e-05
verarbeitet,1,12044,8.302889405513119e-05
94,1,12044,8.302889405513119e-05
eisernen,1,12044,8.302889405513119e-05
großartigen,1,12044,8.302889405513119e-05
zentner,1,12044,8.302889405513119e-05
ausstreichen,1,12044,8.302889405513119e-05
lagen,1,12044,8.302889405513119e-05
schweren,1,12044,8.302889405513119e-05
zugvorrichtung,1,12044,8.302889405513119e-05
trocknen,1,12044,8.302889405513119e-05
starkes,1,12044,8.302889405513119e-05
vorschriften,1,12044,8.302889405513119e-05
bemerken,1,12044,8.302889405513119e-05
durchzukommen,1,12044,8.302889405513119e-05
sommertagen,1,12044,8.302889405513119e-05
kürbisreis,1,12044,8.302889405513119e-05
führt,1,12044,8.302889405513119e-05
hineingestellt,1,12044,8.302889405513119e-05
sowohl,1,12044,8.302889405513119e-05
weichwerden,1,12044,8.302889405513119e-05
salme,1,12044,8.302889405513119e-05
zerrieben,1,12044,8.302889405513119e-05
einlegen,1,12044,8.302889405513119e-05
verhältnissen,1,12044,8.302889405513119e-05
<b^,1,12044,8.302889405513119e-05
war,1,12044,8.302889405513119e-05
suppengemüse,1,12044,8.302889405513119e-05
hauptquartier,1,12044,8.302889405513119e-05
geformten,1,12044,8.302889405513119e-05
kalbsgelinge,1,12044,8.302889405513119e-05
gehacktem,1,12044,8.302889405513119e-05
kloßteig,1,12044,8.302889405513119e-05
töpfchen,1,12044,8.302889405513119e-05
koch,1,12044,8.302889405513119e-05
sic,1,12044,8.302889405513119e-05
saftlunke,1,12044,8.302889405513119e-05
ivraut,1,12044,8.302889405513119e-05
wirtschaftskrieg,1,12044,8.302889405513119e-05
haferflockenbrei,1,12044,8.302889405513119e-05
warme,1,12044,8.302889405513119e-05
thront,1,12044,8.302889405513119e-05
bestäubten,1,12044,8.302889405513119e-05
hellgelbe,1,12044,8.302889405513119e-05
kerne,1,12044,8.302889405513119e-05
kriegführung,1,12044,8.302889405513119e-05
richt,1,12044,8.302889405513119e-05
stoffteile,1,12044,8.302889405513119e-05
preußischer,1,12044,8.302889405513119e-05
papier,1,12044,8.302889405513119e-05
cliklopse,1,12044,8.302889405513119e-05
zerlegt,1,12044,8.302889405513119e-05
reser,1,12044,8.302889405513119e-05
befestigt,1,12044,8.302889405513119e-05
höhlung,1,12044,8.302889405513119e-05
schöner,1,12044,8.302889405513119e-05
anleitung,1,12044,8.302889405513119e-05
wände,1,12044,8.302889405513119e-05
lag,1,12044,8.302889405513119e-05
ilerdrand,1,12044,8.302889405513119e-05
helden,1,12044,8.302889405513119e-05
stampfkartoffeln,1,12044,8.302889405513119e-05
bodenumfang,1,12044,8.302889405513119e-05
sturm,1,12044,8.302889405513119e-05
löwen,1,12044,8.302889405513119e-05
gemahlenen,1,12044,8.302889405513119e-05
lechzen,1,12044,8.302889405513119e-05
hellbraune,1,12044,8.302889405513119e-05
oberen,1,12044,8.302889405513119e-05
genügend,1,12044,8.302889405513119e-05
flüssigkeit,1,12044,8.302889405513119e-05
zeigt,1,12044,8.302889405513119e-05
entflieht,1,12044,8.302889405513119e-05
wasserwechsel,1,12044,8.302889405513119e-05
koclibeutel,1,12044,8.302889405513119e-05
speckgriefen,1,12044,8.302889405513119e-05
zerdrückt,1,12044,8.302889405513119e-05
wohlschmeckender,1,12044,8.302889405513119e-05
kriegsefnährung,1,12044,8.302889405513119e-05
mehlklünipchen,1,12044,8.302889405513119e-05
lebensmittelpreisen,1,12044,8.302889405513119e-05
kochan,1,12044,8.302889405513119e-05
106,1,12044,8.302889405513119e-05
unsern,1,12044,8.302889405513119e-05
eiweiß,1,12044,8.302889405513119e-05
hergegangen,1,12044,8.302889405513119e-05
stockfischstücke,1,12044,8.302889405513119e-05
dunkelgelbe,1,12044,8.302889405513119e-05
8mittelgroße,1,12044,8.302889405513119e-05
säuberung,1,12044,8.302889405513119e-05
gebirgler,1,12044,8.302889405513119e-05
hurra,1,12044,8.302889405513119e-05
langjährigen,1,12044,8.302889405513119e-05
inhaltsverzeichnis,1,12044,8.302889405513119e-05
92,1,12044,8.302889405513119e-05
folgender,1,12044,8.302889405513119e-05
ki,1,12044,8.302889405513119e-05
gewohnheit,1,12044,8.302889405513119e-05
allgemein,1,12044,8.302889405513119e-05
empfehlen,1,12044,8.302889405513119e-05
kaltgestellt,1,12044,8.302889405513119e-05
essen,1,12044,8.302889405513119e-05
eingequirlt,1,12044,8.302889405513119e-05
abgeriebener,1,12044,8.302889405513119e-05
orte,1,12044,8.302889405513119e-05
taten,1,12044,8.302889405513119e-05
nährstoffe,1,12044,8.302889405513119e-05
kartoffelgericlite,1,12044,8.302889405513119e-05
innere,1,12044,8.302889405513119e-05
idealen,1,12044,8.302889405513119e-05
kalter,1,12044,8.302889405513119e-05
3u,1,12044,8.302889405513119e-05
gerie,1,12044,8.302889405513119e-05
zugegossen,1,12044,8.302889405513119e-05
angepaßte,1,12044,8.302889405513119e-05
mitkämpfer,1,12044,8.302889405513119e-05
üll,1,12044,8.302889405513119e-05
fahnen,1,12044,8.302889405513119e-05
anzuwenden,1,12044,8.302889405513119e-05
besatzung,1,12044,8.302889405513119e-05
kleis,1,12044,8.302889405513119e-05
saurer,1,12044,8.302889405513119e-05
eines,1,12044,8.302889405513119e-05
gewiegte,1,12044,8.302889405513119e-05
ausgedrückt,1,12044,8.302889405513119e-05
senen,1,12044,8.302889405513119e-05
schlachten,1,12044,8.302889405513119e-05
mau,1,12044,8.302889405513119e-05
büchlein,1,12044,8.302889405513119e-05
stockfische,1,12044,8.302889405513119e-05
waschbarem,1,12044,8.302889405513119e-05
vollständig,1,12044,8.302889405513119e-05
erlebnissen,1,12044,8.302889405513119e-05
brennmaterial,1,12044,8.302889405513119e-05
blumenkohls,1,12044,8.302889405513119e-05
gestrichene,1,12044,8.302889405513119e-05
ausgekocht,1,12044,8.302889405513119e-05
llllllllllllllllllllllllllllllllllllllmilililllllllllllllillllllllllllllllllllllllllllllllllllllllllllllllmiiiiiimiiiiiiiiiiiiiiiiiiiiiiiiimiiilillllllllllllllllllllllmiiiiiiiiiii,1,12044,8.302889405513119e-05
96,1,12044,8.302889405513119e-05
abziehen,1,12044,8.302889405513119e-05
überwendliche,1,12044,8.302889405513119e-05
befreite,1,12044,8.302889405513119e-05
riebene,1,12044,8.302889405513119e-05
stürzt,1,12044,8.302889405513119e-05
n3,1,12044,8.302889405513119e-05
gries,1,12044,8.302889405513119e-05
beginn,1,12044,8.302889405513119e-05
semmelbröekchen,1,12044,8.302889405513119e-05
aufeinandergelegtem,1,12044,8.302889405513119e-05
schilderungen,1,12044,8.302889405513119e-05
nachklingen,1,12044,8.302889405513119e-05
ausgerollt,1,12044,8.302889405513119e-05
lösen,1,12044,8.302889405513119e-05
zerdrückten,1,12044,8.302889405513119e-05
gewässerten,1,12044,8.302889405513119e-05
lebenswahr,1,12044,8.302889405513119e-05
geschenkleinenband,1,12044,8.302889405513119e-05
gekochtes,1,12044,8.302889405513119e-05
was,1,12044,8.302889405513119e-05
gestoßenem,1,12044,8.302889405513119e-05
verschiedener,1,12044,8.302889405513119e-05
dorf,1,12044,8.302889405513119e-05
schwerste,1,12044,8.302889405513119e-05
packend,1,12044,8.302889405513119e-05
verwüstungen,1,12044,8.302889405513119e-05
krautkopf,1,12044,8.302889405513119e-05
streichen,1,12044,8.302889405513119e-05
schwitzt,1,12044,8.302889405513119e-05
neuesten,1,12044,8.302889405513119e-05
gewaschene,1,12044,8.302889405513119e-05
aufmarsches,1,12044,8.302889405513119e-05
abwechselnd,1,12044,8.302889405513119e-05
gestrichenen,1,12044,8.302889405513119e-05
während,1,12044,8.302889405513119e-05
liittich,1,12044,8.302889405513119e-05
minister,1,12044,8.302889405513119e-05
zufügt,1,12044,8.302889405513119e-05
93,1,12044,8.302889405513119e-05
liedertext,1,12044,8.302889405513119e-05
schweinespeck,1,12044,8.302889405513119e-05
ver,1,12044,8.302889405513119e-05
brotscheiben,1,12044,8.302889405513119e-05
beliebtesten,1,12044,8.302889405513119e-05
scharnieren,1,12044,8.302889405513119e-05
vorhandenen,1,12044,8.302889405513119e-05
viele,1,12044,8.302889405513119e-05
haft,1,12044,8.302889405513119e-05
wobei,1,12044,8.302889405513119e-05
stange,1,12044,8.302889405513119e-05
fördern,1,12044,8.302889405513119e-05
tiegel,1,12044,8.302889405513119e-05
derbes,1,12044,8.302889405513119e-05
dill,1,12044,8.302889405513119e-05
zerquirlt,1,12044,8.302889405513119e-05
wiederum,1,12044,8.302889405513119e-05
pflicht,1,12044,8.302889405513119e-05
aufkocht,1,12044,8.302889405513119e-05
lü,1,12044,8.302889405513119e-05
verdickt,1,12044,8.302889405513119e-05
ucberreste,1,12044,8.302889405513119e-05
einhüllen,1,12044,8.302889405513119e-05
geschriebenen,1,12044,8.302889405513119e-05
angerührt,1,12044,8.302889405513119e-05
beiseite,1,12044,8.302889405513119e-05
topfhöhlung,1,12044,8.302889405513119e-05
topfhöhe,1,12044,8.302889405513119e-05
frischgeschnittener,1,12044,8.302889405513119e-05
örtlichen,1,12044,8.302889405513119e-05
felde,1,12044,8.302889405513119e-05
abzureiben,1,12044,8.302889405513119e-05
aufflammen,1,12044,8.302889405513119e-05
runden,1,12044,8.302889405513119e-05
kurze,1,12044,8.302889405513119e-05
nieder,1,12044,8.302889405513119e-05
niedergerungen,1,12044,8.302889405513119e-05
fisches,1,12044,8.302889405513119e-05
suppenkraut,1,12044,8.302889405513119e-05
spar,1,12044,8.302889405513119e-05
möchten,1,12044,8.302889405513119e-05
silie,1,12044,8.302889405513119e-05
kalbskopfes,1,12044,8.302889405513119e-05
geschnittener,1,12044,8.302889405513119e-05
junge,1,12044,8.302889405513119e-05
johannisbeersaft,1,12044,8.302889405513119e-05
braunen,1,12044,8.302889405513119e-05
sägespänen,1,12044,8.302889405513119e-05
verwundet,1,12044,8.302889405513119e-05
heißt,1,12044,8.302889405513119e-05
steif,1,12044,8.302889405513119e-05
eingekerbt,1,12044,8.302889405513119e-05
weizenmehl,1,12044,8.302889405513119e-05
zusagenden,1,12044,8.302889405513119e-05
dank,1,12044,8.302889405513119e-05
wertvolle,1,12044,8.302889405513119e-05
feldpostbriefen,1,12044,8.302889405513119e-05
bolzen,1,12044,8.302889405513119e-05
beschwert,1,12044,8.302889405513119e-05
wassers,1,12044,8.302889405513119e-05
augen,1,12044,8.302889405513119e-05
oberer,1,12044,8.302889405513119e-05
kriegsvorschrift,1,12044,8.302889405513119e-05
bosenkohl,1,12044,8.302889405513119e-05
eingehüllte,1,12044,8.302889405513119e-05
verbesserte,1,12044,8.302889405513119e-05
vorbemerkungen,1,12044,8.302889405513119e-05
ausgebreitet,1,12044,8.302889405513119e-05
kleingeschnittenen,1,12044,8.302889405513119e-05
sohon,1,12044,8.302889405513119e-05
eierersatzmittel,1,12044,8.302889405513119e-05
erkalten,1,12044,8.302889405513119e-05
tomaten,1,12044,8.302889405513119e-05
köpfe,1,12044,8.302889405513119e-05
heringshäckcrle,1,12044,8.302889405513119e-05
"krieg""",1,12044,8.302889405513119e-05
ange,1,12044,8.302889405513119e-05
verquirlt,1,12044,8.302889405513119e-05
dürfen,1,12044,8.302889405513119e-05
nacht,1,12044,8.302889405513119e-05
bisherige,1,12044,8.302889405513119e-05
tueli,1,12044,8.302889405513119e-05
feinden,1,12044,8.302889405513119e-05
zerriebenen,1,12044,8.302889405513119e-05
schmiegsam,1,12044,8.302889405513119e-05
fleischt,1,12044,8.302889405513119e-05
scharfe,1,12044,8.302889405513119e-05
hauptinhalt,1,12044,8.302889405513119e-05
abgetupft,1,12044,8.302889405513119e-05
schalkartoffeln,1,12044,8.302889405513119e-05
gefülltem,1,12044,8.302889405513119e-05
apfelsinenschale,1,12044,8.302889405513119e-05
abendessen,1,12044,8.302889405513119e-05
häufigem,1,12044,8.302889405513119e-05
kuns,1,12044,8.302889405513119e-05
brotsuppen,1,12044,8.302889405513119e-05
eßlöffeln,1,12044,8.302889405513119e-05
eindringt,1,12044,8.302889405513119e-05
gelöscht,1,12044,8.302889405513119e-05
gehäuft,1,12044,8.302889405513119e-05
tapferes,1,12044,8.302889405513119e-05
bildern,1,12044,8.302889405513119e-05
vorbereitet,1,12044,8.302889405513119e-05
hellgelb,1,12044,8.302889405513119e-05
halbiert,1,12044,8.302889405513119e-05
länger,1,12044,8.302889405513119e-05
überaus,1,12044,8.302889405513119e-05
jugendschrift,1,12044,8.302889405513119e-05
brett,1,12044,8.302889405513119e-05
kulturbesitz,1,12044,8.302889405513119e-05
geschwitzt,1,12044,8.302889405513119e-05
bild,1,12044,8.302889405513119e-05
hindenburgs,1,12044,8.302889405513119e-05
no,1,12044,8.302889405513119e-05
wechselnd,1,12044,8.302889405513119e-05
gleichen,1,12044,8.302889405513119e-05
wegen,1,12044,8.302889405513119e-05
würzelbrühe,1,12044,8.302889405513119e-05
passenden,1,12044,8.302889405513119e-05
aufzeichnungen,1,12044,8.302889405513119e-05
zerlegte,1,12044,8.302889405513119e-05
möge,1,12044,8.302889405513119e-05
feuer,1,12044,8.302889405513119e-05
paar,1,12044,8.302889405513119e-05
glaubten,1,12044,8.302889405513119e-05
herdes,1,12044,8.302889405513119e-05
s1,1,12044,8.302889405513119e-05
eidotter,1,12044,8.302889405513119e-05
gehoben,1,12044,8.302889405513119e-05
äußerte,1,12044,8.302889405513119e-05
hannemann,1,12044,8.302889405513119e-05
verschlußvorrichtung,1,12044,8.302889405513119e-05
schnittenes,1,12044,8.302889405513119e-05
handtuch,1,12044,8.302889405513119e-05
wasserbado,1,12044,8.302889405513119e-05
erprobt,1,12044,8.302889405513119e-05
herrichten,1,12044,8.302889405513119e-05
hierauf,1,12044,8.302889405513119e-05
abzuschaben,1,12044,8.302889405513119e-05
bekannten,1,12044,8.302889405513119e-05
aufeinander,1,12044,8.302889405513119e-05
bouillonwürfeln,1,12044,8.302889405513119e-05
aufgelöstem,1,12044,8.302889405513119e-05
abgelöste,1,12044,8.302889405513119e-05
truppen?,1,12044,8.302889405513119e-05
kugeln,1,12044,8.302889405513119e-05
schmack,1,12044,8.302889405513119e-05
geschnittenes,1,12044,8.302889405513119e-05
zerteilt,1,12044,8.302889405513119e-05
bezogen,1,12044,8.302889405513119e-05
speise,1,12044,8.302889405513119e-05
hauptstadt,1,12044,8.302889405513119e-05
schmalseiten,1,12044,8.302889405513119e-05
mittelgroße,1,12044,8.302889405513119e-05
daheimgebliebenen,1,12044,8.302889405513119e-05
3y2,1,12044,8.302889405513119e-05
letzte,1,12044,8.302889405513119e-05
kartoffelspeisen,1,12044,8.302889405513119e-05
ergreifende,1,12044,8.302889405513119e-05
160,1,12044,8.302889405513119e-05
bayrischen,1,12044,8.302889405513119e-05
darstellung,1,12044,8.302889405513119e-05
beigegeben,1,12044,8.302889405513119e-05
vii,1,12044,8.302889405513119e-05
papierspänen,1,12044,8.302889405513119e-05
abgehäutet,1,12044,8.302889405513119e-05
eroberung,1,12044,8.302889405513119e-05
geboten,1,12044,8.302889405513119e-05
bsi,1,12044,8.302889405513119e-05
mehlklümpchen,1,12044,8.302889405513119e-05
„so,1,12044,8.302889405513119e-05
warm,1,12044,8.302889405513119e-05
meerrettigtunko,1,12044,8.302889405513119e-05
eierersatz,1,12044,8.302889405513119e-05
umrühen,1,12044,8.302889405513119e-05
langt,1,12044,8.302889405513119e-05
festgeschlossene,1,12044,8.302889405513119e-05
pflaumen,1,12044,8.302889405513119e-05
hält,1,12044,8.302889405513119e-05
paprika,1,12044,8.302889405513119e-05
obst,1,12044,8.302889405513119e-05
pilz,1,12044,8.302889405513119e-05
hülsenfrüchte,1,12044,8.302889405513119e-05
glasig,1,12044,8.302889405513119e-05
beinfleisch,1,12044,8.302889405513119e-05
v\w,1,12044,8.302889405513119e-05
rosinenreis,1,12044,8.302889405513119e-05
zarte,1,12044,8.302889405513119e-05
verfolgende,1,12044,8.302889405513119e-05
gepaniert,1,12044,8.302889405513119e-05
erfindungsgabe,1,12044,8.302889405513119e-05
ausdauer,1,12044,8.302889405513119e-05
bewohner,1,12044,8.302889405513119e-05
liederbuch,1,12044,8.302889405513119e-05
geriebenes,1,12044,8.302889405513119e-05
schnöden,1,12044,8.302889405513119e-05
schöne,1,12044,8.302889405513119e-05
gewicht,1,12044,8.302889405513119e-05
gelbliche,1,12044,8.302889405513119e-05
ruhmes,1,12044,8.302889405513119e-05
kochlöffel,1,12044,8.302889405513119e-05
sobald,1,12044,8.302889405513119e-05
l1,1,12044,8.302889405513119e-05
bestäubt,1,12044,8.302889405513119e-05
mte,1,12044,8.302889405513119e-05
boß,1,12044,8.302889405513119e-05
schaum,1,12044,8.302889405513119e-05
dunkelgelber,1,12044,8.302889405513119e-05
glatter,1,12044,8.302889405513119e-05
brotscheibchen,1,12044,8.302889405513119e-05
fesselnder,1,12044,8.302889405513119e-05
kinder,1,12044,8.302889405513119e-05
kühl,1,12044,8.302889405513119e-05
pflaumenmusturike,1,12044,8.302889405513119e-05
uebertreibungen,1,12044,8.302889405513119e-05
iiiiiiiiiiiiiiiiiimiiiiiiiiiiiiiiiiiiiimniiiiiiiiiiiiiiiiiiiiiiiiiiiiiiiiiiiiiiiiiiimiiiiiiiiiiiiiiiiimiiniiiiiiiiiiiiiiimiiiniiiiiiiiiiimiimiiiiiiiiimiiiiiimmnjii,1,12044,8.302889405513119e-05
finden,1,12044,8.302889405513119e-05
makkaroniwasser,1,12044,8.302889405513119e-05
stoffabfall,1,12044,8.302889405513119e-05
entweder,1,12044,8.302889405513119e-05
dieselben,1,12044,8.302889405513119e-05
daranblcibt,1,12044,8.302889405513119e-05
gemüsearten,1,12044,8.302889405513119e-05
leot,1,12044,8.302889405513119e-05
besten,1,12044,8.302889405513119e-05
teuer,1,12044,8.302889405513119e-05
vornehm,1,12044,8.302889405513119e-05
treibt,1,12044,8.302889405513119e-05
berliner,1,12044,8.302889405513119e-05
erdrübe,1,12044,8.302889405513119e-05
strang,1,12044,8.302889405513119e-05
bratentunkenreste,1,12044,8.302889405513119e-05
gelingebrühe,1,12044,8.302889405513119e-05
pl,1,12044,8.302889405513119e-05
rindertalg,1,12044,8.302889405513119e-05
wasserbade,1,12044,8.302889405513119e-05
beilagen,1,12044,8.302889405513119e-05
lebens,1,12044,8.302889405513119e-05
knoblauchwurst,1,12044,8.302889405513119e-05
herrührt,1,12044,8.302889405513119e-05
8d,1,12044,8.302889405513119e-05
ueberlaufen,1,12044,8.302889405513119e-05
zusammengenäht,1,12044,8.302889405513119e-05
ungeschälten,1,12044,8.302889405513119e-05
„kaliber,1,12044,8.302889405513119e-05
häufig,1,12044,8.302889405513119e-05
oft,1,12044,8.302889405513119e-05
wegbleiben,1,12044,8.302889405513119e-05
erprobte,1,12044,8.302889405513119e-05
verschiedensten,1,12044,8.302889405513119e-05
fischstückchen,1,12044,8.302889405513119e-05
brüht,1,12044,8.302889405513119e-05
erpr,1,12044,8.302889405513119e-05
billigen,1,12044,8.302889405513119e-05
stetem,1,12044,8.302889405513119e-05
kartoffelbrei,1,12044,8.302889405513119e-05
erkannt,1,12044,8.302889405513119e-05
tuch,1,12044,8.302889405513119e-05
spart,1,12044,8.302889405513119e-05
„kriegspflichten,1,12044,8.302889405513119e-05
verwendung,1,12044,8.302889405513119e-05
jedes,1,12044,8.302889405513119e-05
dienen,1,12044,8.302889405513119e-05
weiter,1,12044,8.302889405513119e-05
bereitung,1,12044,8.302889405513119e-05
schweinefuß,1,12044,8.302889405513119e-05
schweizerkäse,1,12044,8.302889405513119e-05
roher,1,12044,8.302889405513119e-05
"""20",1,12044,8.302889405513119e-05
trockenen,1,12044,8.302889405513119e-05
abrührt,1,12044,8.302889405513119e-05
biwak,1,12044,8.302889405513119e-05
anstatt,1,12044,8.302889405513119e-05
„das,1,12044,8.302889405513119e-05
verlängert,1,12044,8.302889405513119e-05
geputzte,1,12044,8.302889405513119e-05
lebensmittelpreise,1,12044,8.302889405513119e-05
kohr,1,12044,8.302889405513119e-05
ihnen,1,12044,8.302889405513119e-05
gebräuchlichen,1,12044,8.302889405513119e-05
klaken,1,12044,8.302889405513119e-05
hingebung,1,12044,8.302889405513119e-05
übrig,1,12044,8.302889405513119e-05
feingehackte,1,12044,8.302889405513119e-05
gründliche,1,12044,8.302889405513119e-05
geschälte,1,12044,8.302889405513119e-05
rande,1,12044,8.302889405513119e-05
tunkeim,1,12044,8.302889405513119e-05
dünstet,1,12044,8.302889405513119e-05
rundtunke,1,12044,8.302889405513119e-05
schnellen,1,12044,8.302889405513119e-05
legiert,1,12044,8.302889405513119e-05
r,1,12044,8.302889405513119e-05
schnitten,1,12044,8.302889405513119e-05
unabweisbaren,1,12044,8.302889405513119e-05
kür,1,12044,8.302889405513119e-05
