ngram,count,total_words,frequency
und,150,4204,0.0356803044719315
man,102,4204,0.024262607040913417
die,97,4204,0.0230732635585157
in,73,4204,0.01736441484300666
1,70,4204,0.01665080875356803
der,55,4204,0.013082778306374882
voll,50,4204,0.011893434823977164
mit,47,4204,0.011179828734538535
zu,46,4204,0.010941960038058992
sie,39,4204,0.009276879162702189
das,38,4204,0.009039010466222646
ein,35,4204,0.008325404376784015
oder,34,4204,0.008087535680304472
ist,34,4204,0.008087535680304472
den,33,4204,0.00784966698382493
so,31,4204,0.007373929590865842
sich,31,4204,0.007373929590865842
wasser,31,4204,0.007373929590865842
dann,30,4204,0.007136060894386299
eine,29,4204,0.006898192197906755
2,28,4204,0.006660323501427212
nicht,27,4204,0.006422454804947669
nr,27,4204,0.006422454804947669
auch,25,4204,0.005946717411988582
theelöffel,24,4204,0.005708848715509039
von,24,4204,0.005708848715509039
auf,24,4204,0.005708848715509039
es,23,4204,0.005470980019029496
ich,22,4204,0.005233111322549952
wenn,21,4204,0.0049952426260704095
noch,20,4204,0.004757373929590866
nun,20,4204,0.004757373929590866
zucker,18,4204,0.004281636536631779
butter,17,4204,0.004043767840152236
nach,17,4204,0.004043767840152236
einen,16,4204,0.003805899143672693
pfanne,16,4204,0.003805899143672693
für,15,4204,0.0035680304471931495
läßt,15,4204,0.0035680304471931495
salz,14,4204,0.003330161750713606
daß,14,4204,0.003330161750713606
einer,14,4204,0.003330161750713606
3,14,4204,0.003330161750713606
im,14,4204,0.003330161750713606
etwas,13,4204,0.003092293054234063
wie,13,4204,0.003092293054234063
dies,13,4204,0.003092293054234063
milch,13,4204,0.003092293054234063
dem,13,4204,0.003092293054234063
eier,12,4204,0.0028544243577545195
werden,12,4204,0.0028544243577545195
thut,12,4204,0.0028544243577545195
als,12,4204,0.0028544243577545195
wird,12,4204,0.0028544243577545195
hinein,12,4204,0.0028544243577545195
tasse,12,4204,0.0028544243577545195
ihn,11,4204,0.002616555661274976
er,11,4204,0.002616555661274976
eßlöffel,11,4204,0.002616555661274976
5,11,4204,0.002616555661274976
einige,11,4204,0.002616555661274976
glas,10,4204,0.002378686964795433
suppe,10,4204,0.002378686964795433
schon,10,4204,0.002378686964795433
rührt,9,4204,0.0021408182683158895
dazu,9,4204,0.0021408182683158895
doch,9,4204,0.0021408182683158895
sind,9,4204,0.0021408182683158895
kann,9,4204,0.0021408182683158895
löffel,9,4204,0.0021408182683158895
4,9,4204,0.0021408182683158895
schnell,8,4204,0.0019029495718363464
was,8,4204,0.0019029495718363464
hat,8,4204,0.0019029495718363464
kleine,8,4204,0.0019029495718363464
um,8,4204,0.0019029495718363464
bis,8,4204,0.0019029495718363464
leicht,8,4204,0.0019029495718363464
kartoffeln,7,4204,0.001665080875356803
18,7,4204,0.001665080875356803
kochen,7,4204,0.001665080875356803
bei,7,4204,0.001665080875356803
damit,7,4204,0.001665080875356803
einem,7,4204,0.001665080875356803
aber,7,4204,0.001665080875356803
seite,7,4204,0.001665080875356803
citrone,7,4204,0.001665080875356803
abschnitt,7,4204,0.001665080875356803
des,7,4204,0.001665080875356803
ja,6,4204,0.0014272121788772598
fertig,6,4204,0.0014272121788772598
ur,6,4204,0.0014272121788772598
wünscht,6,4204,0.0014272121788772598
thee,6,4204,0.0014272121788772598
rühren,6,4204,0.0014272121788772598
teller,6,4204,0.0014272121788772598
haben,6,4204,0.0014272121788772598
minuten,6,4204,0.0014272121788772598
speck,6,4204,0.0014272121788772598
nimmt,6,4204,0.0014272121788772598
10,6,4204,0.0014272121788772598
zwiebel,6,4204,0.0014272121788772598
26,6,4204,0.0014272121788772598
unter,6,4204,0.0014272121788772598
an,6,4204,0.0014272121788772598
thue,6,4204,0.0014272121788772598
stunde,6,4204,0.0014272121788772598
ge,6,4204,0.0014272121788772598
hinzu,6,4204,0.0014272121788772598
wassers,6,4204,0.0014272121788772598
weich,6,4204,0.0014272121788772598
alles,6,4204,0.0014272121788772598
aus,6,4204,0.0014272121788772598
bier,6,4204,0.0014272121788772598
kocht,6,4204,0.0014272121788772598
22,6,4204,0.0014272121788772598
am,5,4204,0.0011893434823977164
legt,5,4204,0.0011893434823977164
giebt,5,4204,0.0011893434823977164
sein,5,4204,0.0011893434823977164
durch,5,4204,0.0011893434823977164
bereitet,5,4204,0.0011893434823977164
da,5,4204,0.0011893434823977164
pfd,5,4204,0.0011893434823977164
wenig,5,4204,0.0011893434823977164
schinken,5,4204,0.0011893434823977164
nur,5,4204,0.0011893434823977164
studenten,5,4204,0.0011893434823977164
zum,5,4204,0.0011893434823977164
getränke,5,4204,0.0011893434823977164
„,5,4204,0.0011893434823977164
diese,5,4204,0.0011893434823977164
unten,5,4204,0.0011893434823977164
schaale,5,4204,0.0011893434823977164
will,5,4204,0.0011893434823977164
30,5,4204,0.0011893434823977164
fleisch,5,4204,0.0011893434823977164
feuer,5,4204,0.0011893434823977164
gläser,5,4204,0.0011893434823977164
25,5,4204,0.0011893434823977164
lasse,5,4204,0.0011893434823977164
ganze,5,4204,0.0011893434823977164
etwa,5,4204,0.0011893434823977164
lassen,5,4204,0.0011893434823977164
13,5,4204,0.0011893434823977164
je,5,4204,0.0011893434823977164
zusammen,5,4204,0.0011893434823977164
32,5,4204,0.0011893434823977164
7,5,4204,0.0011893434823977164
gries,5,4204,0.0011893434823977164
kochende,4,4204,0.0009514747859181732
vor,4,4204,0.0009514747859181732
kaffee,4,4204,0.0009514747859181732
getränk,4,4204,0.0009514747859181732
indem,4,4204,0.0009514747859181732
speisen,4,4204,0.0009514747859181732
rührei,4,4204,0.0009514747859181732
flamme,4,4204,0.0009514747859181732
6,4,4204,0.0009514747859181732
17,4,4204,0.0009514747859181732
gut,4,4204,0.0009514747859181732
oft,4,4204,0.0009514747859181732
fleischextrakt,4,4204,0.0009514747859181732
messer,4,4204,0.0009514747859181732
bouillon,4,4204,0.0009514747859181732
24,4,4204,0.0009514747859181732
geworden,4,4204,0.0009514747859181732
gabel,4,4204,0.0009514747859181732
wohl,4,4204,0.0009514747859181732
salat,4,4204,0.0009514747859181732
20,4,4204,0.0009514747859181732
kondensirte,4,4204,0.0009514747859181732
hand,4,4204,0.0009514747859181732
gar,4,4204,0.0009514747859181732
beim,4,4204,0.0009514747859181732
blech,4,4204,0.0009514747859181732
rühre,4,4204,0.0009514747859181732
immer,4,4204,0.0009514747859181732
12,4,4204,0.0009514747859181732
wieder,4,4204,0.0009514747859181732
33,4,4204,0.0009514747859181732
sgr,4,4204,0.0009514747859181732
scheiben,4,4204,0.0009514747859181732
31,4,4204,0.0009514747859181732
besten,4,4204,0.0009514747859181732
gleich,4,4204,0.0009514747859181732
masse,4,4204,0.0009514747859181732
besonders,4,4204,0.0009514747859181732
brod,4,4204,0.0009514747859181732
setze,4,4204,0.0009514747859181732
nebst,4,4204,0.0009514747859181732
kopf,4,4204,0.0009514747859181732
16,4,4204,0.0009514747859181732
28,4,4204,0.0009514747859181732
stehen,4,4204,0.0009514747859181732
23,4,4204,0.0009514747859181732
ab,4,4204,0.0009514747859181732
21,4,4204,0.0009514747859181732
jedoch,4,4204,0.0009514747859181732
ganz,4,4204,0.0009514747859181732
während,4,4204,0.0009514747859181732
geschmack,4,4204,0.0009514747859181732
gelb,4,4204,0.0009514747859181732
dieselben,4,4204,0.0009514747859181732
machen,4,4204,0.0009514747859181732
i,4,4204,0.0009514747859181732
^,4,4204,0.0009514747859181732
topf,4,4204,0.0009514747859181732
gesetzt,4,4204,0.0009514747859181732
sehr,4,4204,0.0009514747859181732
kommt,4,4204,0.0009514747859181732
ohne,4,4204,0.0009514747859181732
davon,4,4204,0.0009514747859181732
selbst,4,4204,0.0009514747859181732
9,4,4204,0.0009514747859181732
vorher,3,4204,0.0007136060894386299
langsam,3,4204,0.0007136060894386299
meine,3,4204,0.0007136060894386299
dill,3,4204,0.0007136060894386299
frau,3,4204,0.0007136060894386299
kuchen,3,4204,0.0007136060894386299
reis,3,4204,0.0007136060894386299
über,3,4204,0.0007136060894386299
tiefen,3,4204,0.0007136060894386299
37,3,4204,0.0007136060894386299
essig,3,4204,0.0007136060894386299
nehme,3,4204,0.0007136060894386299
wirthin,3,4204,0.0007136060894386299
kalten,3,4204,0.0007136060894386299
tütchen,3,4204,0.0007136060894386299
zwar,3,4204,0.0007136060894386299
messerspitze,3,4204,0.0007136060894386299
29,3,4204,0.0007136060894386299
£,3,4204,0.0007136060894386299
alle,3,4204,0.0007136060894386299
möchte,3,4204,0.0007136060894386299
anfängt,3,4204,0.0007136060894386299
1875,3,4204,0.0007136060894386299
tiefe,3,4204,0.0007136060894386299
w,3,4204,0.0007136060894386299
seine,3,4204,0.0007136060894386299
ihnen,3,4204,0.0007136060894386299
weiße,3,4204,0.0007136060894386299
warme,3,4204,0.0007136060894386299
danach,3,4204,0.0007136060894386299
suppen,3,4204,0.0007136060894386299
geschnittenen,3,4204,0.0007136060894386299
trone,3,4204,0.0007136060894386299
pellkartoffeln,3,4204,0.0007136060894386299
mehl,3,4204,0.0007136060894386299
besser,3,4204,0.0007136060894386299
eben,3,4204,0.0007136060894386299
gieße,3,4204,0.0007136060894386299
schüssel,3,4204,0.0007136060894386299
34,3,4204,0.0007136060894386299
große,3,4204,0.0007136060894386299
allein,3,4204,0.0007136060894386299
jungen,3,4204,0.0007136060894386299
frisches,3,4204,0.0007136060894386299
viel,3,4204,0.0007136060894386299
winter,3,4204,0.0007136060894386299
essen,3,4204,0.0007136060894386299
trinken,3,4204,0.0007136060894386299
eierspeisen,3,4204,0.0007136060894386299
halb,3,4204,0.0007136060894386299
großen,3,4204,0.0007136060894386299
feine,3,4204,0.0007136060894386299
flasche,3,4204,0.0007136060894386299
brei,3,4204,0.0007136060894386299
schütte,3,4204,0.0007136060894386299
desgl,3,4204,0.0007136060894386299
einander,3,4204,0.0007136060894386299
be,3,4204,0.0007136060894386299
sonst,3,4204,0.0007136060894386299
brausepulver,3,4204,0.0007136060894386299
zimmt,3,4204,0.0007136060894386299
tropfen,3,4204,0.0007136060894386299
sollte,3,4204,0.0007136060894386299
stunden,3,4204,0.0007136060894386299
sieht,3,4204,0.0007136060894386299
freilich,3,4204,0.0007136060894386299
19,3,4204,0.0007136060894386299
11,3,4204,0.0007136060894386299
weißbrod,3,4204,0.0007136060894386299
nachdem,3,4204,0.0007136060894386299
limonaden,3,4204,0.0007136060894386299
ilr,3,4204,0.0007136060894386299
schlägt,3,4204,0.0007136060894386299
cervelatwurst,3,4204,0.0007136060894386299
rechne,3,4204,0.0007136060894386299
beiden,3,4204,0.0007136060894386299
stelle,3,4204,0.0007136060894386299
tassen,3,4204,0.0007136060894386299
vorbemerkungen,3,4204,0.0007136060894386299
fein,3,4204,0.0007136060894386299
einmal,3,4204,0.0007136060894386299
thnt,3,4204,0.0007136060894386299
zeit,3,4204,0.0007136060894386299
schmalz,3,4204,0.0007136060894386299
warmes,3,4204,0.0007136060894386299
ins,3,4204,0.0007136060894386299
frei,3,4204,0.0007136060894386299
füllt,3,4204,0.0007136060894386299
töpfchen,3,4204,0.0007136060894386299
kalte,3,4204,0.0007136060894386299
ci,3,4204,0.0007136060894386299
salate,3,4204,0.0007136060894386299
klar,3,4204,0.0007136060894386299
mir,3,4204,0.0007136060894386299
alsdann,3,4204,0.0007136060894386299
14,3,4204,0.0007136060894386299
eierkuchen,3,4204,0.0007136060894386299
dünn,3,4204,0.0007136060894386299
vorstehend,3,4204,0.0007136060894386299
schneidet,3,4204,0.0007136060894386299
27,3,4204,0.0007136060894386299
entzwei,2,4204,0.0004757373929590866
sei,2,4204,0.0004757373929590866
ritter,2,4204,0.0004757373929590866
lesen,2,4204,0.0004757373929590866
oel,2,4204,0.0004757373929590866
corinthen,2,4204,0.0004757373929590866
rind,2,4204,0.0004757373929590866
ihrer,2,4204,0.0004757373929590866
blechlöffel,2,4204,0.0004757373929590866
hart,2,4204,0.0004757373929590866
em,2,4204,0.0004757373929590866
backen,2,4204,0.0004757373929590866
schwer,2,4204,0.0004757373929590866
büchse,2,4204,0.0004757373929590866
heiß,2,4204,0.0004757373929590866
taffe,2,4204,0.0004757373929590866
hausmittel,2,4204,0.0004757373929590866
punsch,2,4204,0.0004757373929590866
tage,2,4204,0.0004757373929590866
lust,2,4204,0.0004757373929590866
büchschen,2,4204,0.0004757373929590866
safte,2,4204,0.0004757373929590866
verfasserin,2,4204,0.0004757373929590866
dieser,2,4204,0.0004757373929590866
geschraubt,2,4204,0.0004757373929590866
herrn,2,4204,0.0004757373929590866
mengt,2,4204,0.0004757373929590866
koppel,2,4204,0.0004757373929590866
viii,2,4204,0.0004757373929590866
einigen,2,4204,0.0004757373929590866
also,2,4204,0.0004757373929590866
ei,2,4204,0.0004757373929590866
inan,2,4204,0.0004757373929590866
einfaches,2,4204,0.0004757373929590866
vom,2,4204,0.0004757373929590866
würfel,2,4204,0.0004757373929590866
milchsuppe,2,4204,0.0004757373929590866
kaufe,2,4204,0.0004757373929590866
puffert,2,4204,0.0004757373929590866
st,2,4204,0.0004757373929590866
tassenkopf,2,4204,0.0004757373929590866
dick,2,4204,0.0004757373929590866
38,2,4204,0.0004757373929590866
diesem,2,4204,0.0004757373929590866
wo,2,4204,0.0004757373929590866
weile,2,4204,0.0004757373929590866
gurkensalat,2,4204,0.0004757373929590866
sauber,2,4204,0.0004757373929590866
dünnen,2,4204,0.0004757373929590866
streut,2,4204,0.0004757373929590866
colleg,2,4204,0.0004757373929590866
vi,2,4204,0.0004757373929590866
36,2,4204,0.0004757373929590866
kochtöpfchen,2,4204,0.0004757373929590866
schält,2,4204,0.0004757373929590866
mein,2,4204,0.0004757373929590866
tron,2,4204,0.0004757373929590866
na,2,4204,0.0004757373929590866
links,2,4204,0.0004757373929590866
kasserol,2,4204,0.0004757373929590866
denn,2,4204,0.0004757373929590866
eidotter,2,4204,0.0004757373929590866
beständigem,2,4204,0.0004757373929590866
pulverisirte,2,4204,0.0004757373929590866
gelbbraun,2,4204,0.0004757373929590866
uhr,2,4204,0.0004757373929590866
gebr,2,4204,0.0004757373929590866
ersteht,2,4204,0.0004757373929590866
kochbuch,2,4204,0.0004757373929590866
vergessen,2,4204,0.0004757373929590866
herstellen,2,4204,0.0004757373929590866
darüber,2,4204,0.0004757373929590866
gießt,2,4204,0.0004757373929590866
spiritus,2,4204,0.0004757373929590866
sagt,2,4204,0.0004757373929590866
höchst,2,4204,0.0004757373929590866
sondern,2,4204,0.0004757373929590866
quirl,2,4204,0.0004757373929590866
muß,2,4204,0.0004757373929590866
gegen,2,4204,0.0004757373929590866
hinzugethan,2,4204,0.0004757373929590866
wein,2,4204,0.0004757373929590866
weiche,2,4204,0.0004757373929590866
kleines,2,4204,0.0004757373929590866
baldriansthee,2,4204,0.0004757373929590866
8,2,4204,0.0004757373929590866
zubereitung,2,4204,0.0004757373929590866
erdbeer,2,4204,0.0004757373929590866
würzige,2,4204,0.0004757373929590866
gute,2,4204,0.0004757373929590866
gern,2,4204,0.0004757373929590866
ebenso,2,4204,0.0004757373929590866
machende,2,4204,0.0004757373929590866
iii,2,4204,0.0004757373929590866
terrine,2,4204,0.0004757373929590866
steigt,2,4204,0.0004757373929590866
hitze,2,4204,0.0004757373929590866
grüner,2,4204,0.0004757373929590866
druck,2,4204,0.0004757373929590866
bestreut,2,4204,0.0004757373929590866
vielleicht,2,4204,0.0004757373929590866
lieber,2,4204,0.0004757373929590866
blättern,2,4204,0.0004757373929590866
liebt,2,4204,0.0004757373929590866
präparirte,2,4204,0.0004757373929590866
quirle,2,4204,0.0004757373929590866
herum,2,4204,0.0004757373929590866
würde,2,4204,0.0004757373929590866
verlag,2,4204,0.0004757373929590866
solche,2,4204,0.0004757373929590866
dicht,2,4204,0.0004757373929590866
geschälte,2,4204,0.0004757373929590866
voraus,2,4204,0.0004757373929590866
bekommt,2,4204,0.0004757373929590866
süße,2,4204,0.0004757373929590866
bäckt,2,4204,0.0004757373929590866
schaum,2,4204,0.0004757373929590866
rezept,2,4204,0.0004757373929590866
reissuppe,2,4204,0.0004757373929590866
zergangen,2,4204,0.0004757373929590866
kochendem,2,4204,0.0004757373929590866
mischt,2,4204,0.0004757373929590866
student,2,4204,0.0004757373929590866
wirkt,2,4204,0.0004757373929590866
chokolade,2,4204,0.0004757373929590866
schneide,2,4204,0.0004757373929590866
bratwurst,2,4204,0.0004757373929590866
soviel,2,4204,0.0004757373929590866
nian,2,4204,0.0004757373929590866
wissenschaft,2,4204,0.0004757373929590866
brühe,2,4204,0.0004757373929590866
kopfschmerzen,2,4204,0.0004757373929590866
erhitzt,2,4204,0.0004757373929590866
"""",2,4204,0.0004757373929590866
rechts,2,4204,0.0004757373929590866
15,2,4204,0.0004757373929590866
zahl,2,4204,0.0004757373929590866
salzwasser,2,4204,0.0004757373929590866
kar,2,4204,0.0004757373929590866
eines,2,4204,0.0004757373929590866
hin,2,4204,0.0004757373929590866
crambambuli,2,4204,0.0004757373929590866
nennt,2,4204,0.0004757373929590866
selbige,2,4204,0.0004757373929590866
streifen,2,4204,0.0004757373929590866
setzt,2,4204,0.0004757373929590866
kartoffelmehl,2,4204,0.0004757373929590866
sol,2,4204,0.0004757373929590866
breuhahn,2,4204,0.0004757373929590866
mal,2,4204,0.0004757373929590866
körnchen,2,4204,0.0004757373929590866
rezepte,2,4204,0.0004757373929590866
schiller,2,4204,0.0004757373929590866
l,2,4204,0.0004757373929590866
kein,2,4204,0.0004757373929590866
gläsern,2,4204,0.0004757373929590866
z,2,4204,0.0004757373929590866
mau,2,4204,0.0004757373929590866
empfehle,2,4204,0.0004757373929590866
pe,2,4204,0.0004757373929590866
lieben,2,4204,0.0004757373929590866
fleischbrühe,2,4204,0.0004757373929590866
ofen,2,4204,0.0004757373929590866
kohl,2,4204,0.0004757373929590866
ii,2,4204,0.0004757373929590866
seinen,2,4204,0.0004757373929590866
stück,2,4204,0.0004757373929590866
seiten,2,4204,0.0004757373929590866
1^,2,4204,0.0004757373929590866
frühstück,2,4204,0.0004757373929590866
übrig,2,4204,0.0004757373929590866
warmen,2,4204,0.0004757373929590866
müssen,2,4204,0.0004757373929590866
mama,2,4204,0.0004757373929590866
frisch,1,4204,0.0002378686964795433
unbedeutende,1,4204,0.0002378686964795433
gestrigen,1,4204,0.0002378686964795433
weiß,1,4204,0.0002378686964795433
bcrcitrnöcs,1,4204,0.0002378686964795433
darf,1,4204,0.0002378686964795433
schrotkorn,1,4204,0.0002378686964795433
hammelfleischsuppe,1,4204,0.0002378686964795433
ober,1,4204,0.0002378686964795433
quirlt,1,4204,0.0002378686964795433
kichrei,1,4204,0.0002378686964795433
zur,1,4204,0.0002378686964795433
verstand,1,4204,0.0002378686964795433
apfelsinen,1,4204,0.0002378686964795433
sobald,1,4204,0.0002378686964795433
unserer,1,4204,0.0002378686964795433
schöne,1,4204,0.0002378686964795433
hübsch,1,4204,0.0002378686964795433
sauere,1,4204,0.0002378686964795433
guatemala,1,4204,0.0002378686964795433
ec,1,4204,0.0002378686964795433
manche,1,4204,0.0002378686964795433
andrer,1,4204,0.0002378686964795433
uleisiliier,1,4204,0.0002378686964795433
werk,1,4204,0.0002378686964795433
beste,1,4204,0.0002378686964795433
scheibcn,1,4204,0.0002378686964795433
theilt,1,4204,0.0002378686964795433
125,1,4204,0.0002378686964795433
mostrich,1,4204,0.0002378686964795433
gerade,1,4204,0.0002378686964795433
o,1,4204,0.0002378686964795433
neben,1,4204,0.0002378686964795433
eierschaalen,1,4204,0.0002378686964795433
setzen,1,4204,0.0002378686964795433
v\,1,4204,0.0002378686964795433
rest,1,4204,0.0002378686964795433
vorhergehenden,1,4204,0.0002378686964795433
gurken,1,4204,0.0002378686964795433
abendmahlzeit,1,4204,0.0002378686964795433
dutzend,1,4204,0.0002378686964795433
wälzt,1,4204,0.0002378686964795433
ne,1,4204,0.0002378686964795433
kochendes,1,4204,0.0002378686964795433
pfeife,1,4204,0.0002378686964795433
einfachen,1,4204,0.0002378686964795433
aufwand,1,4204,0.0002378686964795433
appetit,1,4204,0.0002378686964795433
gehörig,1,4204,0.0002378686964795433
min,1,4204,0.0002378686964795433
hinzufügen,1,4204,0.0002378686964795433
geruch,1,4204,0.0002378686964795433
essenszeit,1,4204,0.0002378686964795433
bewerkstelligen,1,4204,0.0002378686964795433
wissens,1,4204,0.0002378686964795433
andere,1,4204,0.0002378686964795433
braun,1,4204,0.0002378686964795433
gelbe,1,4204,0.0002378686964795433
frühmorgens,1,4204,0.0002378686964795433
aichrci,1,4204,0.0002378686964795433
reibt,1,4204,0.0002378686964795433
stehn,1,4204,0.0002378686964795433
öfterem,1,4204,0.0002378686964795433
chen,1,4204,0.0002378686964795433
außerdem,1,4204,0.0002378686964795433
collegiales,1,4204,0.0002378686964795433
steht,1,4204,0.0002378686964795433
entgegengesetzte,1,4204,0.0002378686964795433
stäubt,1,4204,0.0002378686964795433
umständen,1,4204,0.0002378686964795433
emeister,1,4204,0.0002378686964795433
befreie,1,4204,0.0002378686964795433
sachsen,1,4204,0.0002378686964795433
probieren,1,4204,0.0002378686964795433
nämlich,1,4204,0.0002378686964795433
kostet,1,4204,0.0002378686964795433
drob,1,4204,0.0002378686964795433
kalteschaalen,1,4204,0.0002378686964795433
r,1,4204,0.0002378686964795433
meinen,1,4204,0.0002378686964795433
himtierrkliltcschaalr,1,4204,0.0002378686964795433
nervöse,1,4204,0.0002378686964795433
lege,1,4204,0.0002378686964795433
schwester,1,4204,0.0002378686964795433
sedoch,1,4204,0.0002378686964795433
bereits,1,4204,0.0002378686964795433
verderben,1,4204,0.0002378686964795433
möglichst,1,4204,0.0002378686964795433
feines,1,4204,0.0002378686964795433
schlack,1,4204,0.0002378686964795433
übet,1,4204,0.0002378686964795433
lrdbrerlittlonlldk,1,4204,0.0002378686964795433
entfernen,1,4204,0.0002378686964795433
ob,1,4204,0.0002378686964795433
können,1,4204,0.0002378686964795433
solches,1,4204,0.0002378686964795433
großer,1,4204,0.0002378686964795433
heidel,1,4204,0.0002378686964795433
getauchte,1,4204,0.0002378686964795433
bereitendes,1,4204,0.0002378686964795433
klaren,1,4204,0.0002378686964795433
denen,1,4204,0.0002378686964795433
liebhaber,1,4204,0.0002378686964795433
vogel,1,4204,0.0002378686964795433
kleinem,1,4204,0.0002378686964795433
milchkalteschaalc,1,4204,0.0002378686964795433
gefüllt,1,4204,0.0002378686964795433
wollen,1,4204,0.0002378686964795433
groß,1,4204,0.0002378686964795433
breite,1,4204,0.0002378686964795433
wer,1,4204,0.0002378686964795433
endlich,1,4204,0.0002378686964795433
parirten,1,4204,0.0002378686964795433
mich,1,4204,0.0002378686964795433
manchen,1,4204,0.0002378686964795433
ehe,1,4204,0.0002378686964795433
vergnügt,1,4204,0.0002378686964795433
\,1,4204,0.0002378686964795433
trag,1,4204,0.0002378686964795433
daher,1,4204,0.0002378686964795433
dunkelgelb,1,4204,0.0002378686964795433
fleischausgabe,1,4204,0.0002378686964795433
akademisch,1,4204,0.0002378686964795433
nem,1,4204,0.0002378686964795433
stumm,1,4204,0.0002378686964795433
bekommen,1,4204,0.0002378686964795433
gewiß,1,4204,0.0002378686964795433
y,1,4204,0.0002378686964795433
kochbücher,1,4204,0.0002378686964795433
ueberau,1,4204,0.0002378686964795433
obstsuppen,1,4204,0.0002378686964795433
schäle,1,4204,0.0002378686964795433
älles,1,4204,0.0002378686964795433
eßwaaren,1,4204,0.0002378686964795433
kommode,1,4204,0.0002378686964795433
wissen,1,4204,0.0002378686964795433
},1,4204,0.0002378686964795433
finde,1,4204,0.0002378686964795433
spiegeleier,1,4204,0.0002378686964795433
sup,1,4204,0.0002378686964795433
gerupften,1,4204,0.0002378686964795433
weißbier,1,4204,0.0002378686964795433
treffend,1,4204,0.0002378686964795433
uhland,1,4204,0.0002378686964795433
kauft,1,4204,0.0002378686964795433
kitter,1,4204,0.0002378686964795433
raffinade,1,4204,0.0002378686964795433
innig,1,4204,0.0002378686964795433
brat,1,4204,0.0002378686964795433
transportabel,1,4204,0.0002378686964795433
sitte,1,4204,0.0002378686964795433
abgebrannt,1,4204,0.0002378686964795433
ohiie,1,4204,0.0002378686964795433
sic,1,4204,0.0002378686964795433
consum,1,4204,0.0002378686964795433
hut,1,4204,0.0002378686964795433
stark,1,4204,0.0002378686964795433
scheut,1,4204,0.0002378686964795433
erdbeeren,1,4204,0.0002378686964795433
weine,1,4204,0.0002378686964795433
bringe,1,4204,0.0002378686964795433
augen,1,4204,0.0002378686964795433
mediciner,1,4204,0.0002378686964795433
gebraten,1,4204,0.0002378686964795433
oefen,1,4204,0.0002378686964795433
hängnißvoll,1,4204,0.0002378686964795433
welcher,1,4204,0.0002378686964795433
hineinlegen,1,4204,0.0002378686964795433
ort,1,4204,0.0002378686964795433
dreht,1,4204,0.0002378686964795433
schnee,1,4204,0.0002378686964795433
brät,1,4204,0.0002378686964795433
edite,1,4204,0.0002378686964795433
por,1,4204,0.0002378686964795433
gethan,1,4204,0.0002378686964795433
beachte,1,4204,0.0002378686964795433
stücken,1,4204,0.0002378686964795433
vier,1,4204,0.0002378686964795433
verlauf,1,4204,0.0002378686964795433
womöglich,1,4204,0.0002378686964795433
prise,1,4204,0.0002378686964795433
wasserdampf,1,4204,0.0002378686964795433
her,1,4204,0.0002378686964795433
paßt,1,4204,0.0002378686964795433
oies,1,4204,0.0002378686964795433
klare,1,4204,0.0002378686964795433
interessante,1,4204,0.0002378686964795433
gienheft,1,4204,0.0002378686964795433
spitgel,1,4204,0.0002378686964795433
bereit,1,4204,0.0002378686964795433
berechnet,1,4204,0.0002378686964795433
schüsselchen,1,4204,0.0002378686964795433
abgießt,1,4204,0.0002378686964795433
kommen,1,4204,0.0002378686964795433
gehaltenem,1,4204,0.0002378686964795433
ähnlich,1,4204,0.0002378686964795433
musensohn,1,4204,0.0002378686964795433
gekocht,1,4204,0.0002378686964795433
mittagsmahl,1,4204,0.0002378686964795433
dings,1,4204,0.0002378686964795433
fortwährendem,1,4204,0.0002378686964795433
ißt,1,4204,0.0002378686964795433
eis,1,4204,0.0002378686964795433
linken,1,4204,0.0002378686964795433
vorteilhaftesten,1,4204,0.0002378686964795433
obstes,1,4204,0.0002378686964795433
außenrande,1,4204,0.0002378686964795433
froh,1,4204,0.0002378686964795433
mensch,1,4204,0.0002378686964795433
füllen,1,4204,0.0002378686964795433
erfolgreich,1,4204,0.0002378686964795433
it,1,4204,0.0002378686964795433
kneipen,1,4204,0.0002378686964795433
warm,1,4204,0.0002378686964795433
wegen,1,4204,0.0002378686964795433
cacao,1,4204,0.0002378686964795433
strengung,1,4204,0.0002378686964795433
ziehen,1,4204,0.0002378686964795433
diosius,1,4204,0.0002378686964795433
nock,1,4204,0.0002378686964795433
nmarenhandlung,1,4204,0.0002378686964795433
wann,1,4204,0.0002378686964795433
logeilanntc,1,4204,0.0002378686964795433
licr,1,4204,0.0002378686964795433
aut,1,4204,0.0002378686964795433
zugleich,1,4204,0.0002378686964795433
hineingelegt,1,4204,0.0002378686964795433
auswischt,1,4204,0.0002378686964795433
eisernen,1,4204,0.0002378686964795433
beliebig,1,4204,0.0002378686964795433
schmackhaft,1,4204,0.0002378686964795433
moussirend,1,4204,0.0002378686964795433
gutes,1,4204,0.0002378686964795433
katteschmilen,1,4204,0.0002378686964795433
chokoladensuppc,1,4204,0.0002378686964795433
aller,1,4204,0.0002378686964795433
scharf,1,4204,0.0002378686964795433
löffels,1,4204,0.0002378686964795433
besorgen,1,4204,0.0002378686964795433
oschersleben,1,4204,0.0002378686964795433
troleumkochofen,1,4204,0.0002378686964795433
wurzel,1,4204,0.0002378686964795433
limonade,1,4204,0.0002378686964795433
augenblick,1,4204,0.0002378686964795433
blieben,1,4204,0.0002378686964795433
kaff,1,4204,0.0002378686964795433
selterswastcr,1,4204,0.0002378686964795433
citronensäure,1,4204,0.0002378686964795433
ans,1,4204,0.0002378686964795433
eineu,1,4204,0.0002378686964795433
unpäßlichkeiten,1,4204,0.0002378686964795433
eigens,1,4204,0.0002378686964795433
kleiderschrankes,1,4204,0.0002378686964795433
mischer,1,4204,0.0002378686964795433
fälle,1,4204,0.0002378686964795433
andern,1,4204,0.0002378686964795433
probates,1,4204,0.0002378686964795433
heiter,1,4204,0.0002378686964795433
ver,1,4204,0.0002378686964795433
schlagene,1,4204,0.0002378686964795433
herstellbar,1,4204,0.0002378686964795433
außerordentlich,1,4204,0.0002378686964795433
hause,1,4204,0.0002378686964795433
schüttelt,1,4204,0.0002378686964795433
bat,1,4204,0.0002378686964795433
märchen,1,4204,0.0002378686964795433
fünfte,1,4204,0.0002378686964795433
abstehen,1,4204,0.0002378686964795433
erde,1,4204,0.0002378686964795433
elemente,1,4204,0.0002378686964795433
beides,1,4204,0.0002378686964795433
fließt,1,4204,0.0002378686964795433
kaffeemühle,1,4204,0.0002378686964795433
bereitung,1,4204,0.0002378686964795433
schäumend,1,4204,0.0002378686964795433
zubereiten,1,4204,0.0002378686964795433
wahr,1,4204,0.0002378686964795433
bibite,1,4204,0.0002378686964795433
zuvor,1,4204,0.0002378686964795433
falle,1,4204,0.0002378686964795433
unser,1,4204,0.0002378686964795433
cacaopnlver,1,4204,0.0002378686964795433
kunst,1,4204,0.0002378686964795433
gemachtes,1,4204,0.0002378686964795433
penkelle,1,4204,0.0002378686964795433
hinterläßt,1,4204,0.0002378686964795433
vorausgesetzt,1,4204,0.0002378686964795433
sirte,1,4204,0.0002378686964795433
durcheinander,1,4204,0.0002378686964795433
entkorkt,1,4204,0.0002378686964795433
schütteln,1,4204,0.0002378686964795433
rüttelt,1,4204,0.0002378686964795433
eiweiß,1,4204,0.0002378686964795433
iv,1,4204,0.0002378686964795433
chemifett,1,4204,0.0002378686964795433
cll^uq,1,4204,0.0002378686964795433
hier,1,4204,0.0002378686964795433
backe,1,4204,0.0002378686964795433
fol,1,4204,0.0002378686964795433
langem,1,4204,0.0002378686964795433
ökonomischen,1,4204,0.0002378686964795433
saurer,1,4204,0.0002378686964795433
dogmatik,1,4204,0.0002378686964795433
erdbrerkaltcschaale,1,4204,0.0002378686964795433
anwendbar,1,4204,0.0002378686964795433
sprudelndes,1,4204,0.0002378686964795433
bestehenden,1,4204,0.0002378686964795433
seht,1,4204,0.0002378686964795433
citronenscheiben,1,4204,0.0002378686964795433
ande,1,4204,0.0002378686964795433
"gesellt""",1,4204,0.0002378686964795433
fest,1,4204,0.0002378686964795433
arme,1,4204,0.0002378686964795433
gelhan,1,4204,0.0002378686964795433
geistes,1,4204,0.0002378686964795433
colle,1,4204,0.0002378686964795433
trügen,1,4204,0.0002378686964795433
daraus,1,4204,0.0002378686964795433
dir,1,4204,0.0002378686964795433
citronenlimonade,1,4204,0.0002378686964795433
iss,1,4204,0.0002378686964795433
fleilch,1,4204,0.0002378686964795433
immerhin,1,4204,0.0002378686964795433
sagen,1,4204,0.0002378686964795433
würdige,1,4204,0.0002378686964795433
müßte,1,4204,0.0002378686964795433
nummer,1,4204,0.0002378686964795433
roch,1,4204,0.0002378686964795433
selbstverständlich,1,4204,0.0002378686964795433
bietet,1,4204,0.0002378686964795433
getreue,1,4204,0.0002378686964795433
gesehen,1,4204,0.0002378686964795433
baldrian,1,4204,0.0002378686964795433
flockig,1,4204,0.0002378686964795433
erdbeerscheibe,1,4204,0.0002378686964795433
konden,1,4204,0.0002378686964795433
ökono,1,4204,0.0002378686964795433
landrecht,1,4204,0.0002378686964795433
nimm,1,4204,0.0002378686964795433
reiße,1,4204,0.0002378686964795433
wohlthätiq,1,4204,0.0002378686964795433
tässchen,1,4204,0.0002378686964795433
schein,1,4204,0.0002378686964795433
erfüllt,1,4204,0.0002378686964795433
empfiehlt,1,4204,0.0002378686964795433
spitze,1,4204,0.0002378686964795433
trakt,1,4204,0.0002378686964795433
wirkungen,1,4204,0.0002378686964795433
t9,1,4204,0.0002378686964795433
louillon,1,4204,0.0002378686964795433
entsteht,1,4204,0.0002378686964795433
lc],1,4204,0.0002378686964795433
gefährlich,1,4204,0.0002378686964795433
rechten,1,4204,0.0002378686964795433
anstatt,1,4204,0.0002378686964795433
geizige?,1,4204,0.0002378686964795433
klein,1,4204,0.0002378686964795433
soleier,1,4204,0.0002378686964795433
erfrischendes,1,4204,0.0002378686964795433
angeschnitten,1,4204,0.0002378686964795433
geblieben,1,4204,0.0002378686964795433
6®,1,4204,0.0002378686964795433
vocräthe,1,4204,0.0002378686964795433
vii,1,4204,0.0002378686964795433
milchkaltrschaale,1,4204,0.0002378686964795433
gebäck,1,4204,0.0002378686964795433
freunden,1,4204,0.0002378686964795433
menado,1,4204,0.0002378686964795433
stande,1,4204,0.0002378686964795433
t,1,4204,0.0002378686964795433
taschenmesser,1,4204,0.0002378686964795433
soit,1,4204,0.0002378686964795433
lunge,1,4204,0.0002378686964795433
droguerie,1,4204,0.0002378686964795433
lang,1,4204,0.0002378686964795433
niliü,1,4204,0.0002378686964795433
glasbiichschen,1,4204,0.0002378686964795433
hoch,1,4204,0.0002378686964795433
bratet,1,4204,0.0002378686964795433
griessuppe,1,4204,0.0002378686964795433
grbratciie,1,4204,0.0002378686964795433
kochapvarat,1,4204,0.0002378686964795433
heilt,1,4204,0.0002378686964795433
stu,1,4204,0.0002378686964795433
h,1,4204,0.0002378686964795433
’l,1,4204,0.0002378686964795433
bewaffneten,1,4204,0.0002378686964795433
geräth,1,4204,0.0002378686964795433
weinsteinsäure,1,4204,0.0002378686964795433
glücklich,1,4204,0.0002378686964795433
nügt,1,4204,0.0002378686964795433
genießen,1,4204,0.0002378686964795433
streiche,1,4204,0.0002378686964795433
einfachheit,1,4204,0.0002378686964795433
th,1,4204,0.0002378686964795433
zuwtilen,1,4204,0.0002378686964795433
genau,1,4204,0.0002378686964795433
schmalen,1,4204,0.0002378686964795433
schmack,1,4204,0.0002378686964795433
verfeinern,1,4204,0.0002378686964795433
schön,1,4204,0.0002378686964795433
heiße,1,4204,0.0002378686964795433
pfehlen,1,4204,0.0002378686964795433
halbirt,1,4204,0.0002378686964795433
senf,1,4204,0.0002378686964795433
wcißbiersuppe,1,4204,0.0002378686964795433
"nebels""",1,4204,0.0002378686964795433
wirkung,1,4204,0.0002378686964795433
vers,1,4204,0.0002378686964795433
bringt,1,4204,0.0002378686964795433
udensirte,1,4204,0.0002378686964795433
darum,1,4204,0.0002378686964795433
äußersten,1,4204,0.0002378686964795433
derselben,1,4204,0.0002378686964795433
lch,1,4204,0.0002378686964795433
stückchen,1,4204,0.0002378686964795433
durchkochen,1,4204,0.0002378686964795433
pfehle,1,4204,0.0002378686964795433
honuy,1,4204,0.0002378686964795433
behaupten,1,4204,0.0002378686964795433
koste,1,4204,0.0002378686964795433
cacaoputver,1,4204,0.0002378686964795433
entschloß,1,4204,0.0002378686964795433
weizenmehl,1,4204,0.0002378686964795433
verschlossene,1,4204,0.0002378686964795433
citronen,1,4204,0.0002378686964795433
siedepunkt,1,4204,0.0002378686964795433
darauf,1,4204,0.0002378686964795433
melancholie,1,4204,0.0002378686964795433
butterbrod,1,4204,0.0002378686964795433
schmerzen,1,4204,0.0002378686964795433
zimmtdurcheinander,1,4204,0.0002378686964795433
griessuppc,1,4204,0.0002378686964795433
wahrend,1,4204,0.0002378686964795433
geben,1,4204,0.0002378686964795433
gekrü,1,4204,0.0002378686964795433
gleichmäßigere,1,4204,0.0002378686964795433
sonne,1,4204,0.0002378686964795433
brunnenwasser,1,4204,0.0002378686964795433
länger,1,4204,0.0002378686964795433
laffrc,1,4204,0.0002378686964795433
entschuldigen,1,4204,0.0002378686964795433
talent,1,4204,0.0002378686964795433
zeilen,1,4204,0.0002378686964795433
rohe,1,4204,0.0002378686964795433
rings,1,4204,0.0002378686964795433
trocknen,1,4204,0.0002378686964795433
solchen,1,4204,0.0002378686964795433
empfehlenswerth,1,4204,0.0002378686964795433
richtig,1,4204,0.0002378686964795433
„tischchen,1,4204,0.0002378686964795433
tüchtig,1,4204,0.0002378686964795433
him,1,4204,0.0002378686964795433
bruder,1,4204,0.0002378686964795433
schließlich,1,4204,0.0002378686964795433
gehn,1,4204,0.0002378686964795433
hammelfleisch,1,4204,0.0002378686964795433
letzteren,1,4204,0.0002378686964795433
fern,1,4204,0.0002378686964795433
empfehlen,1,4204,0.0002378686964795433
bursch,1,4204,0.0002378686964795433
gemahlene,1,4204,0.0002378686964795433
beherzigen,1,4204,0.0002378686964795433
kohlsalat,1,4204,0.0002378686964795433
berichtigen,1,4204,0.0002378686964795433
chokoladenpulver,1,4204,0.0002378686964795433
führt,1,4204,0.0002378686964795433
abends,1,4204,0.0002378686964795433
benutzen,1,4204,0.0002378686964795433
fleischspeisen,1,4204,0.0002378686964795433
superbes,1,4204,0.0002378686964795433
heidelbeer,1,4204,0.0002378686964795433
geschälter,1,4204,0.0002378686964795433
ko,1,4204,0.0002378686964795433
könnte,1,4204,0.0002378686964795433
kruke,1,4204,0.0002378686964795433
statt,1,4204,0.0002378686964795433
aufgeweichte,1,4204,0.0002378686964795433
vermische,1,4204,0.0002378686964795433
prä,1,4204,0.0002378686964795433
löse,1,4204,0.0002378686964795433
kneipe,1,4204,0.0002378686964795433
gegossen,1,4204,0.0002378686964795433
kaffeelöffel,1,4204,0.0002378686964795433
äippc,1,4204,0.0002378686964795433
geschält,1,4204,0.0002378686964795433
geht,1,4204,0.0002378686964795433
meltem,1,4204,0.0002378686964795433
nührei,1,4204,0.0002378686964795433
hagrbutteusuppe,1,4204,0.0002378686964795433
kochend,1,4204,0.0002378686964795433
sämig,1,4204,0.0002378686964795433
du,1,4204,0.0002378686964795433
philosophie,1,4204,0.0002378686964795433
siedendes,1,4204,0.0002378686964795433
freunde,1,4204,0.0002378686964795433
geschnitten,1,4204,0.0002378686964795433
anleitung,1,4204,0.0002378686964795433
35,1,4204,0.0002378686964795433
betrachtet,1,4204,0.0002378686964795433
gequirlt,1,4204,0.0002378686964795433
sitzen,1,4204,0.0002378686964795433
nöthigen,1,4204,0.0002378686964795433
dieses,1,4204,0.0002378686964795433
versuche,1,4204,0.0002378686964795433
kolade,1,4204,0.0002378686964795433
füßchen,1,4204,0.0002378686964795433
seines,1,4204,0.0002378686964795433
kaltes,1,4204,0.0002378686964795433
durstig,1,4204,0.0002378686964795433
recht,1,4204,0.0002378686964795433
oscherslebe,1,4204,0.0002378686964795433
ithee,1,4204,0.0002378686964795433
milchsnppe,1,4204,0.0002378686964795433
lebenswärmec,1,4204,0.0002378686964795433
speis,1,4204,0.0002378686964795433
hörsälen,1,4204,0.0002378686964795433
aufgelöste,1,4204,0.0002378686964795433
süpplein,1,4204,0.0002378686964795433
red,1,4204,0.0002378686964795433
doppelt,1,4204,0.0002378686964795433
ttr,1,4204,0.0002378686964795433
hagenbuttenmuß,1,4204,0.0002378686964795433
dotter,1,4204,0.0002378686964795433
gekrümeltes,1,4204,0.0002378686964795433
d,1,4204,0.0002378686964795433
glase,1,4204,0.0002378686964795433
humor,1,4204,0.0002378686964795433
zwiebelstückchen,1,4204,0.0002378686964795433
geldbeutel,1,4204,0.0002378686964795433
unvermögensfalle,1,4204,0.0002378686964795433
eicr,1,4204,0.0002378686964795433
unternehme,1,4204,0.0002378686964795433
drum,1,4204,0.0002378686964795433
aussieht,1,4204,0.0002378686964795433
reitet,1,4204,0.0002378686964795433
sogar,1,4204,0.0002378686964795433
verzweifelte,1,4204,0.0002378686964795433
naß,1,4204,0.0002378686964795433
herausgenommen,1,4204,0.0002378686964795433
motto,1,4204,0.0002378686964795433
säure,1,4204,0.0002378686964795433
kartoff,1,4204,0.0002378686964795433
messerspitzchen,1,4204,0.0002378686964795433
ärmer,1,4204,0.0002378686964795433
pech,1,4204,0.0002378686964795433
kaufen,1,4204,0.0002378686964795433
oben,1,4204,0.0002378686964795433
hagebuttenmuß,1,4204,0.0002378686964795433
abendessen,1,4204,0.0002378686964795433
herzustellende,1,4204,0.0002378686964795433
umkommen,1,4204,0.0002378686964795433
klas,1,4204,0.0002378686964795433
fester,1,4204,0.0002378686964795433
sechser,1,4204,0.0002378686964795433
lartoffelsuppe,1,4204,0.0002378686964795433
erkalten,1,4204,0.0002378686964795433
entstehende,1,4204,0.0002378686964795433
zärtsten,1,4204,0.0002378686964795433
eingetreten,1,4204,0.0002378686964795433
überhaupt,1,4204,0.0002378686964795433
liebens,1,4204,0.0002378686964795433
hr,1,4204,0.0002378686964795433
mann,1,4204,0.0002378686964795433
dumpfigen,1,4204,0.0002378686964795433
„wird,1,4204,0.0002378686964795433
geschärften,1,4204,0.0002378686964795433
existirt,1,4204,0.0002378686964795433
schmackhafte,1,4204,0.0002378686964795433
feinen,1,4204,0.0002378686964795433
schwachem,1,4204,0.0002378686964795433
weggezogen,1,4204,0.0002378686964795433
idee,1,4204,0.0002378686964795433
sog,1,4204,0.0002378686964795433
bischofex,1,4204,0.0002378686964795433
bereitende,1,4204,0.0002378686964795433
viere,1,4204,0.0002378686964795433
mancherlei,1,4204,0.0002378686964795433
gehe,1,4204,0.0002378686964795433
uns,1,4204,0.0002378686964795433
derartig,1,4204,0.0002378686964795433
sogleich,1,4204,0.0002378686964795433
stimmte,1,4204,0.0002378686964795433
bandes,1,4204,0.0002378686964795433
wenigem,1,4204,0.0002378686964795433
•,1,4204,0.0002378686964795433
sauf,1,4204,0.0002378686964795433
herren,1,4204,0.0002378686964795433
zeiten,1,4204,0.0002378686964795433
saft,1,4204,0.0002378686964795433
„eine,1,4204,0.0002378686964795433
zer,1,4204,0.0002378686964795433
thalergroßen,1,4204,0.0002378686964795433
nie,1,4204,0.0002378686964795433
deshalb,1,4204,0.0002378686964795433
langweilig,1,4204,0.0002378686964795433
folgen,1,4204,0.0002378686964795433
wernigerode,1,4204,0.0002378686964795433
weitigen,1,4204,0.0002378686964795433
speiseschrank,1,4204,0.0002378686964795433
schenken,1,4204,0.0002378686964795433
dm,1,4204,0.0002378686964795433
vertragen,1,4204,0.0002378686964795433
abkühlungs,1,4204,0.0002378686964795433
hammcltleischsuppt,1,4204,0.0002378686964795433
ii>,1,4204,0.0002378686964795433
desgleichen,1,4204,0.0002378686964795433
scharfes,1,4204,0.0002378686964795433
gcbratne,1,4204,0.0002378686964795433
niederzusckreiben,1,4204,0.0002378686964795433
erfreut,1,4204,0.0002378686964795433
stehende,1,4204,0.0002378686964795433
zerrührt,1,4204,0.0002378686964795433
daun,1,4204,0.0002378686964795433
ihut,1,4204,0.0002378686964795433
provenceöl,1,4204,0.0002378686964795433
qualität,1,4204,0.0002378686964795433
stiefelgläschen,1,4204,0.0002378686964795433
papier,1,4204,0.0002378686964795433
biersuppe,1,4204,0.0002378686964795433
fülle,1,4204,0.0002378686964795433
wirklich,1,4204,0.0002378686964795433
hält,1,4204,0.0002378686964795433
nadenscheiben,1,4204,0.0002378686964795433
wage,1,4204,0.0002378686964795433
kauf,1,4204,0.0002378686964795433
kannt,1,4204,0.0002378686964795433
pense,1,4204,0.0002378686964795433
kork,1,4204,0.0002378686964795433
gelegenheit,1,4204,0.0002378686964795433
aufkochen,1,4204,0.0002378686964795433
dagegen,1,4204,0.0002378686964795433
gebunden,1,4204,0.0002378686964795433
früh,1,4204,0.0002378686964795433
gütigst,1,4204,0.0002378686964795433
hagebnttensuppe,1,4204,0.0002378686964795433
gelegentlich,1,4204,0.0002378686964795433
mittel,1,4204,0.0002378686964795433
herzustellen,1,4204,0.0002378686964795433
fieisch,1,4204,0.0002378686964795433
gehabt,1,4204,0.0002378686964795433
nehmen,1,4204,0.0002378686964795433
me,1,4204,0.0002378686964795433
feuchtigkeit,1,4204,0.0002378686964795433
wurst,1,4204,0.0002378686964795433
dahin,1,4204,0.0002378686964795433
liegen,1,4204,0.0002378686964795433
aufregung,1,4204,0.0002378686964795433
lange,1,4204,0.0002378686964795433
service,1,4204,0.0002378686964795433
gesicht,1,4204,0.0002378686964795433
lonillou,1,4204,0.0002378686964795433
schmecken,1,4204,0.0002378686964795433
nah,1,4204,0.0002378686964795433
nahrhafte,1,4204,0.0002378686964795433
jeder,1,4204,0.0002378686964795433
eekesse,1,4204,0.0002378686964795433
zwei,1,4204,0.0002378686964795433
schaffen,1,4204,0.0002378686964795433
conditorei,1,4204,0.0002378686964795433
verdirbt,1,4204,0.0002378686964795433
nächsten,1,4204,0.0002378686964795433
sticht,1,4204,0.0002378686964795433
scharfen,1,4204,0.0002378686964795433
licht,1,4204,0.0002378686964795433
gebrauche,1,4204,0.0002378686964795433
bist,1,4204,0.0002378686964795433
koch,1,4204,0.0002378686964795433
eßlöffeln,1,4204,0.0002378686964795433
best,1,4204,0.0002378686964795433
abendbrot,1,4204,0.0002378686964795433
literatur,1,4204,0.0002378686964795433
theeliedes,1,4204,0.0002378686964795433
„hungrig,1,4204,0.0002378686964795433
anstalt,1,4204,0.0002378686964795433
kosten,1,4204,0.0002378686964795433
0kolaöeit,1,4204,0.0002378686964795433
a,1,4204,0.0002378686964795433
scene,1,4204,0.0002378686964795433
einfach,1,4204,0.0002378686964795433
tieissuppe,1,4204,0.0002378686964795433
gemachte,1,4204,0.0002378686964795433
v,1,4204,0.0002378686964795433
recepke,1,4204,0.0002378686964795433
upe,1,4204,0.0002378686964795433
anatomie,1,4204,0.0002378686964795433
behutsam,1,4204,0.0002378686964795433
üicrkalteschaale,1,4204,0.0002378686964795433
k,1,4204,0.0002378686964795433
j,1,4204,0.0002378686964795433
schüttet,1,4204,0.0002378686964795433
kaffeebrödchen,1,4204,0.0002378686964795433
thlr,1,4204,0.0002378686964795433
vermittelst,1,4204,0.0002378686964795433
kohlenschaufel,1,4204,0.0002378686964795433
selterwasser,1,4204,0.0002378686964795433
trotz,1,4204,0.0002378686964795433
gramm,1,4204,0.0002378686964795433
besorgt,1,4204,0.0002378686964795433
zahn,1,4204,0.0002378686964795433
angabe,1,4204,0.0002378686964795433
klopfe,1,4204,0.0002378686964795433
wenigstens,1,4204,0.0002378686964795433
beabsichtigt,1,4204,0.0002378686964795433
aufbewahrt,1,4204,0.0002378686964795433
decke,1,4204,0.0002378686964795433
herschreiben,1,4204,0.0002378686964795433
kolleg,1,4204,0.0002378686964795433
namens,1,4204,0.0002378686964795433
vortrefflich,1,4204,0.0002378686964795433
mehr,1,4204,0.0002378686964795433
andre,1,4204,0.0002378686964795433
ebbe,1,4204,0.0002378686964795433
strophe,1,4204,0.0002378686964795433
tlr,1,4204,0.0002378686964795433
langsamen,1,4204,0.0002378686964795433
studiosus,1,4204,0.0002378686964795433
angenehmer,1,4204,0.0002378686964795433
aufmerksam,1,4204,0.0002378686964795433
eignen,1,4204,0.0002378686964795433
dark,1,4204,0.0002378686964795433
sommer,1,4204,0.0002378686964795433
braten,1,4204,0.0002378686964795433
3b,1,4204,0.0002378686964795433
herrühren,1,4204,0.0002378686964795433
anbreunt,1,4204,0.0002378686964795433
ungeschälte,1,4204,0.0002378686964795433
gebogen,1,4204,0.0002378686964795433
fioljlfalat,1,4204,0.0002378686964795433
bewegungen,1,4204,0.0002378686964795433
b,1,4204,0.0002378686964795433
klopft,1,4204,0.0002378686964795433
gurkenscheiben,1,4204,0.0002378686964795433
schlagen,1,4204,0.0002378686964795433
ungeheuer,1,4204,0.0002378686964795433
kartosfelsuppe,1,4204,0.0002378686964795433
extrakt,1,4204,0.0002378686964795433
steifer,1,4204,0.0002378686964795433
geachtet,1,4204,0.0002378686964795433
blechen,1,4204,0.0002378686964795433
diesen,1,4204,0.0002378686964795433
ausgesetzt,1,4204,0.0002378686964795433
trolenmflamme,1,4204,0.0002378686964795433
gebe,1,4204,0.0002378686964795433
rechte,1,4204,0.0002378686964795433
„des,1,4204,0.0002378686964795433
raum,1,4204,0.0002378686964795433
fleißig,1,4204,0.0002378686964795433
srruhahn,1,4204,0.0002378686964795433
baldriansthce,1,4204,0.0002378686964795433
anderes,1,4204,0.0002378686964795433
erst,1,4204,0.0002378686964795433
bevor,1,4204,0.0002378686964795433
trockne,1,4204,0.0002378686964795433
suppenteller,1,4204,0.0002378686964795433
haupt,1,4204,0.0002378686964795433
jemand,1,4204,0.0002378686964795433
vorstehenden,1,4204,0.0002378686964795433
petroleumapparat,1,4204,0.0002378686964795433
schnupfen,1,4204,0.0002378686964795433
hab,1,4204,0.0002378686964795433
heidruirerkaltrschaale,1,4204,0.0002378686964795433
hefe,1,4204,0.0002378686964795433
verdeckt,1,4204,0.0002378686964795433
gemachten,1,4204,0.0002378686964795433
meisten,1,4204,0.0002378686964795433
zerdrückt,1,4204,0.0002378686964795433
gestoßenen,1,4204,0.0002378686964795433
überkocht,1,4204,0.0002378686964795433
letzten,1,4204,0.0002378686964795433
liter,1,4204,0.0002378686964795433
geschnittene,1,4204,0.0002378686964795433
entfernt,1,4204,0.0002378686964795433
armen,1,4204,0.0002378686964795433
luft,1,4204,0.0002378686964795433
freundliche,1,4204,0.0002378686964795433
fräulein,1,4204,0.0002378686964795433
toffelmehl,1,4204,0.0002378686964795433
befreit,1,4204,0.0002378686964795433
hast,1,4204,0.0002378686964795433
zerschmelzen,1,4204,0.0002378686964795433
zumal,1,4204,0.0002378686964795433
reiche,1,4204,0.0002378686964795433
"dich""",1,4204,0.0002378686964795433
limo,1,4204,0.0002378686964795433
versuchung,1,4204,0.0002378686964795433
grüne,1,4204,0.0002378686964795433
aufführen,1,4204,0.0002378686964795433
4£,1,4204,0.0002378686964795433
flocken,1,4204,0.0002378686964795433
kochapparat,1,4204,0.0002378686964795433
conserviren,1,4204,0.0002378686964795433
lösen,1,4204,0.0002378686964795433
weg,1,4204,0.0002378686964795433
bitte,1,4204,0.0002378686964795433
beliebte,1,4204,0.0002378686964795433
kochtopf,1,4204,0.0002378686964795433
wagen,1,4204,0.0002378686964795433
löffelweise,1,4204,0.0002378686964795433
lebt,1,4204,0.0002378686964795433
sauce,1,4204,0.0002378686964795433
bai,1,4204,0.0002378686964795433
steigen,1,4204,0.0002378686964795433
duft,1,4204,0.0002378686964795433
kalt,1,4204,0.0002378686964795433
zuletzt,1,4204,0.0002378686964795433
siehe,1,4204,0.0002378686964795433
bin,1,4204,0.0002378686964795433
sorgt,1,4204,0.0002378686964795433
39,1,4204,0.0002378686964795433
person,1,4204,0.0002378686964795433
spüle,1,4204,0.0002378686964795433
beliebten,1,4204,0.0002378686964795433
vervielfacht,1,4204,0.0002378686964795433
frischem,1,4204,0.0002378686964795433
gequirlte,1,4204,0.0002378686964795433
schließen,1,4204,0.0002378686964795433
vll,1,4204,0.0002378686964795433
kommodenfach,1,4204,0.0002378686964795433
größerem,1,4204,0.0002378686964795433
verzeihen,1,4204,0.0002378686964795433
2i,1,4204,0.0002378686964795433
homerisch,1,4204,0.0002378686964795433
cho,1,4204,0.0002378686964795433
anzu,1,4204,0.0002378686964795433
litronenlimonade,1,4204,0.0002378686964795433
nll,1,4204,0.0002378686964795433
spiritusmaschine,1,4204,0.0002378686964795433
arge,1,4204,0.0002378686964795433
unangenehmen,1,4204,0.0002378686964795433
entölter,1,4204,0.0002378686964795433
sische,1,4204,0.0002378686964795433
ofeu,1,4204,0.0002378686964795433
"da""",1,4204,0.0002378686964795433
zuführen,1,4204,0.0002378686964795433
anzahl,1,4204,0.0002378686964795433
zinn,1,4204,0.0002378686964795433
primitive,1,4204,0.0002378686964795433
crirs,1,4204,0.0002378686964795433
tion,1,4204,0.0002378686964795433
art,1,4204,0.0002378686964795433
bestes,1,4204,0.0002378686964795433
kanne,1,4204,0.0002378686964795433
darin,1,4204,0.0002378686964795433
zimmer,1,4204,0.0002378686964795433
wäre,1,4204,0.0002378686964795433
auchetwaswei,1,4204,0.0002378686964795433
treffendem,1,4204,0.0002378686964795433
li,1,4204,0.0002378686964795433
qui,1,4204,0.0002378686964795433
brauch,1,4204,0.0002378686964795433
trink,1,4204,0.0002378686964795433
gebrauchen,1,4204,0.0002378686964795433
drückt,1,4204,0.0002378686964795433
en,1,4204,0.0002378686964795433
hellbraun,1,4204,0.0002378686964795433
löffelweis,1,4204,0.0002378686964795433
wirthsleuten,1,4204,0.0002378686964795433
„geiz,1,4204,0.0002378686964795433
petrvleum,1,4204,0.0002378686964795433
handelsartikel,1,4204,0.0002378686964795433
einrichten,1,4204,0.0002378686964795433
schluß,1,4204,0.0002378686964795433
toffeln,1,4204,0.0002378686964795433
abendsuppe,1,4204,0.0002378686964795433
scheibe,1,4204,0.0002378686964795433
ofenröhre,1,4204,0.0002378686964795433
hineinsticht,1,4204,0.0002378686964795433
quantität,1,4204,0.0002378686964795433
sitze,1,4204,0.0002378686964795433
lächelnd,1,4204,0.0002378686964795433
wäsche,1,4204,0.0002378686964795433
unangenehme,1,4204,0.0002378686964795433
heransgenommen,1,4204,0.0002378686964795433
pfusche,1,4204,0.0002378686964795433
zwiebeln,1,4204,0.0002378686964795433
denkt,1,4204,0.0002378686964795433
magenreißen,1,4204,0.0002378686964795433
boden,1,4204,0.0002378686964795433
sino,1,4204,0.0002378686964795433
dabei,1,4204,0.0002378686964795433
vorbehalten,1,4204,0.0002378686964795433
schönes,1,4204,0.0002378686964795433
getröpfelt,1,4204,0.0002378686964795433
bereiten,1,4204,0.0002378686964795433
euoumis,1,4204,0.0002378686964795433
citronenschaale,1,4204,0.0002378686964795433
tagen,1,4204,0.0002378686964795433
jämmerlich,1,4204,0.0002378686964795433
höher,1,4204,0.0002378686964795433
heißgemachte,1,4204,0.0002378686964795433
tröpfcheu,1,4204,0.0002378686964795433
speisekammer,1,4204,0.0002378686964795433
steinsäure,1,4204,0.0002378686964795433
maaß,1,4204,0.0002378686964795433
höhe,1,4204,0.0002378686964795433
kneipe«,1,4204,0.0002378686964795433
mocca,1,4204,0.0002378686964795433
dickliche,1,4204,0.0002378686964795433
ersten,1,4204,0.0002378686964795433
öfter,1,4204,0.0002378686964795433
chokoladenpulvers,1,4204,0.0002378686964795433
bekannt,1,4204,0.0002378686964795433
fall,1,4204,0.0002378686964795433
kochgeschirr,1,4204,0.0002378686964795433
thun,1,4204,0.0002378686964795433
ar,1,4204,0.0002378686964795433
spätsommer,1,4204,0.0002378686964795433
reichlichem,1,4204,0.0002378686964795433
verbrannt,1,4204,0.0002378686964795433
geschälten,1,4204,0.0002378686964795433
lustiger,1,4204,0.0002378686964795433
"hegt""",1,4204,0.0002378686964795433
stund,1,4204,0.0002378686964795433
bleiben,1,4204,0.0002378686964795433
himbeer,1,4204,0.0002378686964795433
studirt,1,4204,0.0002378686964795433
znhaltsmzeichmß,1,4204,0.0002378686964795433
ungebackene,1,4204,0.0002378686964795433
einzige,1,4204,0.0002378686964795433
minute,1,4204,0.0002378686964795433
genden,1,4204,0.0002378686964795433
brcnhahn,1,4204,0.0002378686964795433
trinke,1,4204,0.0002378686964795433
namen,1,4204,0.0002378686964795433
vorrede,1,4204,0.0002378686964795433
gemahlenem,1,4204,0.0002378686964795433
beutel,1,4204,0.0002378686964795433
gemüsehänolerin,1,4204,0.0002378686964795433
famoses,1,4204,0.0002378686964795433
genossen,1,4204,0.0002378686964795433
kartoffel,1,4204,0.0002378686964795433
re,1,4204,0.0002378686964795433
zerfließen,1,4204,0.0002378686964795433
teig,1,4204,0.0002378686964795433
gleiten,1,4204,0.0002378686964795433
liegt,1,4204,0.0002378686964795433
gekauft,1,4204,0.0002378686964795433
verlor,1,4204,0.0002378686964795433
speciellen,1,4204,0.0002378686964795433
rothweinsuppe,1,4204,0.0002378686964795433
präsentirt,1,4204,0.0002378686964795433
geliefert,1,4204,0.0002378686964795433
brennen,1,4204,0.0002378686964795433
„4,1,4204,0.0002378686964795433
rischem,1,4204,0.0002378686964795433
groben,1,4204,0.0002378686964795433
gebraucht,1,4204,0.0002378686964795433
bemerken,1,4204,0.0002378686964795433
lern,1,4204,0.0002378686964795433
sahne,1,4204,0.0002378686964795433
münze,1,4204,0.0002378686964795433
kartarrh,1,4204,0.0002378686964795433
felmehl,1,4204,0.0002378686964795433
litroneutimonade,1,4204,0.0002378686964795433
itl\,1,4204,0.0002378686964795433
berichtige,1,4204,0.0002378686964795433
äußeren,1,4204,0.0002378686964795433
weit,1,4204,0.0002378686964795433
abwechselung,1,4204,0.0002378686964795433
jetzt,1,4204,0.0002378686964795433
geld,1,4204,0.0002378686964795433
zwiebäcke,1,4204,0.0002378686964795433
clicno,1,4204,0.0002378686964795433
töne,1,4204,0.0002378686964795433
ausgelöst,1,4204,0.0002378686964795433
cholrolade,1,4204,0.0002378686964795433
erlaube,1,4204,0.0002378686964795433
weißer,1,4204,0.0002378686964795433
lernen,1,4204,0.0002378686964795433
meines,1,4204,0.0002378686964795433
romantischen,1,4204,0.0002378686964795433
kohlensaures,1,4204,0.0002378686964795433
erhält,1,4204,0.0002378686964795433
blaß,1,4204,0.0002378686964795433
kopfsalat,1,4204,0.0002378686964795433
neuer,1,4204,0.0002378686964795433
enölich,1,4204,0.0002378686964795433
