ngram,count,total_words,frequency
und,362,10387,0.03485125637816502
man,245,10387,0.023587176278039856
die,244,10387,0.0234909020891499
mit,203,10387,0.019543660344661595
in,191,10387,0.018388370077982094
der,146,10387,0.014056031577933956
oder,120,10387,0.011552902666795033
wird,111,10387,0.010686434966785405
das,107,10387,0.01030133821122557
werden,104,10387,0.010012515644555695
wasser,104,10387,0.010012515644555695
1,100,10387,0.00962741888899586
salz,97,10387,0.009338596322325985
den,91,10387,0.008760951188986232
kartoffeln,72,10387,0.006931741600077019
zu,69,10387,0.006642919033407144
dem,68,10387,0.006546644844517185
sie,68,10387,0.006546644844517185
eßlöffel,67,10387,0.0064503706556272265
es,67,10387,0.0064503706556272265
für,66,10387,0.006354096466737268
2,65,10387,0.006257822277847309
ein,65,10387,0.006257822277847309
4,63,10387,0.006065273900067392
von,62,10387,0.005968999711177433
pfund,57,10387,0.00548762876672764
auf,56,10387,0.0053913545778376815
ist,55,10387,0.005295080388947723
fett,55,10387,0.005295080388947723
eine,54,10387,0.005198806200057765
kann,51,10387,0.004909983633387889
dann,50,10387,0.00481370944449793
auch,49,10387,0.004717435255607971
nach,49,10387,0.004717435255607971
mehl,49,10387,0.004717435255607971
liter,49,10387,0.004717435255607971
an,48,10387,0.0046211610667180126
zum,47,10387,0.004524886877828055
so,45,10387,0.004332338500048137
noch,45,10387,0.004332338500048137
gibt,43,10387,0.00413979012226822
etwas,43,10387,0.00413979012226822
nicht,42,10387,0.004043515933378261
kochen,42,10387,0.004043515933378261
aus,41,10387,0.003947241744488302
zucker,41,10387,0.003947241744488302
kiste,39,10387,0.0037546933667083854
pfeffer,38,10387,0.003658419177818427
ge,37,10387,0.0035621449889284684
gut,36,10387,0.0034658708000385096
bis,36,10387,0.0034658708000385096
einen,34,10387,0.0032733224222585926
läßt,33,10387,0.003177048233368634
gemüse,32,10387,0.003080774044478675
kochkiste,32,10387,0.003080774044478675
uud,31,10387,0.0029844998555887165
muß,29,10387,0.0027919514778087995
zwiebel,29,10387,0.0027919514778087995
suppe,28,10387,0.0026956772889188407
3,28,10387,0.0026956772889188407
6,28,10387,0.0026956772889188407
als,27,10387,0.0025994031000288824
löffel,27,10387,0.0025994031000288824
durch,26,10387,0.0025031289111389237
sich,26,10387,0.0025031289111389237
topf,26,10387,0.0025031289111389237
des,26,10387,0.0025031289111389237
^,24,10387,0.0023105805333590063
wenn,24,10387,0.0023105805333590063
butter,24,10387,0.0023105805333590063
geschnitten,24,10387,0.0023105805333590063
am,24,10387,0.0023105805333590063
gericht,24,10387,0.0023105805333590063
milch,24,10387,0.0023105805333590063
wie,23,10387,0.002214306344469048
graupe,22,10387,0.0021180321555790893
im,22,10387,0.0021180321555790893
einige,22,10387,0.0021180321555790893
weich,21,10387,0.0020217579666891305
z,21,10387,0.0020217579666891305
daß,21,10387,0.0020217579666891305
stehen,21,10387,0.0020217579666891305
dazu,21,10387,0.0020217579666891305
fleisch,20,10387,0.001925483777799172
einbrenne,20,10387,0.001925483777799172
lassen,20,10387,0.001925483777799172
diese,19,10387,0.0018292095889092135
sind,19,10387,0.0018292095889092135
scheiben,19,10387,0.0018292095889092135
sehr,19,10387,0.0018292095889092135
hinein,19,10387,0.0018292095889092135
stunden,19,10387,0.0018292095889092135
kocht,18,10387,0.0017329354000192548
ab,18,10387,0.0017329354000192548
darin,18,10387,0.0017329354000192548
einem,17,10387,0.0016366612111292963
einer,17,10387,0.0016366612111292963
stellt,17,10387,0.0016366612111292963
rohe,16,10387,0.0015403870222393376
geschmack,16,10387,0.0015403870222393376
deckel,16,10387,0.0015403870222393376
essen,16,10387,0.0015403870222393376
geriebene,16,10387,0.0015403870222393376
abgewaschen,16,10387,0.0015403870222393376
minuten,16,10387,0.0015403870222393376
um,16,10387,0.0015403870222393376
heringe,15,10387,0.001444112833349379
gekocht,15,10387,0.001444112833349379
wir,15,10387,0.001444112833349379
sein,15,10387,0.001444112833349379
damit,15,10387,0.001444112833349379
speck,15,10387,0.001444112833349379
über,15,10387,0.001444112833349379
personen,15,10387,0.001444112833349379
10,15,10387,0.001444112833349379
fest,15,10387,0.001444112833349379
kartoffel,14,10387,0.0013478386444594204
unter,14,10387,0.0013478386444594204
gießt,14,10387,0.0013478386444594204
kleine,14,10387,0.0013478386444594204
essig,14,10387,0.0013478386444594204
legt,13,10387,0.0012515644555694619
geschnittene,13,10387,0.0012515644555694619
nur,13,10387,0.0012515644555694619
nun,13,10387,0.0012515644555694619
wenig,13,10387,0.0012515644555694619
stück,13,10387,0.0012515644555694619
vom,13,10387,0.0012515644555694619
5,13,10387,0.0012515644555694619
da,12,10387,0.0011552902666795031
1^,12,10387,0.0011552902666795031
nachdem,12,10387,0.0011552902666795031
bedeckt,12,10387,0.0011552902666795031
hafer,12,10387,0.0011552902666795031
würfel,12,10387,0.0011552902666795031
i,12,10387,0.0011552902666795031
eß,12,10387,0.0011552902666795031
können,12,10387,0.0011552902666795031
hat,12,10387,0.0011552902666795031
boden,12,10387,0.0011552902666795031
zur,12,10387,0.0011552902666795031
darf,11,10387,0.0010590160777895446
müssen,11,10387,0.0010590160777895446
einmal,11,10387,0.0010590160777895446
aber,11,10387,0.0010590160777895446
nnd,11,10387,0.0010590160777895446
vor,11,10387,0.0010590160777895446
welche,11,10387,0.0010590160777895446
haben,11,10387,0.0010590160777895446
pfd,11,10387,0.0010590160777895446
om,11,10387,0.0010590160777895446
sonst,11,10387,0.0010590160777895446
gekochte,11,10387,0.0010590160777895446
schmeckt,11,10387,0.0010590160777895446
alles,11,10387,0.0010590160777895446
ihn,10,10387,0.000962741888899586
bei,10,10387,0.000962741888899586
besonders,10,10387,0.000962741888899586
zeit,10,10387,0.000962741888899586
masse,10,10387,0.000962741888899586
aufkochen,10,10387,0.000962741888899586
kartoffelmehl,10,10387,0.000962741888899586
er,10,10387,0.000962741888899586
trocknen,10,10387,0.000962741888899586
weichgekocht,10,10387,0.000962741888899586
flocken,10,10387,0.000962741888899586
abend,10,10387,0.000962741888899586
abgeschmeckt,10,10387,0.000962741888899586
obst,10,10387,0.000962741888899586
fein,10,10387,0.000962741888899586
auflage,9,10387,0.0008664677000096274
braucht,9,10387,0.0008664677000096274
stücke,9,10387,0.0008664677000096274
wieder,9,10387,0.0008664677000096274
diesem,9,10387,0.0008664677000096274
zwei,9,10387,0.0008664677000096274
holzwolle,9,10387,0.0008664677000096274
gerichte,9,10387,0.0008664677000096274
darüber,9,10387,0.0008664677000096274
zimt,9,10387,0.0008664677000096274
30,9,10387,0.0008664677000096274
indem,9,10387,0.0008664677000096274
vorher,9,10387,0.0008664677000096274
langsam,9,10387,0.0008664677000096274
geschält,9,10387,0.0008664677000096274
ohne,9,10387,0.0008664677000096274
min,9,10387,0.0008664677000096274
darauf,9,10387,0.0008664677000096274
mohrrüben,9,10387,0.0008664677000096274
dies,8,10387,0.0007701935111196688
gewaschen,8,10387,0.0007701935111196688
geschnittenen,8,10387,0.0007701935111196688
40,8,10387,0.0007701935111196688
schale,8,10387,0.0007701935111196688
magermilch,8,10387,0.0007701935111196688
grieß,8,10387,0.0007701935111196688
b,8,10387,0.0007701935111196688
heißem,8,10387,0.0007701935111196688
l,8,10387,0.0007701935111196688
besten,8,10387,0.0007701935111196688
ebenso,8,10387,0.0007701935111196688
messerspitze,8,10387,0.0007701935111196688
wo,8,10387,0.0007701935111196688
hirse,8,10387,0.0007701935111196688
geben,8,10387,0.0007701935111196688
vermischt,7,10387,0.0006739193222297102
mau,7,10387,0.0006739193222297102
schneidet,7,10387,0.0006739193222297102
vorkochzeit,7,10387,0.0006739193222297102
gegeben,7,10387,0.0006739193222297102
zutaten,7,10387,0.0006739193222297102
schnittbohnen,7,10387,0.0006739193222297102
2^,7,10387,0.0006739193222297102
zwiebeln,7,10387,0.0006739193222297102
kochendem,7,10387,0.0006739193222297102
nötig,7,10387,0.0006739193222297102
lorbeerblatt,7,10387,0.0006739193222297102
viel,7,10387,0.0006739193222297102
eingeweicht,7,10387,0.0006739193222297102
suppen,7,10387,0.0006739193222297102
pflaumen,7,10387,0.0006739193222297102
belieben,7,10387,0.0006739193222297102
sondern,7,10387,0.0006739193222297102
machen,7,10387,0.0006739193222297102
kaltem,7,10387,0.0006739193222297102
mitte,7,10387,0.0006739193222297102
fig,7,10387,0.0006739193222297102
prise,7,10387,0.0006739193222297102
zeitungspapier,7,10387,0.0006739193222297102
will,7,10387,0.0006739193222297102
schüttet,7,10387,0.0006739193222297102
tunke,7,10387,0.0006739193222297102
stückchen,7,10387,0.0006739193222297102
je,7,10387,0.0006739193222297102
seiten,7,10387,0.0006739193222297102
kümmel,7,10387,0.0006739193222297102
nimmt,7,10387,0.0006739193222297102
her,7,10387,0.0006739193222297102
daran,7,10387,0.0006739193222297102
gestellt,7,10387,0.0006739193222297102
rauchfleisch,7,10387,0.0006739193222297102
verwenden,7,10387,0.0006739193222297102
was,7,10387,0.0006739193222297102
haferflocken,7,10387,0.0006739193222297102
rührt,6,10387,0.0005776451333397516
rhabarber,6,10387,0.0005776451333397516
lage,6,10387,0.0005776451333397516
flüssiges,6,10387,0.0005776451333397516
mittag,6,10387,0.0005776451333397516
feine,6,10387,0.0005776451333397516
haushalt,6,10387,0.0005776451333397516
mitkochen,6,10387,0.0005776451333397516
verkocht,6,10387,0.0005776451333397516
zuletzt,6,10387,0.0005776451333397516
schicht,6,10387,0.0005776451333397516
spinat,6,10387,0.0005776451333397516
zusammen,6,10387,0.0005776451333397516
dünne,6,10387,0.0005776451333397516
gelassen,6,10387,0.0005776451333397516
obenauf,6,10387,0.0005776451333397516
angerührt,6,10387,0.0005776451333397516
nochmals,6,10387,0.0005776451333397516
erbsen,6,10387,0.0005776451333397516
wer,6,10387,0.0005776451333397516
einigen,6,10387,0.0005776451333397516
knapp,6,10387,0.0005776451333397516
iu,6,10387,0.0005776451333397516
rühren,6,10387,0.0005776451333397516
gekochten,6,10387,0.0005776451333397516
1^2,6,10387,0.0005776451333397516
glatt,6,10387,0.0005776451333397516
hinzu,6,10387,0.0005776451333397516
herd,6,10387,0.0005776451333397516
näht,6,10387,0.0005776451333397516
sowie,6,10387,0.0005776451333397516
weise,6,10387,0.0005776451333397516
be,6,10387,0.0005776451333397516
vorkochen,6,10387,0.0005776451333397516
selbst,6,10387,0.0005776451333397516
60,6,10387,0.0005776451333397516
elsa,6,10387,0.0005776451333397516
gestrichene,6,10387,0.0005776451333397516
kar,6,10387,0.0005776451333397516
aufgekocht,6,10387,0.0005776451333397516
kinder,6,10387,0.0005776451333397516
abge,6,10387,0.0005776451333397516
buttermilch,6,10387,0.0005776451333397516
hierauf,6,10387,0.0005776451333397516
später,6,10387,0.0005776451333397516
geröstet,5,10387,0.000481370944449793
stelle,5,10387,0.000481370944449793
soviel,5,10387,0.000481370944449793
knochen,5,10387,0.000481370944449793
etwa,5,10387,0.000481370944449793
koch,5,10387,0.000481370944449793
ganz,5,10387,0.000481370944449793
ver,5,10387,0.000481370944449793
tut,5,10387,0.000481370944449793
hielscher,5,10387,0.000481370944449793
sämig,5,10387,0.000481370944449793
gegossen,5,10387,0.000481370944449793
kochend,5,10387,0.000481370944449793
fisch,5,10387,0.000481370944449793
aufgestellt,5,10387,0.000481370944449793
packmaterial,5,10387,0.000481370944449793
mehr,5,10387,0.000481370944449793
große,5,10387,0.000481370944449793
sauber,5,10387,0.000481370944449793
heiß,5,10387,0.000481370944449793
kochzeit,5,10387,0.000481370944449793
pfanne,5,10387,0.000481370944449793
gehobelt,5,10387,0.000481370944449793
oben,5,10387,0.000481370944449793
tuuke,5,10387,0.000481370944449793
blätter,5,10387,0.000481370944449793
gersten,5,10387,0.000481370944449793
verwendet,5,10387,0.000481370944449793
seite,5,10387,0.000481370944449793
dadurch,5,10387,0.000481370944449793
hafergrütze,5,10387,0.000481370944449793
leicht,5,10387,0.000481370944449793
zwischen,5,10387,0.000481370944449793
teelöffel,5,10387,0.000481370944449793
kommt,5,10387,0.000481370944449793
geschuppt,5,10387,0.000481370944449793
klöße,5,10387,0.000481370944449793
lappen,5,10387,0.000481370944449793
kochende,5,10387,0.000481370944449793
kalte,5,10387,0.000481370944449793
bestreut,5,10387,0.000481370944449793
20,5,10387,0.000481370944449793
beiden,5,10387,0.000481370944449793
tuch,5,10387,0.000481370944449793
speisen,5,10387,0.000481370944449793
beim,5,10387,0.000481370944449793
kochbeutel,5,10387,0.000481370944449793
schält,5,10387,0.000481370944449793
dieses,5,10387,0.000481370944449793
anstatt,5,10387,0.000481370944449793
stich,5,10387,0.000481370944449793
morgen,5,10387,0.000481370944449793
würflig,5,10387,0.000481370944449793
brot,5,10387,0.000481370944449793
reichlich,5,10387,0.000481370944449793
kochsackes,4,10387,0.0003850967555598344
voll,4,10387,0.0003850967555598344
24,4,10387,0.0003850967555598344
innen,4,10387,0.0003850967555598344
ziehen,4,10387,0.0003850967555598344
gerechnet,4,10387,0.0003850967555598344
stunde,4,10387,0.0003850967555598344
rübensaft,4,10387,0.0003850967555598344
schnitten,4,10387,0.0003850967555598344
stark,4,10387,0.0003850967555598344
anderes,4,10387,0.0003850967555598344
also,4,10387,0.0003850967555598344
kürbis,4,10387,0.0003850967555598344
gebrauch,4,10387,0.0003850967555598344
jedem,4,10387,0.0003850967555598344
stoff,4,10387,0.0003850967555598344
paßt,4,10387,0.0003850967555598344
uach,4,10387,0.0003850967555598344
apfel,4,10387,0.0003850967555598344
apfelsinen,4,10387,0.0003850967555598344
großen,4,10387,0.0003850967555598344
kalt,4,10387,0.0003850967555598344
tag,4,10387,0.0003850967555598344
weil,4,10387,0.0003850967555598344
au,4,10387,0.0003850967555598344
dörren,4,10387,0.0003850967555598344
höhe,4,10387,0.0003850967555598344
vollständig,4,10387,0.0003850967555598344
backobst,4,10387,0.0003850967555598344
empfehlen,4,10387,0.0003850967555598344
weiter,4,10387,0.0003850967555598344
durchziehen,4,10387,0.0003850967555598344
rindsfett,4,10387,0.0003850967555598344
kabeljau,4,10387,0.0003850967555598344
angeben,4,10387,0.0003850967555598344
garten,4,10387,0.0003850967555598344
bringt,4,10387,0.0003850967555598344
zitronenschale,4,10387,0.0003850967555598344
apfelsinenschale,4,10387,0.0003850967555598344
rüben,4,10387,0.0003850967555598344
äpfel,4,10387,0.0003850967555598344
jedes,4,10387,0.0003850967555598344
mindestens,4,10387,0.0003850967555598344
schwarten,4,10387,0.0003850967555598344
pilze,4,10387,0.0003850967555598344
sofort,4,10387,0.0003850967555598344
größe,4,10387,0.0003850967555598344
verdünnt,4,10387,0.0003850967555598344
sodaß,4,10387,0.0003850967555598344
lang,4,10387,0.0003850967555598344
frau,4,10387,0.0003850967555598344
kochwasser,4,10387,0.0003850967555598344
kistendeckel,4,10387,0.0003850967555598344
25,4,10387,0.0003850967555598344
vermischen,4,10387,0.0003850967555598344
zitronen,4,10387,0.0003850967555598344
platten,4,10387,0.0003850967555598344
kurze,4,10387,0.0003850967555598344
einweichwasser,4,10387,0.0003850967555598344
einstellen,4,10387,0.0003850967555598344
bald,4,10387,0.0003850967555598344
verwendung,4,10387,0.0003850967555598344
ungefähr,4,10387,0.0003850967555598344
person,4,10387,0.0003850967555598344
eier,4,10387,0.0003850967555598344
8,4,10387,0.0003850967555598344
getan,4,10387,0.0003850967555598344
kohlrüben,4,10387,0.0003850967555598344
gurken,4,10387,0.0003850967555598344
topfes,4,10387,0.0003850967555598344
fast,4,10387,0.0003850967555598344
schon,4,10387,0.0003850967555598344
lange,4,10387,0.0003850967555598344
messer,4,10387,0.0003850967555598344
ihr,4,10387,0.0003850967555598344
ankochzeit,4,10387,0.0003850967555598344
r,4,10387,0.0003850967555598344
kochpunkt,4,10387,0.0003850967555598344
gerade,4,10387,0.0003850967555598344
verquirlt,4,10387,0.0003850967555598344
kochtopf,4,10387,0.0003850967555598344
braun,4,10387,0.0003850967555598344
geputzt,4,10387,0.0003850967555598344
waschen,4,10387,0.0003850967555598344
gelb,4,10387,0.0003850967555598344
verdickt,4,10387,0.0003850967555598344
röstet,4,10387,0.0003850967555598344
panten,4,10387,0.0003850967555598344
angekocht,4,10387,0.0003850967555598344
sieb,4,10387,0.0003850967555598344
tage,4,10387,0.0003850967555598344
oberrüben,4,10387,0.0003850967555598344
g,4,10387,0.0003850967555598344
dein,4,10387,0.0003850967555598344
usw,4,10387,0.0003850967555598344
ausgenommen,4,10387,0.0003850967555598344
kochendes,4,10387,0.0003850967555598344
kriegszeit,4,10387,0.0003850967555598344
kartoffelsuppe,4,10387,0.0003850967555598344
rindfleisch,4,10387,0.0003850967555598344
geschälten,4,10387,0.0003850967555598344
mostrich,4,10387,0.0003850967555598344
größeren,4,10387,0.0003850967555598344
rohen,4,10387,0.0003850967555598344
15,4,10387,0.0003850967555598344
tisch,4,10387,0.0003850967555598344
herde,4,10387,0.0003850967555598344
eines,4,10387,0.0003850967555598344
soll,3,10387,0.0002888225666698758
brauchen,3,10387,0.0002888225666698758
gelegt,3,10387,0.0002888225666698758
salzheringe,3,10387,0.0002888225666698758
zubinden,3,10387,0.0002888225666698758
derselben,3,10387,0.0002888225666698758
ja,3,10387,0.0002888225666698758
daraus,3,10387,0.0002888225666698758
beutel,3,10387,0.0002888225666698758
zwischenraum,3,10387,0.0002888225666698758
gerührt,3,10387,0.0002888225666698758
welcher,3,10387,0.0002888225666698758
länge,3,10387,0.0002888225666698758
jeder,3,10387,0.0002888225666698758
kleines,3,10387,0.0002888225666698758
braten,3,10387,0.0002888225666698758
scharf,3,10387,0.0002888225666698758
quirlt,3,10387,0.0002888225666698758
psuud,3,10387,0.0002888225666698758
verrührt,3,10387,0.0002888225666698758
viereck,3,10387,0.0002888225666698758
male,3,10387,0.0002888225666698758
nahrung,3,10387,0.0002888225666698758
angesetzt,3,10387,0.0002888225666698758
gar,3,10387,0.0002888225666698758
solchen,3,10387,0.0002888225666698758
vorzüge,3,10387,0.0002888225666698758
großes,3,10387,0.0002888225666698758
100,3,10387,0.0002888225666698758
fügt,3,10387,0.0002888225666698758
dünn,3,10387,0.0002888225666698758
vorbereitet,3,10387,0.0002888225666698758
ofen,3,10387,0.0002888225666698758
entgrätet,3,10387,0.0002888225666698758
besser,3,10387,0.0002888225666698758
petersilie,3,10387,0.0002888225666698758
gefüllt,3,10387,0.0002888225666698758
säure,3,10387,0.0002888225666698758
drückt,3,10387,0.0002888225666698758
backen,3,10387,0.0002888225666698758
gebrüht,3,10387,0.0002888225666698758
gegessen,3,10387,0.0002888225666698758
sparen,3,10387,0.0002888225666698758
gestrichener,3,10387,0.0002888225666698758
hineingeben,3,10387,0.0002888225666698758
120,3,10387,0.0002888225666698758
wodurch,3,10387,0.0002888225666698758
kirschen,3,10387,0.0002888225666698758
12,3,10387,0.0002888225666698758
packung,3,10387,0.0002888225666698758
ganze,3,10387,0.0002888225666698758
lande,3,10387,0.0002888225666698758
backpflaumen,3,10387,0.0002888225666698758
doch,3,10387,0.0002888225666698758
sirup,3,10387,0.0002888225666698758
saft,3,10387,0.0002888225666698758
feuer,3,10387,0.0002888225666698758
dasselbe,3,10387,0.0002888225666698758
pfifferlinge,3,10387,0.0002888225666698758
h,3,10387,0.0002888225666698758
wurzeln,3,10387,0.0002888225666698758
macht,3,10387,0.0002888225666698758
26,3,10387,0.0002888225666698758
7,3,10387,0.0002888225666698758
heraus,3,10387,0.0002888225666698758
grießbrei,3,10387,0.0002888225666698758
frische,3,10387,0.0002888225666698758
zeiten,3,10387,0.0002888225666698758
rechnet,3,10387,0.0002888225666698758
halb,3,10387,0.0002888225666698758
derselbe,3,10387,0.0002888225666698758
schweinefleisch,3,10387,0.0002888225666698758
säckchen,3,10387,0.0002888225666698758
knoblauchwurst,3,10387,0.0002888225666698758
breiter,3,10387,0.0002888225666698758
breit,3,10387,0.0002888225666698758
weniger,3,10387,0.0002888225666698758
bouillonwürfel,3,10387,0.0002888225666698758
feuerung,3,10387,0.0002888225666698758
abwechselnd,3,10387,0.0002888225666698758
arbeit,3,10387,0.0002888225666698758
mus,3,10387,0.0002888225666698758
bereitet,3,10387,0.0002888225666698758
durchkochen,3,10387,0.0002888225666698758
kräftigen,3,10387,0.0002888225666698758
entsprechend,3,10387,0.0002888225666698758
tun,3,10387,0.0002888225666698758
klöpper,3,10387,0.0002888225666698758
brotaufstrich,3,10387,0.0002888225666698758
welches,3,10387,0.0002888225666698758
weißkraut,3,10387,0.0002888225666698758
alle,3,10387,0.0002888225666698758
gefäß,3,10387,0.0002888225666698758
gute,3,10387,0.0002888225666698758
wohl,3,10387,0.0002888225666698758
vierte,3,10387,0.0002888225666698758
fertig,3,10387,0.0002888225666698758
toffeln,3,10387,0.0002888225666698758
granpe,3,10387,0.0002888225666698758
gräten,3,10387,0.0002888225666698758
un,3,10387,0.0002888225666698758
kartoffelbrei,3,10387,0.0002888225666698758
grüne,3,10387,0.0002888225666698758
provinz,3,10387,0.0002888225666698758
steinpilze,3,10387,0.0002888225666698758
ausgekocht,3,10387,0.0002888225666698758
bereiten,3,10387,0.0002888225666698758
breitet,3,10387,0.0002888225666698758
geschieht,3,10387,0.0002888225666698758
verlag,3,10387,0.0002888225666698758
kammer,3,10387,0.0002888225666698758
vermengt,3,10387,0.0002888225666698758
formt,3,10387,0.0002888225666698758
seefisch,3,10387,0.0002888225666698758
fugen,3,10387,0.0002888225666698758
is,3,10387,0.0002888225666698758
stockfisch,3,10387,0.0002888225666698758
ob,3,10387,0.0002888225666698758
geschälte,3,10387,0.0002888225666698758
pappdeckel,3,10387,0.0002888225666698758
dicke,3,10387,0.0002888225666698758
honig,3,10387,0.0002888225666698758
a,3,10387,0.0002888225666698758
aufquellen,3,10387,0.0002888225666698758
verkochen,3,10387,0.0002888225666698758
schellfisch,3,10387,0.0002888225666698758
pf,3,10387,0.0002888225666698758
breslau,3,10387,0.0002888225666698758
dafür,3,10387,0.0002888225666698758
erspart,3,10387,0.0002888225666698758
auszu,3,10387,0.0002888225666698758
zeitungsblätter,3,10387,0.0002888225666698758
falls,3,10387,0.0002888225666698758
gebracht,3,10387,0.0002888225666698758
eingewässert,3,10387,0.0002888225666698758
deu,3,10387,0.0002888225666698758
nötige,3,10387,0.0002888225666698758
verschlossen,3,10387,0.0002888225666698758
sollte,3,10387,0.0002888225666698758
strichene,3,10387,0.0002888225666698758
einfachen,3,10387,0.0002888225666698758
solche,3,10387,0.0002888225666698758
zerschnitten,3,10387,0.0002888225666698758
kleinen,3,10387,0.0002888225666698758
gerichten,3,10387,0.0002888225666698758
zieht,3,10387,0.0002888225666698758
topfe,3,10387,0.0002888225666698758
brennessel,3,10387,0.0002888225666698758
geeignet,3,10387,0.0002888225666698758
einweichen,3,10387,0.0002888225666698758
ebenfalls,3,10387,0.0002888225666698758
spart,3,10387,0.0002888225666698758
zn,3,10387,0.0002888225666698758
kraut,3,10387,0.0002888225666698758
wirft,3,10387,0.0002888225666698758
zehn,3,10387,0.0002888225666698758
kriegsausgabe,3,10387,0.0002888225666698758
letztere,3,10387,0.0002888225666698758
frauen,3,10387,0.0002888225666698758
teller,3,10387,0.0002888225666698758
dieselbe,3,10387,0.0002888225666698758
dort,3,10387,0.0002888225666698758
weißkäse,3,10387,0.0002888225666698758
äpfeln,3,10387,0.0002888225666698758
warme,3,10387,0.0002888225666698758
aufgesetzt,3,10387,0.0002888225666698758
pro,3,10387,0.0002888225666698758
sellerie,3,10387,0.0002888225666698758
mischfett,3,10387,0.0002888225666698758
pellkartoffeln,3,10387,0.0002888225666698758
seefische,3,10387,0.0002888225666698758
entsteht,3,10387,0.0002888225666698758
anna,2,10387,0.0001925483777799172
deutschland,2,10387,0.0001925483777799172
bisher,2,10387,0.0001925483777799172
allen,2,10387,0.0001925483777799172
salzwasser,2,10387,0.0001925483777799172
genug,2,10387,0.0001925483777799172
bleibt,2,10387,0.0001925483777799172
nacht,2,10387,0.0001925483777799172
besitzen,2,10387,0.0001925483777799172
abgekostet,2,10387,0.0001925483777799172
ent,2,10387,0.0001925483777799172
schließen,2,10387,0.0001925483777799172
geschüttet,2,10387,0.0001925483777799172
gereinigt,2,10387,0.0001925483777799172
überfluß,2,10387,0.0001925483777799172
kleineren,2,10387,0.0001925483777799172
kocheu,2,10387,0.0001925483777799172
findet,2,10387,0.0001925483777799172
gleich,2,10387,0.0001925483777799172
kaufen,2,10387,0.0001925483777799172
zerlassen,2,10387,0.0001925483777799172
eingesalzen,2,10387,0.0001925483777799172
preis,2,10387,0.0001925483777799172
kleiner,2,10387,0.0001925483777799172
halbkreisförmige,2,10387,0.0001925483777799172
wände,2,10387,0.0001925483777799172
entweder,2,10387,0.0001925483777799172
gemischt,2,10387,0.0001925483777799172
50,2,10387,0.0001925483777799172
genügt,2,10387,0.0001925483777799172
natürlich,2,10387,0.0001925483777799172
benutzung,2,10387,0.0001925483777799172
schnittene,2,10387,0.0001925483777799172
saure,2,10387,0.0001925483777799172
rand,2,10387,0.0001925483777799172
überzogen,2,10387,0.0001925483777799172
kochbuch,2,10387,0.0001925483777799172
handen,2,10387,0.0001925483777799172
blutarme,2,10387,0.0001925483777799172
fehr,2,10387,0.0001925483777799172
kopf,2,10387,0.0001925483777799172
füllen,2,10387,0.0001925483777799172
flossen,2,10387,0.0001925483777799172
dieselben,2,10387,0.0001925483777799172
mittaggericht,2,10387,0.0001925483777799172
zweite,2,10387,0.0001925483777799172
pfefferkörner,2,10387,0.0001925483777799172
mal,2,10387,0.0001925483777799172
festschließendem,2,10387,0.0001925483777799172
besitzt,2,10387,0.0001925483777799172
denn,2,10387,0.0001925483777799172
genau,2,10387,0.0001925483777799172
klippfisch,2,10387,0.0001925483777799172
siegreiches,2,10387,0.0001925483777799172
graupensuppe,2,10387,0.0001925483777799172
entfernt,2,10387,0.0001925483777799172
gewürzkörner,2,10387,0.0001925483777799172
abgelöschte,2,10387,0.0001925483777799172
genommen,2,10387,0.0001925483777799172
ihre,2,10387,0.0001925483777799172
geriebenen,2,10387,0.0001925483777799172
rhabarbersuppe,2,10387,0.0001925483777799172
hering,2,10387,0.0001925483777799172
breite,2,10387,0.0001925483777799172
löffeln,2,10387,0.0001925483777799172
wurde,2,10387,0.0001925483777799172
quetschfalten,2,10387,0.0001925483777799172
legen,2,10387,0.0001925483777799172
werdeu,2,10387,0.0001925483777799172
tausend,2,10387,0.0001925483777799172
sobald,2,10387,0.0001925483777799172
geeignete,2,10387,0.0001925483777799172
fr,2,10387,0.0001925483777799172
hin,2,10387,0.0001925483777799172
empfohlen,2,10387,0.0001925483777799172
fall,2,10387,0.0001925483777799172
herstellung,2,10387,0.0001925483777799172
länger,2,10387,0.0001925483777799172
kissen,2,10387,0.0001925483777799172
benutzt,2,10387,0.0001925483777799172
schälen,2,10387,0.0001925483777799172
worden,2,10387,0.0001925483777799172
1915,2,10387,0.0001925483777799172
kein,2,10387,0.0001925483777799172
weite,2,10387,0.0001925483777799172
stopft,2,10387,0.0001925483777799172
lichst,2,10387,0.0001925483777799172
gehackt,2,10387,0.0001925483777799172
besonderen,2,10387,0.0001925483777799172
eingeweichten,2,10387,0.0001925483777799172
rindsgelinge,2,10387,0.0001925483777799172
bedarf,2,10387,0.0001925483777799172
feste,2,10387,0.0001925483777799172
pilzwasser,2,10387,0.0001925483777799172
knollen,2,10387,0.0001925483777799172
grütze,2,10387,0.0001925483777799172
gewiegt,2,10387,0.0001925483777799172
vorgekocht,2,10387,0.0001925483777799172
knochenbrühe,2,10387,0.0001925483777799172
hineingibt,2,10387,0.0001925483777799172
ausgebratenen,2,10387,0.0001925483777799172
kaffee,2,10387,0.0001925483777799172
wegbleiben,2,10387,0.0001925483777799172
teil,2,10387,0.0001925483777799172
abgespült,2,10387,0.0001925483777799172
davon,2,10387,0.0001925483777799172
durchhalten,2,10387,0.0001925483777799172
darunter,2,10387,0.0001925483777799172
anbrennt,2,10387,0.0001925483777799172
vorhanden,2,10387,0.0001925483777799172
abwaschen,2,10387,0.0001925483777799172
womit,2,10387,0.0001925483777799172
gedämpftes,2,10387,0.0001925483777799172
seine,2,10387,0.0001925483777799172
pökelfleisch,2,10387,0.0001925483777799172
reiben,2,10387,0.0001925483777799172
praktisch,2,10387,0.0001925483777799172
nährwert,2,10387,0.0001925483777799172
gewürzkörnern,2,10387,0.0001925483777799172
welschkraut,2,10387,0.0001925483777799172
haus,2,10387,0.0001925483777799172
blaubeeren,2,10387,0.0001925483777799172
sack,2,10387,0.0001925483777799172
vierten,2,10387,0.0001925483777799172
flüssigkeit,2,10387,0.0001925483777799172
flanell,2,10387,0.0001925483777799172
1v,2,10387,0.0001925483777799172
westpreußen,2,10387,0.0001925483777799172
jahreszeit,2,10387,0.0001925483777799172
hübsch,2,10387,0.0001925483777799172
hand,2,10387,0.0001925483777799172
beeren,2,10387,0.0001925483777799172
los,2,10387,0.0001925483777799172
hineintun,2,10387,0.0001925483777799172
höhlung,2,10387,0.0001925483777799172
zncker,2,10387,0.0001925483777799172
deutsche,2,10387,0.0001925483777799172
süße,2,10387,0.0001925483777799172
35,2,10387,0.0001925483777799172
zart,2,10387,0.0001925483777799172
schlägt,2,10387,0.0001925483777799172
rhabarbermus,2,10387,0.0001925483777799172
kommen,2,10387,0.0001925483777799172
rollmöpse,2,10387,0.0001925483777799172
topfdeckel,2,10387,0.0001925483777799172
kleinigkeit,2,10387,0.0001925483777799172
erhältlich,2,10387,0.0001925483777799172
seiu,2,10387,0.0001925483777799172
befreit,2,10387,0.0001925483777799172
frühzeitig,2,10387,0.0001925483777799172
gemacht,2,10387,0.0001925483777799172
hinzugetan,2,10387,0.0001925483777799172
trocken,2,10387,0.0001925483777799172
billiges,2,10387,0.0001925483777799172
schwer,2,10387,0.0001925483777799172
schüssel,2,10387,0.0001925483777799172
schafgarbe,2,10387,0.0001925483777799172
angebraten,2,10387,0.0001925483777799172
18,2,10387,0.0001925483777799172
vier,2,10387,0.0001925483777799172
sparsamkeit,2,10387,0.0001925483777799172
nud,2,10387,0.0001925483777799172
zuvor,2,10387,0.0001925483777799172
erkalten,2,10387,0.0001925483777799172
setzt,2,10387,0.0001925483777799172
maschine,2,10387,0.0001925483777799172
landw,2,10387,0.0001925483777799172
nahrungsmittel,2,10387,0.0001925483777799172
hoch,2,10387,0.0001925483777799172
inhalt,2,10387,0.0001925483777799172
fortlassen,2,10387,0.0001925483777799172
arten,2,10387,0.0001925483777799172
nichts,2,10387,0.0001925483777799172
bohnen,2,10387,0.0001925483777799172
durchschlag,2,10387,0.0001925483777799172
übergießt,2,10387,0.0001925483777799172
unten,2,10387,0.0001925483777799172
kreise,2,10387,0.0001925483777799172
derb,2,10387,0.0001925483777799172
gossen,2,10387,0.0001925483777799172
beide,2,10387,0.0001925483777799172
deshalb,2,10387,0.0001925483777799172
essens,2,10387,0.0001925483777799172
gläser,2,10387,0.0001925483777799172
ausfüllen,2,10387,0.0001925483777799172
enthält,2,10387,0.0001925483777799172
teile,2,10387,0.0001925483777799172
eingestellt,2,10387,0.0001925483777799172
andere,2,10387,0.0001925483777799172
brennt,2,10387,0.0001925483777799172
gefähr,2,10387,0.0001925483777799172
bracht,2,10387,0.0001925483777799172
brühe,2,10387,0.0001925483777799172
gewiegte,2,10387,0.0001925483777799172
ei,2,10387,0.0001925483777799172
11,2,10387,0.0001925483777799172
rezepte,2,10387,0.0001925483777799172
stärke,2,10387,0.0001925483777799172
wichtig,2,10387,0.0001925483777799172
9,2,10387,0.0001925483777799172
verdicken,2,10387,0.0001925483777799172
w,2,10387,0.0001925483777799172
mühe,2,10387,0.0001925483777799172
dienen,2,10387,0.0001925483777799172
schichtet,2,10387,0.0001925483777799172
5v,2,10387,0.0001925483777799172
warm,2,10387,0.0001925483777799172
ersparen,2,10387,0.0001925483777799172
gekostet,2,10387,0.0001925483777799172
kartoffelgerichte,2,10387,0.0001925483777799172
rasch,2,10387,0.0001925483777799172
runde,2,10387,0.0001925483777799172
einhüllen,2,10387,0.0001925483777799172
mög,2,10387,0.0001925483777799172
ablaufen,2,10387,0.0001925483777799172
ordentlich,2,10387,0.0001925483777799172
ziemlich,2,10387,0.0001925483777799172
zerlassenes,2,10387,0.0001925483777799172
jnnenranm,2,10387,0.0001925483777799172
bringen,2,10387,0.0001925483777799172
stoffe,2,10387,0.0001925483777799172
pack,2,10387,0.0001925483777799172
töpfe,2,10387,0.0001925483777799172
zeitschrift,2,10387,0.0001925483777799172
schließt,2,10387,0.0001925483777799172
kurzen,2,10387,0.0001925483777799172
ehe,2,10387,0.0001925483777799172
zimtrinde,2,10387,0.0001925483777799172
wert,2,10387,0.0001925483777799172
sauerkraut,2,10387,0.0001925483777799172
kaun,2,10387,0.0001925483777799172
rezept,2,10387,0.0001925483777799172
gequirlt,2,10387,0.0001925483777799172
gesäubert,2,10387,0.0001925483777799172
wenigstens,2,10387,0.0001925483777799172
wollstoff,2,10387,0.0001925483777799172
manchen,2,10387,0.0001925483777799172
füllt,2,10387,0.0001925483777799172
glatte,2,10387,0.0001925483777799172
herausgenommen,2,10387,0.0001925483777799172
kümmelkörner,2,10387,0.0001925483777799172
jeden,2,10387,0.0001925483777799172
senftunke,2,10387,0.0001925483777799172
kistenwände,2,10387,0.0001925483777799172
schlechten,2,10387,0.0001925483777799172
stellen,2,10387,0.0001925483777799172
deren,2,10387,0.0001925483777799172
schmackhaft,2,10387,0.0001925483777799172
zubereitung,2,10387,0.0001925483777799172
stopfen,2,10387,0.0001925483777799172
zuckerrüben,2,10387,0.0001925483777799172
wirsing,2,10387,0.0001925483777799172
seid,2,10387,0.0001925483777799172
geschnitte,2,10387,0.0001925483777799172
neuen,2,10387,0.0001925483777799172
mengt,2,10387,0.0001925483777799172
nehmen,2,10387,0.0001925483777799172
kopfe,2,10387,0.0001925483777799172
nötigen,2,10387,0.0001925483777799172
starke,2,10387,0.0001925483777799172
packmaterials,2,10387,0.0001925483777799172
denselben,2,10387,0.0001925483777799172
schwanz,2,10387,0.0001925483777799172
kürbismasse,2,10387,0.0001925483777799172
risse,2,10387,0.0001925483777799172
gebrühte,2,10387,0.0001925483777799172
linien,2,10387,0.0001925483777799172
ins,2,10387,0.0001925483777799172
zusetzen,2,10387,0.0001925483777799172
ecken,2,10387,0.0001925483777799172
tropfen,2,10387,0.0001925483777799172
bräunlich,2,10387,0.0001925483777799172
abgekochten,2,10387,0.0001925483777799172
ergeben,2,10387,0.0001925483777799172
kistentopf,2,10387,0.0001925483777799172
höher,2,10387,0.0001925483777799172
fünffach,2,10387,0.0001925483777799172
esseu,2,10387,0.0001925483777799172
dürfen,2,10387,0.0001925483777799172
übereinander,2,10387,0.0001925483777799172
junge,2,10387,0.0001925483777799172
material,2,10387,0.0001925483777799172
eiern,2,10387,0.0001925483777799172
bitter,2,10387,0.0001925483777799172
spitze,2,10387,0.0001925483777799172
hinaus,2,10387,0.0001925483777799172
kostet,2,10387,0.0001925483777799172
genießen,2,10387,0.0001925483777799172
fünf,2,10387,0.0001925483777799172
ißt,2,10387,0.0001925483777799172
getrocknete,2,10387,0.0001925483777799172
blättern,2,10387,0.0001925483777799172
suppengemüse,2,10387,0.0001925483777799172
brei,2,10387,0.0001925483777799172
frühstück,2,10387,0.0001925483777799172
meist,2,10387,0.0001925483777799172
wurst,2,10387,0.0001925483777799172
schweine,2,10387,0.0001925483777799172
stuuden,2,10387,0.0001925483777799172
hebt,2,10387,0.0001925483777799172
kohl,2,10387,0.0001925483777799172
holz,2,10387,0.0001925483777799172
übergossen,2,10387,0.0001925483777799172
sämtliche,2,10387,0.0001925483777799172
siehe,2,10387,0.0001925483777799172
champignons,2,10387,0.0001925483777799172
zweimal,2,10387,0.0001925483777799172
weichkochen,2,10387,0.0001925483777799172
zerlassenem,2,10387,0.0001925483777799172
liegt,2,10387,0.0001925483777799172
hinzugefügt,2,10387,0.0001925483777799172
>,2,10387,0.0001925483777799172
gerieben,2,10387,0.0001925483777799172
angegossen,2,10387,0.0001925483777799172
lieben,2,10387,0.0001925483777799172
finden,2,10387,0.0001925483777799172
angebracht,2,10387,0.0001925483777799172
kanten,2,10387,0.0001925483777799172
fügen,2,10387,0.0001925483777799172
schleichen,2,10387,0.0001925483777799172
gesetzt,2,10387,0.0001925483777799172
menge,2,10387,0.0001925483777799172
lasse,2,10387,0.0001925483777799172
schlesien,2,10387,0.0001925483777799172
fernt,2,10387,0.0001925483777799172
herdes,2,10387,0.0001925483777799172
rande,2,10387,0.0001925483777799172
oberen,2,10387,0.0001925483777799172
erforderlich,2,10387,0.0001925483777799172
während,2,10387,0.0001925483777799172
stets,2,10387,0.0001925483777799172
erneuert,2,10387,0.0001925483777799172
kartoffelscheiben,2,10387,0.0001925483777799172
unseren,2,10387,0.0001925483777799172
seiner,2,10387,0.0001925483777799172
ans,2,10387,0.0001925483777799172
allein,1,10387,9.62741888899586e-05
dessen,1,10387,9.62741888899586e-05
unbe,1,10387,9.62741888899586e-05
papier,1,10387,9.62741888899586e-05
blattsalat,1,10387,9.62741888899586e-05
gemischte,1,10387,9.62741888899586e-05
flockig,1,10387,9.62741888899586e-05
nachgießen,1,10387,9.62741888899586e-05
kaltes,1,10387,9.62741888899586e-05
ernst,1,10387,9.62741888899586e-05
schultern,1,10387,9.62741888899586e-05
verbindet,1,10387,9.62741888899586e-05
lössel,1,10387,9.62741888899586e-05
mehlklöße,1,10387,9.62741888899586e-05
genuß,1,10387,9.62741888899586e-05
monatsschrift,1,10387,9.62741888899586e-05
großer,1,10387,9.62741888899586e-05
schalkartoffeln,1,10387,9.62741888899586e-05
wildwachsenden,1,10387,9.62741888899586e-05
löst,1,10387,9.62741888899586e-05
aufmerksamkeit,1,10387,9.62741888899586e-05
eingehüllt,1,10387,9.62741888899586e-05
linie,1,10387,9.62741888899586e-05
zusatz,1,10387,9.62741888899586e-05
gemischtes,1,10387,9.62741888899586e-05
suppeu,1,10387,9.62741888899586e-05
speise,1,10387,9.62741888899586e-05
zerlassene,1,10387,9.62741888899586e-05
haussraueu,1,10387,9.62741888899586e-05
wagen,1,10387,9.62741888899586e-05
gewöhnlichen,1,10387,9.62741888899586e-05
brat,1,10387,9.62741888899586e-05
abgeschnitten,1,10387,9.62741888899586e-05
anfängt,1,10387,9.62741888899586e-05
derkochkiste,1,10387,9.62741888899586e-05
hafererzeug,1,10387,9.62741888899586e-05
nähe,1,10387,9.62741888899586e-05
soust,1,10387,9.62741888899586e-05
schuldig,1,10387,9.62741888899586e-05
liefert,1,10387,9.62741888899586e-05
vm,1,10387,9.62741888899586e-05
aufbewahren,1,10387,9.62741888899586e-05
umwenden,1,10387,9.62741888899586e-05
salzig,1,10387,9.62741888899586e-05
ersatz,1,10387,9.62741888899586e-05
wasserrüben,1,10387,9.62741888899586e-05
abschmeckt,1,10387,9.62741888899586e-05
abcndgcricht,1,10387,9.62741888899586e-05
gelind,1,10387,9.62741888899586e-05
gebrannte,1,10387,9.62741888899586e-05
überzug,1,10387,9.62741888899586e-05
schön,1,10387,9.62741888899586e-05
zipfel,1,10387,9.62741888899586e-05
einschränken,1,10387,9.62741888899586e-05
jnnenlage,1,10387,9.62741888899586e-05
beaufsichtigung,1,10387,9.62741888899586e-05
brenn,1,10387,9.62741888899586e-05
fertiggemacht,1,10387,9.62741888899586e-05
47,1,10387,9.62741888899586e-05
znm,1,10387,9.62741888899586e-05
hagebuttensuppe,1,10387,9.62741888899586e-05
öffnen,1,10387,9.62741888899586e-05
abbildungen,1,10387,9.62741888899586e-05
39,1,10387,9.62741888899586e-05
leserinnenkreise,1,10387,9.62741888899586e-05
„dörrbüchlein,1,10387,9.62741888899586e-05
pressen,1,10387,9.62741888899586e-05
verlängert,1,10387,9.62741888899586e-05
vollkommen,1,10387,9.62741888899586e-05
entlastet,1,10387,9.62741888899586e-05
stoßenen,1,10387,9.62741888899586e-05
hauptmahlzeiten,1,10387,9.62741888899586e-05
wässern,1,10387,9.62741888899586e-05
beachte,1,10387,9.62741888899586e-05
salizyl,1,10387,9.62741888899586e-05
tontopf,1,10387,9.62741888899586e-05
abendessen,1,10387,9.62741888899586e-05
kriegshilfe,1,10387,9.62741888899586e-05
verbreitung,1,10387,9.62741888899586e-05
nachstehendes,1,10387,9.62741888899586e-05
fische,1,10387,9.62741888899586e-05
kämpft,1,10387,9.62741888899586e-05
minute,1,10387,9.62741888899586e-05
harten,1,10387,9.62741888899586e-05
brenne,1,10387,9.62741888899586e-05
durchschnittlich,1,10387,9.62741888899586e-05
stock,1,10387,9.62741888899586e-05
getragen,1,10387,9.62741888899586e-05
unbekannt,1,10387,9.62741888899586e-05
selbe,1,10387,9.62741888899586e-05
wollstoffteil,1,10387,9.62741888899586e-05
flieder,1,10387,9.62741888899586e-05
gestrichen,1,10387,9.62741888899586e-05
höhluug,1,10387,9.62741888899586e-05
umge,1,10387,9.62741888899586e-05
fruchtbrei,1,10387,9.62741888899586e-05
salzt,1,10387,9.62741888899586e-05
finger,1,10387,9.62741888899586e-05
lichen,1,10387,9.62741888899586e-05
küche,1,10387,9.62741888899586e-05
zerpflückt,1,10387,9.62741888899586e-05
5vz,1,10387,9.62741888899586e-05
zeigt,1,10387,9.62741888899586e-05
pfeffert,1,10387,9.62741888899586e-05
feingewiegte,1,10387,9.62741888899586e-05
kiuder,1,10387,9.62741888899586e-05
stückes,1,10387,9.62741888899586e-05
langsamen,1,10387,9.62741888899586e-05
hineingetan,1,10387,9.62741888899586e-05
zweck,1,10387,9.62741888899586e-05
abgebildeten,1,10387,9.62741888899586e-05
flüffiges,1,10387,9.62741888899586e-05
abgeschält,1,10387,9.62741888899586e-05
soda,1,10387,9.62741888899586e-05
wilh,1,10387,9.62741888899586e-05
back,1,10387,9.62741888899586e-05
obstspeise,1,10387,9.62741888899586e-05
obstmus,1,10387,9.62741888899586e-05
zurühren,1,10387,9.62741888899586e-05
tuuken,1,10387,9.62741888899586e-05
verfügung,1,10387,9.62741888899586e-05
sternförmig,1,10387,9.62741888899586e-05
augenblicke,1,10387,9.62741888899586e-05
gewünschten,1,10387,9.62741888899586e-05
peterfilie,1,10387,9.62741888899586e-05
brotrestchen,1,10387,9.62741888899586e-05
herstellen,1,10387,9.62741888899586e-05
feldarbeit,1,10387,9.62741888899586e-05
cham,1,10387,9.62741888899586e-05
haushaltimgskasse,1,10387,9.62741888899586e-05
mahlzeiten,1,10387,9.62741888899586e-05
bringe,1,10387,9.62741888899586e-05
schwimmen,1,10387,9.62741888899586e-05
hüte,1,10387,9.62741888899586e-05
löfcht,1,10387,9.62741888899586e-05
hinzutun,1,10387,9.62741888899586e-05
beträgt,1,10387,9.62741888899586e-05
klopfen,1,10387,9.62741888899586e-05
wärmsten,1,10387,9.62741888899586e-05
tüchtigem,1,10387,9.62741888899586e-05
pichelsteiner,1,10387,9.62741888899586e-05
innenseiten,1,10387,9.62741888899586e-05
aufgeschlagen,1,10387,9.62741888899586e-05
gleichmäßige,1,10387,9.62741888899586e-05
gleichmäßig,1,10387,9.62741888899586e-05
erhöht,1,10387,9.62741888899586e-05
dünsten,1,10387,9.62741888899586e-05
pulver,1,10387,9.62741888899586e-05
cssig,1,10387,9.62741888899586e-05
flachwerk,1,10387,9.62741888899586e-05
städten,1,10387,9.62741888899586e-05
5in,1,10387,9.62741888899586e-05
verbindung,1,10387,9.62741888899586e-05
heu,1,10387,9.62741888899586e-05
scharnieren,1,10387,9.62741888899586e-05
ebensolcher,1,10387,9.62741888899586e-05
c,1,10387,9.62741888899586e-05
std,1,10387,9.62741888899586e-05
ausgestopft,1,10387,9.62741888899586e-05
lig,1,10387,9.62741888899586e-05
zugegossen,1,10387,9.62741888899586e-05
zerkleinert,1,10387,9.62741888899586e-05
gewiesen,1,10387,9.62741888899586e-05
heftet,1,10387,9.62741888899586e-05
wirklich,1,10387,9.62741888899586e-05
winter,1,10387,9.62741888899586e-05
befestigt,1,10387,9.62741888899586e-05
unterlegen,1,10387,9.62741888899586e-05
rechtecks,1,10387,9.62741888899586e-05
beschriebene,1,10387,9.62741888899586e-05
liche,1,10387,9.62741888899586e-05
pilzsuppe,1,10387,9.62741888899586e-05
kleingeschnittenes,1,10387,9.62741888899586e-05
gestrichenen,1,10387,9.62741888899586e-05
marinierte,1,10387,9.62741888899586e-05
fettsreien,1,10387,9.62741888899586e-05
probekloß,1,10387,9.62741888899586e-05
eingerieben,1,10387,9.62741888899586e-05
weder,1,10387,9.62741888899586e-05
zubereitungsart,1,10387,9.62741888899586e-05
umrühren,1,10387,9.62741888899586e-05
erstarren,1,10387,9.62741888899586e-05
mitgekocht,1,10387,9.62741888899586e-05
nem,1,10387,9.62741888899586e-05
hineinzustellen,1,10387,9.62741888899586e-05
wirkt,1,10387,9.62741888899586e-05
würf,1,10387,9.62741888899586e-05
verschließbaren,1,10387,9.62741888899586e-05
umstopft,1,10387,9.62741888899586e-05
milder,1,10387,9.62741888899586e-05
breie,1,10387,9.62741888899586e-05
mageres,1,10387,9.62741888899586e-05
fchmeckt,1,10387,9.62741888899586e-05
locjenfsil,1,10387,9.62741888899586e-05
namentlich,1,10387,9.62741888899586e-05
gewürze,1,10387,9.62741888899586e-05
kartoffelkuchen,1,10387,9.62741888899586e-05
anklang,1,10387,9.62741888899586e-05
abgebrühten,1,10387,9.62741888899586e-05
rosemann,1,10387,9.62741888899586e-05
dörrgemüse,1,10387,9.62741888899586e-05
hohlräume,1,10387,9.62741888899586e-05
gartenland,1,10387,9.62741888899586e-05
lappens,1,10387,9.62741888899586e-05
künstlicher,1,10387,9.62741888899586e-05
gewaschenen,1,10387,9.62741888899586e-05
flüssige,1,10387,9.62741888899586e-05
zufuhr,1,10387,9.62741888899586e-05
abfall,1,10387,9.62741888899586e-05
beifügen,1,10387,9.62741888899586e-05
beilage,1,10387,9.62741888899586e-05
schalenkartoffeln,1,10387,9.62741888899586e-05
seitlichen,1,10387,9.62741888899586e-05
uns,1,10387,9.62741888899586e-05
zurecht,1,10387,9.62741888899586e-05
54,1,10387,9.62741888899586e-05
helle,1,10387,9.62741888899586e-05
überwurfes,1,10387,9.62741888899586e-05
mafse,1,10387,9.62741888899586e-05
schützen,1,10387,9.62741888899586e-05
zinige,1,10387,9.62741888899586e-05
getauchten,1,10387,9.62741888899586e-05
vielleicht,1,10387,9.62741888899586e-05
ausgekochtenschwarten,1,10387,9.62741888899586e-05
rübensast,1,10387,9.62741888899586e-05
juugeu,1,10387,9.62741888899586e-05
quark,1,10387,9.62741888899586e-05
dünnsämige,1,10387,9.62741888899586e-05
anrichten,1,10387,9.62741888899586e-05
apfelstücke,1,10387,9.62741888899586e-05
köunen,1,10387,9.62741888899586e-05
kl,1,10387,9.62741888899586e-05
abschluß,1,10387,9.62741888899586e-05
buch,1,10387,9.62741888899586e-05
rücksicht,1,10387,9.62741888899586e-05
drogerie,1,10387,9.62741888899586e-05
kräuter,1,10387,9.62741888899586e-05
gesund,1,10387,9.62741888899586e-05
grießsuppe,1,10387,9.62741888899586e-05
„getrocknetes,1,10387,9.62741888899586e-05
kartoffelstückchen,1,10387,9.62741888899586e-05
selbstanfertigung,1,10387,9.62741888899586e-05
draußen,1,10387,9.62741888899586e-05
gemüse^,1,10387,9.62741888899586e-05
stalten,1,10387,9.62741888899586e-05
erleichterung,1,10387,9.62741888899586e-05
verdaulich,1,10387,9.62741888899586e-05
wenige,1,10387,9.62741888899586e-05
natron,1,10387,9.62741888899586e-05
scharfem,1,10387,9.62741888899586e-05
pflicht,1,10387,9.62741888899586e-05
zuviel,1,10387,9.62741888899586e-05
gerstenfloikenbrei,1,10387,9.62741888899586e-05
notwendigkeit,1,10387,9.62741888899586e-05
gespült,1,10387,9.62741888899586e-05
einmachen,1,10387,9.62741888899586e-05
gefüttertes,1,10387,9.62741888899586e-05
entweicht,1,10387,9.62741888899586e-05
zeitraubenden,1,10387,9.62741888899586e-05
zeitungsblättern,1,10387,9.62741888899586e-05
wirtschaft,1,10387,9.62741888899586e-05
v«,1,10387,9.62741888899586e-05
lieber,1,10387,9.62741888899586e-05
ausquellen,1,10387,9.62741888899586e-05
überall,1,10387,9.62741888899586e-05
sticht,1,10387,9.62741888899586e-05
anch,1,10387,9.62741888899586e-05
getrocknet,1,10387,9.62741888899586e-05
fertigt,1,10387,9.62741888899586e-05
morgens,1,10387,9.62741888899586e-05
jemand,1,10387,9.62741888899586e-05
hausfraueu,1,10387,9.62741888899586e-05
herauskommt,1,10387,9.62741888899586e-05
gleichen,1,10387,9.62741888899586e-05
beginnt,1,10387,9.62741888899586e-05
zwiebelstückchen,1,10387,9.62741888899586e-05
halbe,1,10387,9.62741888899586e-05
dürfte,1,10387,9.62741888899586e-05
mittelstarke,1,10387,9.62741888899586e-05
nochmal,1,10387,9.62741888899586e-05
fiehlt,1,10387,9.62741888899586e-05
44,1,10387,9.62741888899586e-05
reste,1,10387,9.62741888899586e-05
läng,1,10387,9.62741888899586e-05
riecht,1,10387,9.62741888899586e-05
gebacken,1,10387,9.62741888899586e-05
horden,1,10387,9.62741888899586e-05
festschließender,1,10387,9.62741888899586e-05
guten,1,10387,9.62741888899586e-05
mangold,1,10387,9.62741888899586e-05
suppenwasser,1,10387,9.62741888899586e-05
stand,1,10387,9.62741888899586e-05
silie,1,10387,9.62741888899586e-05
bräunen,1,10387,9.62741888899586e-05
schnell,1,10387,9.62741888899586e-05
hält,1,10387,9.62741888899586e-05
buttermilchhonig,1,10387,9.62741888899586e-05
durchsteppt,1,10387,9.62741888899586e-05
gnt,1,10387,9.62741888899586e-05
kramme,1,10387,9.62741888899586e-05
schneller,1,10387,9.62741888899586e-05
strunk,1,10387,9.62741888899586e-05
ausgebauchte,1,10387,9.62741888899586e-05
ausgebraten,1,10387,9.62741888899586e-05
gepntzt,1,10387,9.62741888899586e-05
heringshälften,1,10387,9.62741888899586e-05
aufschneiden,1,10387,9.62741888899586e-05
oro,1,10387,9.62741888899586e-05
bestehend,1,10387,9.62741888899586e-05
gestanden,1,10387,9.62741888899586e-05
ausgekratzt,1,10387,9.62741888899586e-05
unhandlich,1,10387,9.62741888899586e-05
gunder,1,10387,9.62741888899586e-05
halbes,1,10387,9.62741888899586e-05
blaubeersuppe,1,10387,9.62741888899586e-05
löschte,1,10387,9.62741888899586e-05
rinderherz,1,10387,9.62741888899586e-05
zurückbleiben,1,10387,9.62741888899586e-05
brotaufsirich,1,10387,9.62741888899586e-05
schalen,1,10387,9.62741888899586e-05
bratröhren,1,10387,9.62741888899586e-05
fparfamen,1,10387,9.62741888899586e-05
wählen?,1,10387,9.62741888899586e-05
rücken,1,10387,9.62741888899586e-05
herstelleu,1,10387,9.62741888899586e-05
karre,1,10387,9.62741888899586e-05
feinge,1,10387,9.62741888899586e-05
anbrennen,1,10387,9.62741888899586e-05
blauen,1,10387,9.62741888899586e-05
gehobelte,1,10387,9.62741888899586e-05
aufgewickelt,1,10387,9.62741888899586e-05
anzusämen,1,10387,9.62741888899586e-05
hagebutten,1,10387,9.62741888899586e-05
^landw,1,10387,9.62741888899586e-05
mitteln,1,10387,9.62741888899586e-05
abschließt,1,10387,9.62741888899586e-05
verbraucht,1,10387,9.62741888899586e-05
furchtbare,1,10387,9.62741888899586e-05
rauchfleischresten,1,10387,9.62741888899586e-05
desit?,1,10387,9.62741888899586e-05
passenden,1,10387,9.62741888899586e-05
reichlichen,1,10387,9.62741888899586e-05
genähten,1,10387,9.62741888899586e-05
salate,1,10387,9.62741888899586e-05
allgemeinen,1,10387,9.62741888899586e-05
zutateu,1,10387,9.62741888899586e-05
bedingung,1,10387,9.62741888899586e-05
geht,1,10387,9.62741888899586e-05
teilt,1,10387,9.62741888899586e-05
gedämpften,1,10387,9.62741888899586e-05
gewürz,1,10387,9.62741888899586e-05
unser,1,10387,9.62741888899586e-05
schnur,1,10387,9.62741888899586e-05
aufgerührtem,1,10387,9.62741888899586e-05
kriegskoch,1,10387,9.62741888899586e-05
durchgeknetet,1,10387,9.62741888899586e-05
trockenes,1,10387,9.62741888899586e-05
geschlossen,1,10387,9.62741888899586e-05
demselben,1,10387,9.62741888899586e-05
gegenden,1,10387,9.62741888899586e-05
200,1,10387,9.62741888899586e-05
ausfüllt,1,10387,9.62741888899586e-05
pilsnitz,1,10387,9.62741888899586e-05
altes,1,10387,9.62741888899586e-05
selleriekraut,1,10387,9.62741888899586e-05
diefe,1,10387,9.62741888899586e-05
chamotteplatten,1,10387,9.62741888899586e-05
mitnimmt,1,10387,9.62741888899586e-05
weist,1,10387,9.62741888899586e-05
helft,1,10387,9.62741888899586e-05
feingewiegter,1,10387,9.62741888899586e-05
gemüsewasser,1,10387,9.62741888899586e-05
aufweist,1,10387,9.62741888899586e-05
fläche,1,10387,9.62741888899586e-05
ger,1,10387,9.62741888899586e-05
druck,1,10387,9.62741888899586e-05
abdichten,1,10387,9.62741888899586e-05
erscheinen,1,10387,9.62741888899586e-05
hälften,1,10387,9.62741888899586e-05
reichelt,1,10387,9.62741888899586e-05
dingung,1,10387,9.62741888899586e-05
kiemen,1,10387,9.62741888899586e-05
mittel,1,10387,9.62741888899586e-05
geröstete,1,10387,9.62741888899586e-05
angekochte,1,10387,9.62741888899586e-05
erdbeerblätterund,1,10387,9.62741888899586e-05
kriege,1,10387,9.62741888899586e-05
geklopft,1,10387,9.62741888899586e-05
warmes,1,10387,9.62741888899586e-05
linsen,1,10387,9.62741888899586e-05
fparfam,1,10387,9.62741888899586e-05
übergießen,1,10387,9.62741888899586e-05
gegebeu,1,10387,9.62741888899586e-05
umbiegt,1,10387,9.62741888899586e-05
beliebigen,1,10387,9.62741888899586e-05
pauten,1,10387,9.62741888899586e-05
bodenteil,1,10387,9.62741888899586e-05
waldreiche,1,10387,9.62741888899586e-05
falles,1,10387,9.62741888899586e-05
fach,1,10387,9.62741888899586e-05
schließlich,1,10387,9.62741888899586e-05
ivo,1,10387,9.62741888899586e-05
viele,1,10387,9.62741888899586e-05
auseinandergehe,1,10387,9.62741888899586e-05
dagegen,1,10387,9.62741888899586e-05
benetzt,1,10387,9.62741888899586e-05
ebener,1,10387,9.62741888899586e-05
aufs,1,10387,9.62741888899586e-05
zerbröckeln,1,10387,9.62741888899586e-05
zerläßt,1,10387,9.62741888899586e-05
derartiges,1,10387,9.62741888899586e-05
wirsingkopf,1,10387,9.62741888899586e-05
verfüttert,1,10387,9.62741888899586e-05
kochendein,1,10387,9.62741888899586e-05
aukochzeit,1,10387,9.62741888899586e-05
siegen,1,10387,9.62741888899586e-05
erweisen,1,10387,9.62741888899586e-05
dr,1,10387,9.62741888899586e-05
3l1,1,10387,9.62741888899586e-05
einzelnen,1,10387,9.62741888899586e-05
schweinebraten,1,10387,9.62741888899586e-05
ergibt,1,10387,9.62741888899586e-05
mich,1,10387,9.62741888899586e-05
familie,1,10387,9.62741888899586e-05
mertens,1,10387,9.62741888899586e-05
benageln,1,10387,9.62741888899586e-05
ersparnissen,1,10387,9.62741888899586e-05
wirtschaftskammer,1,10387,9.62741888899586e-05
endlich,1,10387,9.62741888899586e-05
außerdem,1,10387,9.62741888899586e-05
schlesischen,1,10387,9.62741888899586e-05
mengen,1,10387,9.62741888899586e-05
eingeschüttet,1,10387,9.62741888899586e-05
schnittenen,1,10387,9.62741888899586e-05
tonschüssel,1,10387,9.62741888899586e-05
abschnitt,1,10387,9.62741888899586e-05
tüchtig,1,10387,9.62741888899586e-05
gehalt,1,10387,9.62741888899586e-05
lederftücken,1,10387,9.62741888899586e-05
zähflüssig,1,10387,9.62741888899586e-05
weglassen,1,10387,9.62741888899586e-05
innenseite,1,10387,9.62741888899586e-05
warmer,1,10387,9.62741888899586e-05
goldgelb,1,10387,9.62741888899586e-05
nachstehender,1,10387,9.62741888899586e-05
friedenszeiten,1,10387,9.62741888899586e-05
beispiel,1,10387,9.62741888899586e-05
schinkenbrühe,1,10387,9.62741888899586e-05
betropft,1,10387,9.62741888899586e-05
lorbeerblättern,1,10387,9.62741888899586e-05
auszuwählen,1,10387,9.62741888899586e-05
6v,1,10387,9.62741888899586e-05
ingwer,1,10387,9.62741888899586e-05
chüttet,1,10387,9.62741888899586e-05
uebeneinander,1,10387,9.62741888899586e-05
durchaus,1,10387,9.62741888899586e-05
kartoffelsalat,1,10387,9.62741888899586e-05
gesüßt,1,10387,9.62741888899586e-05
wollenes,1,10387,9.62741888899586e-05
unbegrenzt,1,10387,9.62741888899586e-05
nährungsverhältnisse,1,10387,9.62741888899586e-05
brühten,1,10387,9.62741888899586e-05
passen,1,10387,9.62741888899586e-05
anfkochen,1,10387,9.62741888899586e-05
besseren,1,10387,9.62741888899586e-05
wurstspeil,1,10387,9.62741888899586e-05
gehackte,1,10387,9.62741888899586e-05
versucht,1,10387,9.62741888899586e-05
pappe,1,10387,9.62741888899586e-05
angewärmt,1,10387,9.62741888899586e-05
auslande,1,10387,9.62741888899586e-05
festes,1,10387,9.62741888899586e-05
hafermehl,1,10387,9.62741888899586e-05
perfonenzahl,1,10387,9.62741888899586e-05
kochkisten,1,10387,9.62741888899586e-05
feld,1,10387,9.62741888899586e-05
gefälligen,1,10387,9.62741888899586e-05
gespart,1,10387,9.62741888899586e-05
hineinhängen,1,10387,9.62741888899586e-05
gefchinack,1,10387,9.62741888899586e-05
derartig,1,10387,9.62741888899586e-05
geringere,1,10387,9.62741888899586e-05
rhabarberstengel,1,10387,9.62741888899586e-05
sowohl,1,10387,9.62741888899586e-05
gebrochen,1,10387,9.62741888899586e-05
kronchen,1,10387,9.62741888899586e-05
13,1,10387,9.62741888899586e-05
sammeunähen,1,10387,9.62741888899586e-05
dauerware,1,10387,9.62741888899586e-05
ecke,1,10387,9.62741888899586e-05
euren,1,10387,9.62741888899586e-05
durchmesser,1,10387,9.62741888899586e-05
dan^,1,10387,9.62741888899586e-05
gießen,1,10387,9.62741888899586e-05
voller,1,10387,9.62741888899586e-05
gekühlten,1,10387,9.62741888899586e-05
__,1,10387,9.62741888899586e-05
hitze,1,10387,9.62741888899586e-05
kräftige,1,10387,9.62741888899586e-05
übergössen,1,10387,9.62741888899586e-05
gewiegtes,1,10387,9.62741888899586e-05
gebräunten,1,10387,9.62741888899586e-05
19,1,10387,9.62741888899586e-05
weichen,1,10387,9.62741888899586e-05
lagen,1,10387,9.62741888899586e-05
geweicht,1,10387,9.62741888899586e-05
rest,1,10387,9.62741888899586e-05
drei,1,10387,9.62741888899586e-05
glasig,1,10387,9.62741888899586e-05
abgepreßter,1,10387,9.62741888899586e-05
gewendet,1,10387,9.62741888899586e-05
da>z,1,10387,9.62741888899586e-05
entblättert,1,10387,9.62741888899586e-05
weichgedämpft,1,10387,9.62741888899586e-05
kalbs,1,10387,9.62741888899586e-05
reis,1,10387,9.62741888899586e-05
zubereiten,1,10387,9.62741888899586e-05
versäume,1,10387,9.62741888899586e-05
zerteilt,1,10387,9.62741888899586e-05
knappe,1,10387,9.62741888899586e-05
steinplatten,1,10387,9.62741888899586e-05
zweiter,1,10387,9.62741888899586e-05
bezeichnet,1,10387,9.62741888899586e-05
bratet,1,10387,9.62741888899586e-05
ursprünglich,1,10387,9.62741888899586e-05
war,1,10387,9.62741888899586e-05
stoppel,1,10387,9.62741888899586e-05
könnte,1,10387,9.62741888899586e-05
holzwollfütterung,1,10387,9.62741888899586e-05
1?^,1,10387,9.62741888899586e-05
kisten,1,10387,9.62741888899586e-05
schinken,1,10387,9.62741888899586e-05
geträufelt,1,10387,9.62741888899586e-05
herzhafter,1,10387,9.62741888899586e-05
zumal,1,10387,9.62741888899586e-05
brom,1,10387,9.62741888899586e-05
ansämen,1,10387,9.62741888899586e-05
bekommt,1,10387,9.62741888899586e-05
rhabarbcrsuppe,1,10387,9.62741888899586e-05
gende,1,10387,9.62741888899586e-05
rieben,1,10387,9.62741888899586e-05
bereitete,1,10387,9.62741888899586e-05
drahtringe,1,10387,9.62741888899586e-05
verlesen,1,10387,9.62741888899586e-05
knappere,1,10387,9.62741888899586e-05
raum,1,10387,9.62741888899586e-05
gargekocht,1,10387,9.62741888899586e-05
inachen,1,10387,9.62741888899586e-05
röhr,1,10387,9.62741888899586e-05
dienst,1,10387,9.62741888899586e-05
einfacher,1,10387,9.62741888899586e-05
zurück,1,10387,9.62741888899586e-05
toffelschäler,1,10387,9.62741888899586e-05
emp,1,10387,9.62741888899586e-05
gegossenes,1,10387,9.62741888899586e-05
abgesetzten,1,10387,9.62741888899586e-05
mißrät,1,10387,9.62741888899586e-05
v4,1,10387,9.62741888899586e-05
erdbeeren,1,10387,9.62741888899586e-05
reibt,1,10387,9.62741888899586e-05
80,1,10387,9.62741888899586e-05
dürfeu,1,10387,9.62741888899586e-05
kochte,1,10387,9.62741888899586e-05
dick,1,10387,9.62741888899586e-05
groß,1,10387,9.62741888899586e-05
leichter,1,10387,9.62741888899586e-05
vieh,1,10387,9.62741888899586e-05
kgl,1,10387,9.62741888899586e-05
weuig,1,10387,9.62741888899586e-05
gefchält,1,10387,9.62741888899586e-05
zusammengenäht,1,10387,9.62741888899586e-05
vorwort,1,10387,9.62741888899586e-05
euch,1,10387,9.62741888899586e-05
aufsatz,1,10387,9.62741888899586e-05
wegen,1,10387,9.62741888899586e-05
einzustellen,1,10387,9.62741888899586e-05
durchgebraten,1,10387,9.62741888899586e-05
fischfleisch,1,10387,9.62741888899586e-05
herings,1,10387,9.62741888899586e-05
jammert,1,10387,9.62741888899586e-05
gewöhnliche,1,10387,9.62741888899586e-05
klärungsmittel,1,10387,9.62741888899586e-05
alte,1,10387,9.62741888899586e-05
haferflockensuppe,1,10387,9.62741888899586e-05
pfreimbtner,1,10387,9.62741888899586e-05
manchmal,1,10387,9.62741888899586e-05
bratkartoffeln,1,10387,9.62741888899586e-05
ausgepreßt,1,10387,9.62741888899586e-05
worauf,1,10387,9.62741888899586e-05
eßlöffeln,1,10387,9.62741888899586e-05
viereckigen,1,10387,9.62741888899586e-05
band,1,10387,9.62741888899586e-05
klcine,1,10387,9.62741888899586e-05
verschiedene,1,10387,9.62741888899586e-05
uuter,1,10387,9.62741888899586e-05
trockengemüse,1,10387,9.62741888899586e-05
gerstenflockeu,1,10387,9.62741888899586e-05
auseinandergezupft,1,10387,9.62741888899586e-05
mk,1,10387,9.62741888899586e-05
nöäg,1,10387,9.62741888899586e-05
topfbodens,1,10387,9.62741888899586e-05
hacken,1,10387,9.62741888899586e-05
salzkartoffeln,1,10387,9.62741888899586e-05
wänden,1,10387,9.62741888899586e-05
daruntergemischt,1,10387,9.62741888899586e-05
emailletopf,1,10387,9.62741888899586e-05
braune,1,10387,9.62741888899586e-05
tovfes,1,10387,9.62741888899586e-05
"„zeitschrist""",1,10387,9.62741888899586e-05
stichen,1,10387,9.62741888899586e-05
süsze,1,10387,9.62741888899586e-05
mittels,1,10387,9.62741888899586e-05
gekrcht,1,10387,9.62741888899586e-05
beinah,1,10387,9.62741888899586e-05
zwiebelscheiben,1,10387,9.62741888899586e-05
vierteljahr,1,10387,9.62741888899586e-05
richt,1,10387,9.62741888899586e-05
milde,1,10387,9.62741888899586e-05
schließendem,1,10387,9.62741888899586e-05
darum,1,10387,9.62741888899586e-05
sehe,1,10387,9.62741888899586e-05
küchengeschäft,1,10387,9.62741888899586e-05
waren,1,10387,9.62741888899586e-05
brotver,1,10387,9.62741888899586e-05
32,1,10387,9.62741888899586e-05
england,1,10387,9.62741888899586e-05
robe,1,10387,9.62741888899586e-05
eingerührt,1,10387,9.62741888899586e-05
karge,1,10387,9.62741888899586e-05
beweis,1,10387,9.62741888899586e-05
herstellnng,1,10387,9.62741888899586e-05
zeanin,1,10387,9.62741888899586e-05
gekochtenkürbis,1,10387,9.62741888899586e-05
aufbewahrung,1,10387,9.62741888899586e-05
gebraten,1,10387,9.62741888899586e-05
22,1,10387,9.62741888899586e-05
geschnitten?,1,10387,9.62741888899586e-05
beanspruchen,1,10387,9.62741888899586e-05
auslösen,1,10387,9.62741888899586e-05
dieser,1,10387,9.62741888899586e-05
neu,1,10387,9.62741888899586e-05
gamentpapier,1,10387,9.62741888899586e-05
demselbenwasser,1,10387,9.62741888899586e-05
chlesien,1,10387,9.62741888899586e-05
draußeu,1,10387,9.62741888899586e-05
muskatnuß,1,10387,9.62741888899586e-05
bäckt,1,10387,9.62741888899586e-05
ruhig,1,10387,9.62741888899586e-05
ratschläge,1,10387,9.62741888899586e-05
loscht,1,10387,9.62741888899586e-05
unfereu,1,10387,9.62741888899586e-05
mäßige,1,10387,9.62741888899586e-05
möchte,1,10387,9.62741888899586e-05
29,1,10387,9.62741888899586e-05
heringswürfel,1,10387,9.62741888899586e-05
zeitpunkt,1,10387,9.62741888899586e-05
51,1,10387,9.62741888899586e-05
belegt,1,10387,9.62741888899586e-05
branner,1,10387,9.62741888899586e-05
daun,1,10387,9.62741888899586e-05
soiu,1,10387,9.62741888899586e-05
hegemeister,1,10387,9.62741888899586e-05
beschrieben,1,10387,9.62741888899586e-05
ausgewaschen,1,10387,9.62741888899586e-05
wollen,1,10387,9.62741888899586e-05
stäubt,1,10387,9.62741888899586e-05
apfelkartoffeln,1,10387,9.62741888899586e-05
dreieckigen,1,10387,9.62741888899586e-05
nahrhafte,1,10387,9.62741888899586e-05
52,1,10387,9.62741888899586e-05
möglichst,1,10387,9.62741888899586e-05
blut,1,10387,9.62741888899586e-05
uuten,1,10387,9.62741888899586e-05
hierbei,1,10387,9.62741888899586e-05
gehörig,1,10387,9.62741888899586e-05
dabei,1,10387,9.62741888899586e-05
keinen,1,10387,9.62741888899586e-05
widmen,1,10387,9.62741888899586e-05
auskoche«,1,10387,9.62741888899586e-05
hinzugetau,1,10387,9.62741888899586e-05
gebaut,1,10387,9.62741888899586e-05
tadellos,1,10387,9.62741888899586e-05
schäle,1,10387,9.62741888899586e-05
warmbrunn,1,10387,9.62741888899586e-05
sätti,1,10387,9.62741888899586e-05
wohlschmeckend,1,10387,9.62741888899586e-05
rsgb,1,10387,9.62741888899586e-05
rechuen,1,10387,9.62741888899586e-05
streicht,1,10387,9.62741888899586e-05
blasen,1,10387,9.62741888899586e-05
frühjahr,1,10387,9.62741888899586e-05
anfertigung,1,10387,9.62741888899586e-05
kraft,1,10387,9.62741888899586e-05
ritze,1,10387,9.62741888899586e-05
zugedeckt,1,10387,9.62741888899586e-05
ebenen,1,10387,9.62741888899586e-05
hirfe,1,10387,9.62741888899586e-05
garwerden,1,10387,9.62741888899586e-05
halten,1,10387,9.62741888899586e-05
zunächst,1,10387,9.62741888899586e-05
gemenge,1,10387,9.62741888899586e-05
hineingelegt,1,10387,9.62741888899586e-05
wurstartige,1,10387,9.62741888899586e-05
angießt,1,10387,9.62741888899586e-05
17,1,10387,9.62741888899586e-05
anbraten,1,10387,9.62741888899586e-05
verbessern,1,10387,9.62741888899586e-05
sämiger,1,10387,9.62741888899586e-05
zeitnngspapier,1,10387,9.62741888899586e-05
verantwortung,1,10387,9.62741888899586e-05
maßgebend,1,10387,9.62741888899586e-05
gesagt,1,10387,9.62741888899586e-05
zuge,1,10387,9.62741888899586e-05
töchter,1,10387,9.62741888899586e-05
wärmröhre,1,10387,9.62741888899586e-05
wald,1,10387,9.62741888899586e-05
schwachgesalzenes,1,10387,9.62741888899586e-05
viereckiges,1,10387,9.62741888899586e-05
gekaufte,1,10387,9.62741888899586e-05
rückseite,1,10387,9.62741888899586e-05
zerknüllt,1,10387,9.62741888899586e-05
bretterkiste,1,10387,9.62741888899586e-05
kümmern,1,10387,9.62741888899586e-05
kurzer,1,10387,9.62741888899586e-05
irgend,1,10387,9.62741888899586e-05
glatten,1,10387,9.62741888899586e-05
zitronensäure,1,10387,9.62741888899586e-05
karton,1,10387,9.62741888899586e-05
mußte,1,10387,9.62741888899586e-05
dämpfen,1,10387,9.62741888899586e-05
per,1,10387,9.62741888899586e-05
krautblättern,1,10387,9.62741888899586e-05
äußerst,1,10387,9.62741888899586e-05
dämpft,1,10387,9.62741888899586e-05
bezogen,1,10387,9.62741888899586e-05
einstreuen,1,10387,9.62741888899586e-05
beuteln,1,10387,9.62741888899586e-05
uicht,1,10387,9.62741888899586e-05
gegenüber,1,10387,9.62741888899586e-05
fser,1,10387,9.62741888899586e-05
oin,1,10387,9.62741888899586e-05
ich,1,10387,9.62741888899586e-05
kreide,1,10387,9.62741888899586e-05
stuude,1,10387,9.62741888899586e-05
umgekehrt,1,10387,9.62741888899586e-05
lassene,1,10387,9.62741888899586e-05
gesalzen,1,10387,9.62741888899586e-05
abendmahlzeiten,1,10387,9.62741888899586e-05
zwar,1,10387,9.62741888899586e-05
strohigen,1,10387,9.62741888899586e-05
würzkvrner,1,10387,9.62741888899586e-05
einfach,1,10387,9.62741888899586e-05
rippen,1,10387,9.62741888899586e-05
möglich,1,10387,9.62741888899586e-05
häkchen,1,10387,9.62741888899586e-05
angekochten,1,10387,9.62741888899586e-05
weichgekochten,1,10387,9.62741888899586e-05
fällt,1,10387,9.62741888899586e-05
nächsten,1,10387,9.62741888899586e-05
vollmilch,1,10387,9.62741888899586e-05
päckchen,1,10387,9.62741888899586e-05
zerschnittene,1,10387,9.62741888899586e-05
ausgesetzten,1,10387,9.62741888899586e-05
werdet,1,10387,9.62741888899586e-05
weißkohlkopf,1,10387,9.62741888899586e-05
ner,1,10387,9.62741888899586e-05
hackt,1,10387,9.62741888899586e-05
eingeschnitten,1,10387,9.62741888899586e-05
baumwollen,1,10387,9.62741888899586e-05
schuppt,1,10387,9.62741888899586e-05
falten,1,10387,9.62741888899586e-05
milchsuppe,1,10387,9.62741888899586e-05
weiterhin,1,10387,9.62741888899586e-05
bel,1,10387,9.62741888899586e-05
kleiderkartons,1,10387,9.62741888899586e-05
schriftleitung,1,10387,9.62741888899586e-05
einrichtung,1,10387,9.62741888899586e-05
mittelköpfe,1,10387,9.62741888899586e-05
aufgequollen,1,10387,9.62741888899586e-05
fleischwürfeln,1,10387,9.62741888899586e-05
erstaunen,1,10387,9.62741888899586e-05
inzeitungspapier,1,10387,9.62741888899586e-05
niemals,1,10387,9.62741888899586e-05
7s,1,10387,9.62741888899586e-05
ansetzen,1,10387,9.62741888899586e-05
scharfes,1,10387,9.62741888899586e-05
wenden,1,10387,9.62741888899586e-05
offnen,1,10387,9.62741888899586e-05
geschältekartoffeln,1,10387,9.62741888899586e-05
durchstochen,1,10387,9.62741888899586e-05
bar,1,10387,9.62741888899586e-05
co„,1,10387,9.62741888899586e-05
zwecke,1,10387,9.62741888899586e-05
abkühlen,1,10387,9.62741888899586e-05
übergreifendem,1,10387,9.62741888899586e-05
u^d,1,10387,9.62741888899586e-05
abwechselungsreich,1,10387,9.62741888899586e-05
fischkartofscln,1,10387,9.62741888899586e-05
pracht,1,10387,9.62741888899586e-05
grünes,1,10387,9.62741888899586e-05
aufrühren,1,10387,9.62741888899586e-05
geriebenes,1,10387,9.62741888899586e-05
bietet,1,10387,9.62741888899586e-05
21,1,10387,9.62741888899586e-05
gekreidenahrungsmittel,1,10387,9.62741888899586e-05
lachs,1,10387,9.62741888899586e-05
kochwassers,1,10387,9.62741888899586e-05
topfheransspritztnnd,1,10387,9.62741888899586e-05
selber,1,10387,9.62741888899586e-05
"kleinbetrieb""",1,10387,9.62741888899586e-05
nelken,1,10387,9.62741888899586e-05
hauses,1,10387,9.62741888899586e-05
transportiert,1,10387,9.62741888899586e-05
lich,1,10387,9.62741888899586e-05
schuitteu,1,10387,9.62741888899586e-05
mischen,1,10387,9.62741888899586e-05
pflaumenmus,1,10387,9.62741888899586e-05
em,1,10387,9.62741888899586e-05
brötchen,1,10387,9.62741888899586e-05
außer,1,10387,9.62741888899586e-05
nebst,1,10387,9.62741888899586e-05
brotverbrauch,1,10387,9.62741888899586e-05
anhange,1,10387,9.62741888899586e-05
köpfe,1,10387,9.62741888899586e-05
sorg,1,10387,9.62741888899586e-05
einzieht,1,10387,9.62741888899586e-05
erzeugnisse,1,10387,9.62741888899586e-05
äalte,1,10387,9.62741888899586e-05
kosten,1,10387,9.62741888899586e-05
eurem,1,10387,9.62741888899586e-05
nutzbar,1,10387,9.62741888899586e-05
rabmens,1,10387,9.62741888899586e-05
nahrungsmitteln,1,10387,9.62741888899586e-05
t,1,10387,9.62741888899586e-05
gestoßenen,1,10387,9.62741888899586e-05
fältig,1,10387,9.62741888899586e-05
angießen,1,10387,9.62741888899586e-05
mehlsuppe,1,10387,9.62741888899586e-05
weiß,1,10387,9.62741888899586e-05
kanfmaun,1,10387,9.62741888899586e-05
kreuzweis,1,10387,9.62741888899586e-05
zurechtmachen,1,10387,9.62741888899586e-05
kistenwänden,1,10387,9.62741888899586e-05
richten,1,10387,9.62741888899586e-05
unteren,1,10387,9.62741888899586e-05
vermehrte,1,10387,9.62741888899586e-05
hergestellt,1,10387,9.62741888899586e-05
breiten,1,10387,9.62741888899586e-05
pfuud,1,10387,9.62741888899586e-05
packpapier,1,10387,9.62741888899586e-05
„zeitschrift,1,10387,9.62741888899586e-05
"gemüse""",1,10387,9.62741888899586e-05
verschiedenes,1,10387,9.62741888899586e-05
mehrere,1,10387,9.62741888899586e-05
vorläufig,1,10387,9.62741888899586e-05
zugeschüttet,1,10387,9.62741888899586e-05
36,1,10387,9.62741888899586e-05
ungesalzenem,1,10387,9.62741888899586e-05
rundung,1,10387,9.62741888899586e-05
pflaumentunke,1,10387,9.62741888899586e-05
wäude,1,10387,9.62741888899586e-05
wendet,1,10387,9.62741888899586e-05
kurz,1,10387,9.62741888899586e-05
küchenwarengeschäft,1,10387,9.62741888899586e-05
ruht,1,10387,9.62741888899586e-05
palmona,1,10387,9.62741888899586e-05
korn,1,10387,9.62741888899586e-05
streut,1,10387,9.62741888899586e-05
beides,1,10387,9.62741888899586e-05
büchsen,1,10387,9.62741888899586e-05
pfennige,1,10387,9.62741888899586e-05
gundermann,1,10387,9.62741888899586e-05
menschlichen,1,10387,9.62741888899586e-05
zer,1,10387,9.62741888899586e-05
grundsatz,1,10387,9.62741888899586e-05
geschabten,1,10387,9.62741888899586e-05
allenfalls,1,10387,9.62741888899586e-05
uudsuppen,1,10387,9.62741888899586e-05
einander,1,10387,9.62741888899586e-05
53,1,10387,9.62741888899586e-05
august,1,10387,9.62741888899586e-05
befördern,1,10387,9.62741888899586e-05
mohrrübenmarmelade,1,10387,9.62741888899586e-05
hinzufügen,1,10387,9.62741888899586e-05
körper,1,10387,9.62741888899586e-05
hiu,1,10387,9.62741888899586e-05
zusammeugeheftet,1,10387,9.62741888899586e-05
augekochte,1,10387,9.62741888899586e-05
gesüßte,1,10387,9.62741888899586e-05
hinemgetan,1,10387,9.62741888899586e-05
mnß,1,10387,9.62741888899586e-05
eisendrahtgeflecht,1,10387,9.62741888899586e-05
immer,1,10387,9.62741888899586e-05
ergiebig,1,10387,9.62741888899586e-05
nirgends,1,10387,9.62741888899586e-05
veranlagte,1,10387,9.62741888899586e-05
manche,1,10387,9.62741888899586e-05
blaue,1,10387,9.62741888899586e-05
anderer,1,10387,9.62741888899586e-05
benutzenden,1,10387,9.62741888899586e-05
benutzen,1,10387,9.62741888899586e-05
marmelade,1,10387,9.62741888899586e-05
kochbeutels,1,10387,9.62741888899586e-05
genügender,1,10387,9.62741888899586e-05
bandstrippen,1,10387,9.62741888899586e-05
nutzung,1,10387,9.62741888899586e-05
festhält,1,10387,9.62741888899586e-05
befindet,1,10387,9.62741888899586e-05
gottl,1,10387,9.62741888899586e-05
tüchern,1,10387,9.62741888899586e-05
lüften,1,10387,9.62741888899586e-05
125,1,10387,9.62741888899586e-05
erzeugen,1,10387,9.62741888899586e-05
fleischmaschine,1,10387,9.62741888899586e-05
46,1,10387,9.62741888899586e-05
kartoffelwürfel,1,10387,9.62741888899586e-05
gebräunte,1,10387,9.62741888899586e-05
löwenzahn,1,10387,9.62741888899586e-05
schütteln,1,10387,9.62741888899586e-05
d,1,10387,9.62741888899586e-05
angedünstet,1,10387,9.62741888899586e-05
offenen,1,10387,9.62741888899586e-05
nebeneinander,1,10387,9.62741888899586e-05
kürbismus,1,10387,9.62741888899586e-05
genäht,1,10387,9.62741888899586e-05
baue,1,10387,9.62741888899586e-05
kreuzen,1,10387,9.62741888899586e-05
wiesbaden,1,10387,9.62741888899586e-05
weit,1,10387,9.62741888899586e-05
wärme,1,10387,9.62741888899586e-05
kalten,1,10387,9.62741888899586e-05
fette,1,10387,9.62741888899586e-05
vnd,1,10387,9.62741888899586e-05
ausprobiere,1,10387,9.62741888899586e-05
leserinnen,1,10387,9.62741888899586e-05
salat,1,10387,9.62741888899586e-05
600,1,10387,9.62741888899586e-05
passend,1,10387,9.62741888899586e-05
aufquillt,1,10387,9.62741888899586e-05
karotten,1,10387,9.62741888899586e-05
handvoll,1,10387,9.62741888899586e-05
besondere,1,10387,9.62741888899586e-05
klipp,1,10387,9.62741888899586e-05
vorfinden,1,10387,9.62741888899586e-05
hohen,1,10387,9.62741888899586e-05
angegebenen,1,10387,9.62741888899586e-05
ausgedrückt,1,10387,9.62741888899586e-05
satt,1,10387,9.62741888899586e-05
einfache,1,10387,9.62741888899586e-05
buttermilchsuppe,1,10387,9.62741888899586e-05
hermgsbutter,1,10387,9.62741888899586e-05
mittelgroße,1,10387,9.62741888899586e-05
vir,1,10387,9.62741888899586e-05
aufstrich,1,10387,9.62741888899586e-05
an?,1,10387,9.62741888899586e-05
fester,1,10387,9.62741888899586e-05
grünen,1,10387,9.62741888899586e-05
flachwerkteller,1,10387,9.62741888899586e-05
apfelmns,1,10387,9.62741888899586e-05
stenflocken,1,10387,9.62741888899586e-05
dient,1,10387,9.62741888899586e-05
kochens,1,10387,9.62741888899586e-05
kännchen,1,10387,9.62741888899586e-05
bildet,1,10387,9.62741888899586e-05
beheben,1,10387,9.62741888899586e-05
gehefteten,1,10387,9.62741888899586e-05
übergestreut,1,10387,9.62741888899586e-05
zerkochen,1,10387,9.62741888899586e-05
goldbraun,1,10387,9.62741888899586e-05
neben,1,10387,9.62741888899586e-05
aluminiumtopf,1,10387,9.62741888899586e-05
gesäß,1,10387,9.62741888899586e-05
zerstampfen,1,10387,9.62741888899586e-05
steine,1,10387,9.62741888899586e-05
speisezettel,1,10387,9.62741888899586e-05
einein,1,10387,9.62741888899586e-05
verschiedenen,1,10387,9.62741888899586e-05
abgebrüht,1,10387,9.62741888899586e-05
siud,1,10387,9.62741888899586e-05
tuchecken,1,10387,9.62741888899586e-05
putzt,1,10387,9.62741888899586e-05
zurechtge,1,10387,9.62741888899586e-05
kehrt,1,10387,9.62741888899586e-05
töpfer,1,10387,9.62741888899586e-05
verwerten,1,10387,9.62741888899586e-05
entsteint,1,10387,9.62741888899586e-05
kriegslage,1,10387,9.62741888899586e-05
verstreicht,1,10387,9.62741888899586e-05
weiterkochen,1,10387,9.62741888899586e-05
aufeinandergelegt,1,10387,9.62741888899586e-05
ernte,1,10387,9.62741888899586e-05
verzehrt,1,10387,9.62741888899586e-05
ausgekochte,1,10387,9.62741888899586e-05
gräup,1,10387,9.62741888899586e-05
gebratener,1,10387,9.62741888899586e-05
koche,1,10387,9.62741888899586e-05
heere,1,10387,9.62741888899586e-05
durchgekocht,1,10387,9.62741888899586e-05
33,1,10387,9.62741888899586e-05
hände,1,10387,9.62741888899586e-05
spätsommer,1,10387,9.62741888899586e-05
gewiegten,1,10387,9.62741888899586e-05
richtung,1,10387,9.62741888899586e-05
34,1,10387,9.62741888899586e-05
nügend,1,10387,9.62741888899586e-05
hinzugeben,1,10387,9.62741888899586e-05
derartige,1,10387,9.62741888899586e-05
toffelsago,1,10387,9.62741888899586e-05
gleicher,1,10387,9.62741888899586e-05
ungerührt,1,10387,9.62741888899586e-05
einzuweichen,1,10387,9.62741888899586e-05
bestreuen,1,10387,9.62741888899586e-05
griefen,1,10387,9.62741888899586e-05
audere,1,10387,9.62741888899586e-05
abgetropften,1,10387,9.62741888899586e-05
spinatähnliches,1,10387,9.62741888899586e-05
zerkocht,1,10387,9.62741888899586e-05
beachtung,1,10387,9.62741888899586e-05
„illustrierten,1,10387,9.62741888899586e-05
kiifeklöße,1,10387,9.62741888899586e-05
brauch,1,10387,9.62741888899586e-05
schüppchen,1,10387,9.62741888899586e-05
vorsichtig,1,10387,9.62741888899586e-05
bleiben,1,10387,9.62741888899586e-05
zwiebelwürfel,1,10387,9.62741888899586e-05
vaterland,1,10387,9.62741888899586e-05
kartoffelspeifc,1,10387,9.62741888899586e-05
auspreßt,1,10387,9.62741888899586e-05
aufheben,1,10387,9.62741888899586e-05
uoch,1,10387,9.62741888899586e-05
kirschsuppe,1,10387,9.62741888899586e-05
fliederbeerensuppe,1,10387,9.62741888899586e-05
300,1,10387,9.62741888899586e-05
folgenden,1,10387,9.62741888899586e-05
verwende,1,10387,9.62741888899586e-05
arbeitsstätten,1,10387,9.62741888899586e-05
bedeutet,1,10387,9.62741888899586e-05
aufwellen,1,10387,9.62741888899586e-05
eisen,1,10387,9.62741888899586e-05
gelegtem,1,10387,9.62741888899586e-05
gebürstet,1,10387,9.62741888899586e-05
maggi,1,10387,9.62741888899586e-05
fülleu,1,10387,9.62741888899586e-05
auskocheu,1,10387,9.62741888899586e-05
gewissermaßen,1,10387,9.62741888899586e-05
vorhandenen,1,10387,9.62741888899586e-05
übereinandergelegtes,1,10387,9.62741888899586e-05
31,1,10387,9.62741888899586e-05
27,1,10387,9.62741888899586e-05
400,1,10387,9.62741888899586e-05
ausgenützt,1,10387,9.62741888899586e-05
diemohrrüben,1,10387,9.62741888899586e-05
sauerampfer,1,10387,9.62741888899586e-05
camenz,1,10387,9.62741888899586e-05
wollstofsteil,1,10387,9.62741888899586e-05
haferflocke,1,10387,9.62741888899586e-05
serer,1,10387,9.62741888899586e-05
vergießen,1,10387,9.62741888899586e-05
iso,1,10387,9.62741888899586e-05
riuderherz,1,10387,9.62741888899586e-05
musartig,1,10387,9.62741888899586e-05
sogenannte,1,10387,9.62741888899586e-05
teig,1,10387,9.62741888899586e-05
blau,1,10387,9.62741888899586e-05
nindsfett,1,10387,9.62741888899586e-05
entsprochen,1,10387,9.62741888899586e-05
vorgeschriebene,1,10387,9.62741888899586e-05
auflegen,1,10387,9.62741888899586e-05
abbricht,1,10387,9.62741888899586e-05
42,1,10387,9.62741888899586e-05
durchzogen,1,10387,9.62741888899586e-05
tagen,1,10387,9.62741888899586e-05
streifen,1,10387,9.62741888899586e-05
eure,1,10387,9.62741888899586e-05
schinkens,1,10387,9.62741888899586e-05
hungern,1,10387,9.62741888899586e-05
ringsherum,1,10387,9.62741888899586e-05
zuletztkartosfeln,1,10387,9.62741888899586e-05
osen,1,10387,9.62741888899586e-05
ganzen,1,10387,9.62741888899586e-05
gefchmack,1,10387,9.62741888899586e-05
sechs,1,10387,9.62741888899586e-05
nahrungs,1,10387,9.62741888899586e-05
gehört,1,10387,9.62741888899586e-05
apfelmasse,1,10387,9.62741888899586e-05
dringender,1,10387,9.62741888899586e-05
sollen,1,10387,9.62741888899586e-05
klausa,1,10387,9.62741888899586e-05
stöcken,1,10387,9.62741888899586e-05
zugehen,1,10387,9.62741888899586e-05
hüllt,1,10387,9.62741888899586e-05
48,1,10387,9.62741888899586e-05
käse,1,10387,9.62741888899586e-05
gelbbraun,1,10387,9.62741888899586e-05
wiesen,1,10387,9.62741888899586e-05
gebildet,1,10387,9.62741888899586e-05
spinatbrei,1,10387,9.62741888899586e-05
selben,1,10387,9.62741888899586e-05
solcher,1,10387,9.62741888899586e-05
vermindert,1,10387,9.62741888899586e-05
veränderten,1,10387,9.62741888899586e-05
saurer,1,10387,9.62741888899586e-05
personenzahl,1,10387,9.62741888899586e-05
welschkohl,1,10387,9.62741888899586e-05
zwie,1,10387,9.62741888899586e-05
einzusalzen,1,10387,9.62741888899586e-05
mehrmals,1,10387,9.62741888899586e-05
steifen,1,10387,9.62741888899586e-05
pfuno,1,10387,9.62741888899586e-05
geputzte,1,10387,9.62741888899586e-05
zwischenräume,1,10387,9.62741888899586e-05
einergabel,1,10387,9.62741888899586e-05
nachrechnet,1,10387,9.62741888899586e-05
geputztem,1,10387,9.62741888899586e-05
reicht,1,10387,9.62741888899586e-05
würden,1,10387,9.62741888899586e-05
stachelbeeren,1,10387,9.62741888899586e-05
entfernten,1,10387,9.62741888899586e-05
gesundheit,1,10387,9.62741888899586e-05
eingewässerte,1,10387,9.62741888899586e-05
kommenden,1,10387,9.62741888899586e-05
bestreicht,1,10387,9.62741888899586e-05
birnen,1,10387,9.62741888899586e-05
25t,1,10387,9.62741888899586e-05
ofenrohres,1,10387,9.62741888899586e-05
fortgeschnitten,1,10387,9.62741888899586e-05
dap,1,10387,9.62741888899586e-05
hermsdorf,1,10387,9.62741888899586e-05
ernährung,1,10387,9.62741888899586e-05
anhang,1,10387,9.62741888899586e-05
bereits,1,10387,9.62741888899586e-05
eisentopf,1,10387,9.62741888899586e-05
flockenbrei,1,10387,9.62741888899586e-05
nachzusehen,1,10387,9.62741888899586e-05
kochenden,1,10387,9.62741888899586e-05
maggiwürfel,1,10387,9.62741888899586e-05
angebranntes,1,10387,9.62741888899586e-05
gehobelten,1,10387,9.62741888899586e-05
aufhebeu,1,10387,9.62741888899586e-05
gebackene,1,10387,9.62741888899586e-05
geschabt,1,10387,9.62741888899586e-05
nesselblätter,1,10387,9.62741888899586e-05
herausnehmen,1,10387,9.62741888899586e-05
beigefügt,1,10387,9.62741888899586e-05
191s,1,10387,9.62741888899586e-05
ihnen,1,10387,9.62741888899586e-05
abgewellt,1,10387,9.62741888899586e-05
probiert,1,10387,9.62741888899586e-05
fortgegossen,1,10387,9.62741888899586e-05
mehreren,1,10387,9.62741888899586e-05
38,1,10387,9.62741888899586e-05
menschliche,1,10387,9.62741888899586e-05
vgl,1,10387,9.62741888899586e-05
frisches,1,10387,9.62741888899586e-05
abzusperren,1,10387,9.62741888899586e-05
"gartenbau""",1,10387,9.62741888899586e-05
^gestrichenem,1,10387,9.62741888899586e-05
blättert,1,10387,9.62741888899586e-05
rind,1,10387,9.62741888899586e-05
auszunehmen,1,10387,9.62741888899586e-05
herzustellen,1,10387,9.62741888899586e-05
hineiusetzt,1,10387,9.62741888899586e-05
lucas,1,10387,9.62741888899586e-05
hause,1,10387,9.62741888899586e-05
dicklichen,1,10387,9.62741888899586e-05
sellin,1,10387,9.62741888899586e-05
verarbeitet,1,10387,9.62741888899586e-05
14,1,10387,9.62741888899586e-05
presse,1,10387,9.62741888899586e-05
landpflegeschwester,1,10387,9.62741888899586e-05
sahne,1,10387,9.62741888899586e-05
eingequirlt,1,10387,9.62741888899586e-05
verschüttet,1,10387,9.62741888899586e-05
dachsteinen,1,10387,9.62741888899586e-05
fchem,1,10387,9.62741888899586e-05
peter,1,10387,9.62741888899586e-05
49,1,10387,9.62741888899586e-05
hartgebrannten,1,10387,9.62741888899586e-05
kindern,1,10387,9.62741888899586e-05
land,1,10387,9.62741888899586e-05
nudeln,1,10387,9.62741888899586e-05
durcheinander,1,10387,9.62741888899586e-05
bnttermilchhonig,1,10387,9.62741888899586e-05
genügend,1,10387,9.62741888899586e-05
gemüsegerichte,1,10387,9.62741888899586e-05
ränder,1,10387,9.62741888899586e-05
28,1,10387,9.62741888899586e-05
weichgekoä,1,10387,9.62741888899586e-05
frühstücks,1,10387,9.62741888899586e-05
bräunt,1,10387,9.62741888899586e-05
glaserkitt,1,10387,9.62741888899586e-05
hierzu,1,10387,9.62741888899586e-05
rinder,1,10387,9.62741888899586e-05
sämt,1,10387,9.62741888899586e-05
43,1,10387,9.62741888899586e-05
jetzt,1,10387,9.62741888899586e-05
vorsetzt,1,10387,9.62741888899586e-05
pilzkartoffeln,1,10387,9.62741888899586e-05
grünzeug,1,10387,9.62741888899586e-05
unbedingt,1,10387,9.62741888899586e-05
kräutern,1,10387,9.62741888899586e-05
flüssig,1,10387,9.62741888899586e-05
find,1,10387,9.62741888899586e-05
ausgebratenem,1,10387,9.62741888899586e-05
mostrichtuuke,1,10387,9.62741888899586e-05
gedämpfter,1,10387,9.62741888899586e-05
eingeriebene,1,10387,9.62741888899586e-05
heißen,1,10387,9.62741888899586e-05
eiueu,1,10387,9.62741888899586e-05
gewürzen,1,10387,9.62741888899586e-05
flüssigem,1,10387,9.62741888899586e-05
viu,1,10387,9.62741888899586e-05
rollen,1,10387,9.62741888899586e-05
desselben,1,10387,9.62741888899586e-05
wertvolle,1,10387,9.62741888899586e-05
weitere,1,10387,9.62741888899586e-05
suppeugrün,1,10387,9.62741888899586e-05
augustheft,1,10387,9.62741888899586e-05
kostbarkeiten,1,10387,9.62741888899586e-05
abgekühlt,1,10387,9.62741888899586e-05
hanse,1,10387,9.62741888899586e-05
fliederbeereu,1,10387,9.62741888899586e-05
auszufüllen,1,10387,9.62741888899586e-05
gedreht,1,10387,9.62741888899586e-05
abschmecken,1,10387,9.62741888899586e-05
überlegt,1,10387,9.62741888899586e-05
herausgeschnitten,1,10387,9.62741888899586e-05
haferflockenfrühstück,1,10387,9.62741888899586e-05
?,1,10387,9.62741888899586e-05
himbeeren,1,10387,9.62741888899586e-05
schlackwurst,1,10387,9.62741888899586e-05
mostrichkartoffel,1,10387,9.62741888899586e-05
greifenden,1,10387,9.62741888899586e-05
fettes,1,10387,9.62741888899586e-05
herz,1,10387,9.62741888899586e-05
krautblätter,1,10387,9.62741888899586e-05
honigpulver,1,10387,9.62741888899586e-05
wertvoll,1,10387,9.62741888899586e-05
nian,1,10387,9.62741888899586e-05
gekochtes,1,10387,9.62741888899586e-05
gestreut,1,10387,9.62741888899586e-05
kreis,1,10387,9.62741888899586e-05
bolzen,1,10387,9.62741888899586e-05
23,1,10387,9.62741888899586e-05
45,1,10387,9.62741888899586e-05
ziegel,1,10387,9.62741888899586e-05
warmhalten,1,10387,9.62741888899586e-05
gegossenen,1,10387,9.62741888899586e-05
dergl,1,10387,9.62741888899586e-05
durchquirlt,1,10387,9.62741888899586e-05
sauberen,1,10387,9.62741888899586e-05
bildende,1,10387,9.62741888899586e-05
gnrkenkartoffeln,1,10387,9.62741888899586e-05
aufschäumt,1,10387,9.62741888899586e-05
zugabe,1,10387,9.62741888899586e-05
mittagsgericht,1,10387,9.62741888899586e-05
gedämpft,1,10387,9.62741888899586e-05
brotkorn,1,10387,9.62741888899586e-05
s00,1,10387,9.62741888899586e-05
toffelflocken,1,10387,9.62741888899586e-05
heiße,1,10387,9.62741888899586e-05
see,1,10387,9.62741888899586e-05
diekartoffeln,1,10387,9.62741888899586e-05
keiner,1,10387,9.62741888899586e-05
erforderlichen,1,10387,9.62741888899586e-05
auseinanderfließen,1,10387,9.62741888899586e-05
buttermilchkartoffeln,1,10387,9.62741888899586e-05
sonders,1,10387,9.62741888899586e-05
auskochen,1,10387,9.62741888899586e-05
unbenutzt,1,10387,9.62741888899586e-05
faßt,1,10387,9.62741888899586e-05
zeigen,1,10387,9.62741888899586e-05
rund,1,10387,9.62741888899586e-05
bespannt,1,10387,9.62741888899586e-05
schmack,1,10387,9.62741888899586e-05
sauerkohl,1,10387,9.62741888899586e-05
wohlschmeckende,1,10387,9.62741888899586e-05
pfnnd,1,10387,9.62741888899586e-05
aufschnallen,1,10387,9.62741888899586e-05
ausgefüllt,1,10387,9.62741888899586e-05
wiegen,1,10387,9.62741888899586e-05
zugefügt,1,10387,9.62741888899586e-05
0,1,10387,9.62741888899586e-05
heringskartoffeln,1,10387,9.62741888899586e-05
pilzen,1,10387,9.62741888899586e-05
hineingegeben,1,10387,9.62741888899586e-05
fie,1,10387,9.62741888899586e-05
bechtold,1,10387,9.62741888899586e-05
kalbsgelinge,1,10387,9.62741888899586e-05
schlossen,1,10387,9.62741888899586e-05
gelblichbraun,1,10387,9.62741888899586e-05
kartoffelflocken,1,10387,9.62741888899586e-05
anferti,1,10387,9.62741888899586e-05
ländlichen,1,10387,9.62741888899586e-05
verschiedensten,1,10387,9.62741888899586e-05
augewärmt,1,10387,9.62741888899586e-05
wobei,1,10387,9.62741888899586e-05
sammelt,1,10387,9.62741888899586e-05
fodaß,1,10387,9.62741888899586e-05
ilm,1,10387,9.62741888899586e-05
bleichsüchtige,1,10387,9.62741888899586e-05
gemüfe,1,10387,9.62741888899586e-05
mohr,1,10387,9.62741888899586e-05
erziehung,1,10387,9.62741888899586e-05
2s0,1,10387,9.62741888899586e-05
ziegelsteine,1,10387,9.62741888899586e-05
speist,1,10387,9.62741888899586e-05
jägeressen,1,10387,9.62741888899586e-05
äriiutersuppe,1,10387,9.62741888899586e-05
wohlgeratenes,1,10387,9.62741888899586e-05
st,1,10387,9.62741888899586e-05
klar,1,10387,9.62741888899586e-05
augen,1,10387,9.62741888899586e-05
verzinntem,1,10387,9.62741888899586e-05
herausgabe,1,10387,9.62741888899586e-05
maße,1,10387,9.62741888899586e-05
nns,1,10387,9.62741888899586e-05
fachen,1,10387,9.62741888899586e-05
imstande,1,10387,9.62741888899586e-05
eigenen,1,10387,9.62741888899586e-05
hausfrauen,1,10387,9.62741888899586e-05
apfelsuppe,1,10387,9.62741888899586e-05
jung,1,10387,9.62741888899586e-05
geteilt,1,10387,9.62741888899586e-05
augenblick,1,10387,9.62741888899586e-05
schabten,1,10387,9.62741888899586e-05
gekochter,1,10387,9.62741888899586e-05
wohlgeschmack,1,10387,9.62741888899586e-05
^^iwk,1,10387,9.62741888899586e-05
geschnittenem,1,10387,9.62741888899586e-05
sür,1,10387,9.62741888899586e-05
gedörrte,1,10387,9.62741888899586e-05
pfefferzusatz,1,10387,9.62741888899586e-05
erfordern,1,10387,9.62741888899586e-05
"schlesien""",1,10387,9.62741888899586e-05
nisse,1,10387,9.62741888899586e-05
sagokörner,1,10387,9.62741888899586e-05
sämtlichen,1,10387,9.62741888899586e-05
auskocht,1,10387,9.62741888899586e-05
übermäßig,1,10387,9.62741888899586e-05
entstandenen,1,10387,9.62741888899586e-05
hierdurch,1,10387,9.62741888899586e-05
tunken,1,10387,9.62741888899586e-05
hier,1,10387,9.62741888899586e-05
sammengeballt,1,10387,9.62741888899586e-05
säckchens,1,10387,9.62741888899586e-05
gold,1,10387,9.62741888899586e-05
brauchbar,1,10387,9.62741888899586e-05
krautkartoffeln,1,10387,9.62741888899586e-05
jede,1,10387,9.62741888899586e-05
o,1,10387,9.62741888899586e-05
blumenkohl,1,10387,9.62741888899586e-05
milchkartoffeln,1,10387,9.62741888899586e-05
ausführlich,1,10387,9.62741888899586e-05
herab,1,10387,9.62741888899586e-05
hülsenfrüchte,1,10387,9.62741888899586e-05
rhabarberstiele,1,10387,9.62741888899586e-05
blechtopf,1,10387,9.62741888899586e-05
tassenkopf,1,10387,9.62741888899586e-05
milchen,1,10387,9.62741888899586e-05
zugesetzt,1,10387,9.62741888899586e-05
ausgelegte,1,10387,9.62741888899586e-05
öoz,1,10387,9.62741888899586e-05
rauch,1,10387,9.62741888899586e-05
abkosten,1,10387,9.62741888899586e-05
ge>äp,1,10387,9.62741888899586e-05
jnnenrande,1,10387,9.62741888899586e-05
inzuckerwasfer,1,10387,9.62741888899586e-05
behelfen,1,10387,9.62741888899586e-05
37,1,10387,9.62741888899586e-05
diesen,1,10387,9.62741888899586e-05
durchschnittene,1,10387,9.62741888899586e-05
ehrfürchtig,1,10387,9.62741888899586e-05
desgleichen,1,10387,9.62741888899586e-05
tapferen,1,10387,9.62741888899586e-05
dergleichen,1,10387,9.62741888899586e-05
gewöhnen,1,10387,9.62741888899586e-05
ausgestochen,1,10387,9.62741888899586e-05
anzubrennen,1,10387,9.62741888899586e-05
geschnittener,1,10387,9.62741888899586e-05
aufgerührten,1,10387,9.62741888899586e-05
brät,1,10387,9.62741888899586e-05
stütze,1,10387,9.62741888899586e-05
wiegt,1,10387,9.62741888899586e-05
falle,1,10387,9.62741888899586e-05
abgezogen,1,10387,9.62741888899586e-05
packnngder,1,10387,9.62741888899586e-05
leitet,1,10387,9.62741888899586e-05
farbe,1,10387,9.62741888899586e-05
dnrch,1,10387,9.62741888899586e-05
prisen,1,10387,9.62741888899586e-05
tiegel,1,10387,9.62741888899586e-05
brennen,1,10387,9.62741888899586e-05
dampfen,1,10387,9.62741888899586e-05
zylinder,1,10387,9.62741888899586e-05
beutels,1,10387,9.62741888899586e-05
segen,1,10387,9.62741888899586e-05
mischt,1,10387,9.62741888899586e-05
gips,1,10387,9.62741888899586e-05
meiste,1,10387,9.62741888899586e-05
dunkel,1,10387,9.62741888899586e-05
eingesandte,1,10387,9.62741888899586e-05
zitronensaft,1,10387,9.62741888899586e-05
chen,1,10387,9.62741888899586e-05
gebraucht,1,10387,9.62741888899586e-05
schmackhaftes,1,10387,9.62741888899586e-05
vertiefung,1,10387,9.62741888899586e-05
dicklich,1,10387,9.62741888899586e-05
abgestreifte,1,10387,9.62741888899586e-05
41,1,10387,9.62741888899586e-05
ungemein,1,10387,9.62741888899586e-05
getrockneter,1,10387,9.62741888899586e-05
verliert,1,10387,9.62741888899586e-05
heißes,1,10387,9.62741888899586e-05
sogar,1,10387,9.62741888899586e-05
gilt,1,10387,9.62741888899586e-05
durchgeheftet,1,10387,9.62741888899586e-05
tifch,1,10387,9.62741888899586e-05
liegenden,1,10387,9.62741888899586e-05
frühstückssuppen,1,10387,9.62741888899586e-05
eisernen,1,10387,9.62741888899586e-05
muffen,1,10387,9.62741888899586e-05
gunsten,1,10387,9.62741888899586e-05
gewölbten,1,10387,9.62741888899586e-05
verdickungsmittel,1,10387,9.62741888899586e-05
falläpfel,1,10387,9.62741888899586e-05
stampft,1,10387,9.62741888899586e-05
weiszkäfe,1,10387,9.62741888899586e-05
ankochen,1,10387,9.62741888899586e-05
erhält,1,10387,9.62741888899586e-05
zerlafsenem,1,10387,9.62741888899586e-05
nutzt,1,10387,9.62741888899586e-05
sichtig,1,10387,9.62741888899586e-05
nuu,1,10387,9.62741888899586e-05
pignons,1,10387,9.62741888899586e-05
größer,1,10387,9.62741888899586e-05
recht,1,10387,9.62741888899586e-05
^2,1,10387,9.62741888899586e-05
glaubt,1,10387,9.62741888899586e-05
schneiden,1,10387,9.62741888899586e-05
schinkennudeln,1,10387,9.62741888899586e-05
erscheint,1,10387,9.62741888899586e-05
16,1,10387,9.62741888899586e-05
mann,1,10387,9.62741888899586e-05
anderen,1,10387,9.62741888899586e-05
gung,1,10387,9.62741888899586e-05
alsdann,1,10387,9.62741888899586e-05
städt,1,10387,9.62741888899586e-05
angehalten,1,10387,9.62741888899586e-05
alten,1,10387,9.62741888899586e-05
gedämpfte,1,10387,9.62741888899586e-05
gebackeuen,1,10387,9.62741888899586e-05
fahren,1,10387,9.62741888899586e-05
stsstsdidliomek,1,10387,9.62741888899586e-05
ort,1,10387,9.62741888899586e-05
