ngram,count,total_words,frequency
und,359,10622,0.03379777819619657
die,221,10622,0.020805874599887027
mit,220,10622,0.02071173037092826
in,211,10622,0.019864432310299378
man,210,10622,0.019770288081340615
1,168,10622,0.01581623046507249
2,142,10622,0.013368480512144605
wasser,126,10622,0.011862172848804368
salz,119,10622,0.011203163246093014
oder,116,10622,0.01092073055921672
fett,115,10622,0.010826586330257956
das,112,10622,0.010544153643381661
zu,96,10622,0.009037845980041424
wird,94,10622,0.008849557522123894
der,86,10622,0.008096403690453776
werden,84,10622,0.007908115232536246
gibt,80,10622,0.007531538316701186
zwiebel,73,10622,0.006872528713989833
sie,71,10622,0.006684240256072302
gramm,69,10622,0.006495951798154773
mehl,63,10622,0.005931086424402184
liter,62,10622,0.00583694219544342
eßlöffel,60,10622,0.005648653737525889
dem,60,10622,0.005648653737525889
pfd,58,10622,0.00546036527960836
milch,57,10622,0.005366221050649595
von,56,10622,0.0052720768216908305
den,55,10622,0.005177932592732065
dann,54,10622,0.005083788363773301
kann,51,10622,0.0048013556768970065
kartoffeln,51,10622,0.0048013556768970065
fleisch,49,10622,0.004613067218979476
4,48,10622,0.004518922990020712
uud,46,10622,0.004330634532103182
gut,43,10622,0.004048201845226888
läßt,42,10622,0.003954057616268123
etwas,41,10622,0.0038599133873093577
auf,40,10622,0.003765769158350593
ein,40,10622,0.003765769158350593
kleine,39,10622,0.0036716249293918283
eine,38,10622,0.0035774807004330636
im,35,10622,0.003295048013556769
zucker,34,10622,0.0032009037845980044
stunde,32,10622,0.0030126153266804745
zum,32,10622,0.0030126153266804745
es,31,10622,0.00291847109772171
aus,31,10622,0.00291847109772171
gekocht,30,10622,0.0028243268687629447
an,30,10622,0.0028243268687629447
minuten,29,10622,0.00273018263980418
petersilie,29,10622,0.00273018263980418
nach,28,10622,0.0026360384108454153
rüben,28,10622,0.0026360384108454153
ist,28,10622,0.0026360384108454153
ge,28,10622,0.0026360384108454153
dazu,27,10622,0.0025418941818866505
geschnitten,27,10622,0.0025418941818866505
wie,26,10622,0.0024477499529278854
auch,25,10622,0.0023536057239691207
kochen,25,10622,0.0023536057239691207
ab,25,10622,0.0023536057239691207
v2,24,10622,0.002259461495010356
pfeffer,24,10622,0.002259461495010356
heißem,24,10622,0.002259461495010356
kocht,24,10622,0.002259461495010356
3,24,10622,0.002259461495010356
rahm,23,10622,0.002165317266051591
als,23,10622,0.002165317266051591
suppe,23,10622,0.002165317266051591
weckmehl,23,10622,0.002165317266051591
unä,22,10622,0.002071173037092826
stunden,22,10622,0.002071173037092826
vs,22,10622,0.002071173037092826
10,21,10622,0.0019770288081340614
unter,21,10622,0.0019770288081340614
reis,20,10622,0.0018828845791752965
gemüse,20,10622,0.0018828845791752965
wenig,20,10622,0.0018828845791752965
bis,20,10622,0.0018828845791752965
zugegeben,19,10622,0.0017887403502165318
durch,19,10622,0.0017887403502165318
essig,19,10622,0.0017887403502165318
beim,19,10622,0.0017887403502165318
psd,19,10622,0.0017887403502165318
ihn,19,10622,0.0017887403502165318
einer,18,10622,0.0016945961212577669
fleischbrühe,18,10622,0.0016945961212577669
ilt,18,10622,0.0016945961212577669
40,18,10622,0.0016945961212577669
löffel,18,10622,0.0016945961212577669
so,17,10622,0.0016004518922990022
weich,17,10622,0.0016004518922990022
mau,17,10622,0.0016004518922990022
am,17,10622,0.0016004518922990022
leber,17,10622,0.0016004518922990022
butter,17,10622,0.0016004518922990022
ei,17,10622,0.0016004518922990022
äer,17,10622,0.0016004518922990022
soße,16,10622,0.0015063076633402373
masse,16,10622,0.0015063076633402373
scheiben,16,10622,0.0015063076633402373
nnd,16,10622,0.0015063076633402373
gelbe,16,10622,0.0015063076633402373
rührt,16,10622,0.0015063076633402373
kaltem,16,10622,0.0015063076633402373
z,16,10622,0.0015063076633402373
schön,15,10622,0.0014121634343814723
zeit,15,10622,0.0014121634343814723
noch,15,10622,0.0014121634343814723
brei,15,10622,0.0014121634343814723
butterersatz,15,10622,0.0014121634343814723
eier,15,10622,0.0014121634343814723
gegeben,15,10622,0.0014121634343814723
5,15,10622,0.0014121634343814723
kriegsmehl,15,10622,0.0014121634343814723
er,14,10622,0.0013180192054227076
anrichten,14,10622,0.0013180192054227076
fein,14,10622,0.0013180192054227076
äie,14,10622,0.0013180192054227076
wenn,14,10622,0.0013180192054227076
kraut,14,10622,0.0013180192054227076
vom,14,10622,0.0013180192054227076
salzwasser,14,10622,0.0013180192054227076
fisch,14,10622,0.0013180192054227076
gelben,14,10622,0.0013180192054227076
zur,14,10622,0.0013180192054227076
muskat,14,10622,0.0013180192054227076
belieben,14,10622,0.0013180192054227076
kochkiste,13,10622,0.0012238749764639427
6,13,10622,0.0012238749764639427
löscht,13,10622,0.0012238749764639427
nicht,13,10622,0.0012238749764639427
anmerkung,13,10622,0.0012238749764639427
gewaschen,13,10622,0.0012238749764639427
gelb,13,10622,0.0012238749764639427
dämpft,13,10622,0.0012238749764639427
diese,13,10622,0.0012238749764639427
langsam,13,10622,0.0012238749764639427
i,12,10622,0.001129730747505178
einen,12,10622,0.001129730747505178
backt,12,10622,0.001129730747505178
20,12,10622,0.001129730747505178
gedämpft,12,10622,0.001129730747505178
beiden,12,10622,0.001129730747505178
ausgekocht,12,10622,0.001129730747505178
würfel,12,10622,0.001129730747505178
über,12,10622,0.001129730747505178
iu,12,10622,0.001129730747505178
seiten,12,10622,0.001129730747505178
legt,12,10622,0.001129730747505178
können,12,10622,0.001129730747505178
backen,12,10622,0.001129730747505178
sind,11,10622,0.001035586518546413
sich,11,10622,0.001035586518546413
nur,11,10622,0.001035586518546413
^,11,10622,0.001035586518546413
apfel,11,10622,0.001035586518546413
bei,11,10622,0.001035586518546413
30,11,10622,0.001035586518546413
sieb,11,10622,0.001035586518546413
speck,11,10622,0.001035586518546413
8,11,10622,0.001035586518546413
alles,11,10622,0.001035586518546413
viel,11,10622,0.001035586518546413
zutaten,11,10622,0.001035586518546413
zimt,11,10622,0.001035586518546413
wecken,11,10622,0.001035586518546413
sauerkraut,10,10622,0.0009414422895876483
topf,10,10622,0.0009414422895876483
15,10,10622,0.0009414422895876483
rühren,10,10622,0.0009414422895876483
ebenso,10,10622,0.0009414422895876483
blumenkohl,10,10622,0.0009414422895876483
salat,10,10622,0.0009414422895876483
gerste,10,10622,0.0009414422895876483
schnitze,10,10622,0.0009414422895876483
v4,10,10622,0.0009414422895876483
brühe,10,10622,0.0009414422895876483
clas,10,10622,0.0009414422895876483
kriegs,10,10622,0.0009414422895876483
zugedeckt,10,10622,0.0009414422895876483
hat,9,10622,0.0008472980606288834
schneidet,9,10622,0.0008472980606288834
waffer,9,10622,0.0008472980606288834
vor,9,10622,0.0008472980606288834
des,9,10622,0.0008472980606288834
weichgekocht,9,10622,0.0008472980606288834
darüber,9,10622,0.0008472980606288834
gewürz,9,10622,0.0008472980606288834
deu,9,10622,0.0008472980606288834
spätzle,9,10622,0.0008472980606288834
nickt,9,10622,0.0008472980606288834
einem,9,10622,0.0008472980606288834
äpfel,9,10622,0.0008472980606288834
wirsing,9,10622,0.0008472980606288834
gekochte,9,10622,0.0008472980606288834
l,9,10622,0.0008472980606288834
verwendet,9,10622,0.0008472980606288834
übriges,9,10622,0.0008472980606288834
wir,9,10622,0.0008472980606288834
uns,9,10622,0.0008472980606288834
19,9,10622,0.0008472980606288834
suppengrün,9,10622,0.0008472980606288834
teig,9,10622,0.0008472980606288834
muß,9,10622,0.0008472980606288834
bestreut,8,10622,0.0007531538316701186
14,8,10622,0.0007531538316701186
zubereitungszeit,8,10622,0.0007531538316701186
gebacken,8,10622,0.0007531538316701186
zubereitet,8,10622,0.0007531538316701186
dies,8,10622,0.0007531538316701186
lange,8,10622,0.0007531538316701186
um,8,10622,0.0007531538316701186
formt,8,10622,0.0007531538316701186
tassen,8,10622,0.0007531538316701186
unö,8,10622,0.0007531538316701186
weräen,8,10622,0.0007531538316701186
sehr,8,10622,0.0007531538316701186
käse,8,10622,0.0007531538316701186
braun,8,10622,0.0007531538316701186
andere,8,10622,0.0007531538316701186
grieß,8,10622,0.0007531538316701186
uncl,8,10622,0.0007531538316701186
prise,8,10622,0.0007531538316701186
stücke,8,10622,0.0007531538316701186
cler,8,10622,0.0007531538316701186
geröstet,8,10622,0.0007531538316701186
gemacht,7,10622,0.0006590096027113538
knochen,7,10622,0.0006590096027113538
makkaroni,7,10622,0.0006590096027113538
weißkraut,7,10622,0.0006590096027113538
handvoll,7,10622,0.0006590096027113538
verwendung,7,10622,0.0006590096027113538
aufgestellt,7,10622,0.0006590096027113538
statt,7,10622,0.0006590096027113538
daun,7,10622,0.0006590096027113538
11,7,10622,0.0006590096027113538
sollte,7,10622,0.0006590096027113538
geschälten,7,10622,0.0006590096027113538
geschält,7,10622,0.0006590096027113538
streut,7,10622,0.0006590096027113538
bereitet,7,10622,0.0006590096027113538
linä,7,10622,0.0006590096027113538
17,7,10622,0.0006590096027113538
art,7,10622,0.0006590096027113538
nieren,7,10622,0.0006590096027113538
lie,7,10622,0.0006590096027113538
60,7,10622,0.0006590096027113538
daraus,7,10622,0.0006590096027113538
für,7,10622,0.0006590096027113538
4v,7,10622,0.0006590096027113538
usw,7,10622,0.0006590096027113538
feine,7,10622,0.0006590096027113538
lorbeerblatt,7,10622,0.0006590096027113538
heißen,7,10622,0.0006590096027113538
pfannkuchen,7,10622,0.0006590096027113538
abgelöscht,7,10622,0.0006590096027113538
kartoffel,7,10622,0.0006590096027113538
gebraten,7,10622,0.0006590096027113538
clie,7,10622,0.0006590096027113538
fie,6,10622,0.000564865373752589
besten,6,10622,0.000564865373752589
16,6,10622,0.000564865373752589
nelke,6,10622,0.000564865373752589
darin,6,10622,0.000564865373752589
verwenden,6,10622,0.000564865373752589
tasse,6,10622,0.000564865373752589
klöße,6,10622,0.000564865373752589
stellt,6,10622,0.000564865373752589
kurze,6,10622,0.000564865373752589
ungefähr,6,10622,0.000564865373752589
50,6,10622,0.000564865373752589
schnitten,6,10622,0.000564865373752589
streifen,6,10622,0.000564865373752589
heiß,6,10622,0.000564865373752589
kopf,6,10622,0.000564865373752589
lassen,6,10622,0.000564865373752589
gerührt,6,10622,0.000564865373752589
heißes,6,10622,0.000564865373752589
ganz,6,10622,0.000564865373752589
andern,6,10622,0.000564865373752589
dieses,6,10622,0.000564865373752589
21,6,10622,0.000564865373752589
suppen,6,10622,0.000564865373752589
braten,6,10622,0.000564865373752589
bäckt,6,10622,0.000564865373752589
seefisch,6,10622,0.000564865373752589
7,6,10622,0.000564865373752589
heringe,6,10622,0.000564865373752589
gar,6,10622,0.000564865373752589
hellgelb,6,10622,0.000564865373752589
nudeln,6,10622,0.000564865373752589
kriegsbrot,6,10622,0.000564865373752589
pfanne,6,10622,0.000564865373752589
oäer,6,10622,0.000564865373752589
mebr,6,10622,0.000564865373752589
geriebene,6,10622,0.000564865373752589
geschnittenen,6,10622,0.000564865373752589
hafergrütze,6,10622,0.000564865373752589
ver,6,10622,0.000564865373752589
zwiebeln,6,10622,0.000564865373752589
werclen,6,10622,0.000564865373752589
zwetschgen,6,10622,0.000564865373752589
iv2,6,10622,0.000564865373752589
fertig,6,10622,0.000564865373752589
rindfleisch,6,10622,0.000564865373752589
etwa,6,10622,0.000564865373752589
stückchen,6,10622,0.000564865373752589
hinein,6,10622,0.000564865373752589
gerieben,6,10622,0.000564865373752589
nimmt,6,10622,0.000564865373752589
geschnittene,6,10622,0.000564865373752589
kauen,6,10622,0.000564865373752589
gräten,6,10622,0.000564865373752589
darauf,6,10622,0.000564865373752589
h,6,10622,0.000564865373752589
zn,6,10622,0.000564865373752589
einige,6,10622,0.000564865373752589
25,6,10622,0.000564865373752589
gebracht,6,10622,0.000564865373752589
auskochen,6,10622,0.000564865373752589
reisbrei,6,10622,0.000564865373752589
kochende,6,10622,0.000564865373752589
1^,6,10622,0.000564865373752589
ganze,6,10622,0.000564865373752589
speise,6,10622,0.000564865373752589
stuttgart,6,10622,0.000564865373752589
18,6,10622,0.000564865373752589
seite,6,10622,0.000564865373752589
12,6,10622,0.000564865373752589
24,6,10622,0.000564865373752589
mehlschwitze,5,10622,0.00047072114479382413
lrot,5,10622,0.00047072114479382413
gewiegte,5,10622,0.00047072114479382413
lo,5,10622,0.00047072114479382413
sein,5,10622,0.00047072114479382413
kochzeit,5,10622,0.00047072114479382413
gehäutet,5,10622,0.00047072114479382413
lick,5,10622,0.00047072114479382413
röschen,5,10622,0.00047072114479382413
rasch,5,10622,0.00047072114479382413
heiße,5,10622,0.00047072114479382413
vermengt,5,10622,0.00047072114479382413
sobald,5,10622,0.00047072114479382413
weise,5,10622,0.00047072114479382413
schweinefleisch,5,10622,0.00047072114479382413
29,5,10622,0.00047072114479382413
spinat,5,10622,0.00047072114479382413
unü,5,10622,0.00047072114479382413
schmeckt,5,10622,0.00047072114479382413
gekochten,5,10622,0.00047072114479382413
brot,5,10622,0.00047072114479382413
32,5,10622,0.00047072114479382413
sauermilch,5,10622,0.00047072114479382413
auflauf,5,10622,0.00047072114479382413
lauch,5,10622,0.00047072114479382413
ziehen,5,10622,0.00047072114479382413
hackbraten,5,10622,0.00047072114479382413
platte,5,10622,0.00047072114479382413
leickt,5,10622,0.00047072114479382413
weiße,5,10622,0.00047072114479382413
will,5,10622,0.00047072114479382413
zusammen,5,10622,0.00047072114479382413
dasselbe,5,10622,0.00047072114479382413
zubereitung,5,10622,0.00047072114479382413
brett,5,10622,0.00047072114479382413
damit,5,10622,0.00047072114479382413
gericht,5,10622,0.00047072114479382413
erhitzt,5,10622,0.00047072114479382413
gebackene,5,10622,0.00047072114479382413
gewiegt,5,10622,0.00047072114479382413
gelegt,5,10622,0.00047072114479382413
tag,5,10622,0.00047072114479382413
buttersoße,5,10622,0.00047072114479382413
stück,5,10622,0.00047072114479382413
hellbraun,5,10622,0.00047072114479382413
heraus,5,10622,0.00047072114479382413
daß,5,10622,0.00047072114479382413
42,5,10622,0.00047072114479382413
bratet,4,10622,0.0003765769158350593
erkalten,4,10622,0.0003765769158350593
36,4,10622,0.0003765769158350593
gedämpften,4,10622,0.0003765769158350593
küchle,4,10622,0.0003765769158350593
anch,4,10622,0.0003765769158350593
flache,4,10622,0.0003765769158350593
kochendem,4,10622,0.0003765769158350593
setzt,4,10622,0.0003765769158350593
sv,4,10622,0.0003765769158350593
schweinefett,4,10622,0.0003765769158350593
stark,4,10622,0.0003765769158350593
selbst,4,10622,0.0003765769158350593
luppen,4,10622,0.0003765769158350593
entfernt,4,10622,0.0003765769158350593
weiß,4,10622,0.0003765769158350593
streicht,4,10622,0.0003765769158350593
darf,4,10622,0.0003765769158350593
44,4,10622,0.0003765769158350593
herdes,4,10622,0.0003765769158350593
äas,4,10622,0.0003765769158350593
45,4,10622,0.0003765769158350593
daran,4,10622,0.0003765769158350593
gießt,4,10622,0.0003765769158350593
milck,4,10622,0.0003765769158350593
eingesetzt,4,10622,0.0003765769158350593
haferflocken,4,10622,0.0003765769158350593
eiern,4,10622,0.0003765769158350593
100,4,10622,0.0003765769158350593
kümmel,4,10622,0.0003765769158350593
form,4,10622,0.0003765769158350593
rosenkohl,4,10622,0.0003765769158350593
22,4,10622,0.0003765769158350593
leicht,4,10622,0.0003765769158350593
46,4,10622,0.0003765769158350593
26,4,10622,0.0003765769158350593
schweine,4,10622,0.0003765769158350593
halbweich,4,10622,0.0003765769158350593
kommen,4,10622,0.0003765769158350593
tüchtig,4,10622,0.0003765769158350593
lind,4,10622,0.0003765769158350593
röstet,4,10622,0.0003765769158350593
geröstete,4,10622,0.0003765769158350593
beinahe,4,10622,0.0003765769158350593
weckwürfel,4,10622,0.0003765769158350593
tisch,4,10622,0.0003765769158350593
kartoffelsuppe,4,10622,0.0003765769158350593
kaffeelöffel,4,10622,0.0003765769158350593
pf,4,10622,0.0003765769158350593
kabeljau,4,10622,0.0003765769158350593
halb,4,10622,0.0003765769158350593
geputzt,4,10622,0.0003765769158350593
macken,4,10622,0.0003765769158350593
eingestreut,4,10622,0.0003765769158350593
clen,4,10622,0.0003765769158350593
lage,4,10622,0.0003765769158350593
linsen,4,10622,0.0003765769158350593
grünkerngrütze,4,10622,0.0003765769158350593
eisernen,4,10622,0.0003765769158350593
ans,4,10622,0.0003765769158350593
lincl,4,10622,0.0003765769158350593
backofen,4,10622,0.0003765769158350593
klein,4,10622,0.0003765769158350593
täglick,4,10622,0.0003765769158350593
unlere,4,10622,0.0003765769158350593
43,4,10622,0.0003765769158350593
strunk,4,10622,0.0003765769158350593
fleischküchle,4,10622,0.0003765769158350593
feingeschnittene,4,10622,0.0003765769158350593
39,4,10622,0.0003765769158350593
eingeweichten,4,10622,0.0003765769158350593
einmal,4,10622,0.0003765769158350593
dieselbe,4,10622,0.0003765769158350593
34,4,10622,0.0003765769158350593
38,4,10622,0.0003765769158350593
nötig,4,10622,0.0003765769158350593
geben,4,10622,0.0003765769158350593
sauren,4,10622,0.0003765769158350593
dick,4,10622,0.0003765769158350593
geformt,4,10622,0.0003765769158350593
feingeschnittenen,4,10622,0.0003765769158350593
oöer,4,10622,0.0003765769158350593
47,4,10622,0.0003765769158350593
stuude,4,10622,0.0003765769158350593
saure,4,10622,0.0003765769158350593
zncker,3,10622,0.0002824326868762945
rübe,3,10622,0.0002824326868762945
sondern,3,10622,0.0002824326868762945
37,3,10622,0.0002824326868762945
g,3,10622,0.0002824326868762945
richten,3,10622,0.0002824326868762945
rind,3,10622,0.0002824326868762945
kocheu,3,10622,0.0002824326868762945
sellerie,3,10622,0.0002824326868762945
2v,3,10622,0.0002824326868762945
finden,3,10622,0.0002824326868762945
mittelgroße,3,10622,0.0002824326868762945
hering,3,10622,0.0002824326868762945
vermischt,3,10622,0.0002824326868762945
macht,3,10622,0.0002824326868762945
aber,3,10622,0.0002824326868762945
eß,3,10622,0.0002824326868762945
be,3,10622,0.0002824326868762945
näbrwert,3,10622,0.0002824326868762945
kockkilte,3,10622,0.0002824326868762945
kiste,3,10622,0.0002824326868762945
nabrbakt,3,10622,0.0002824326868762945
iso,3,10622,0.0002824326868762945
ofen,3,10622,0.0002824326868762945
ausgenützt,3,10622,0.0002824326868762945
längliche,3,10622,0.0002824326868762945
geklopft,3,10622,0.0002824326868762945
gewendet,3,10622,0.0002824326868762945
danach,3,10622,0.0002824326868762945
dünne,3,10622,0.0002824326868762945
sowie,3,10622,0.0002824326868762945
flnöere,3,10622,0.0002824326868762945
zugesetzt,3,10622,0.0002824326868762945
flrt,3,10622,0.0002824326868762945
zuletzt,3,10622,0.0002824326868762945
runde,3,10622,0.0002824326868762945
gewiegter,3,10622,0.0002824326868762945
milchsuppe,3,10622,0.0002824326868762945
immer,3,10622,0.0002824326868762945
verbältnis,3,10622,0.0002824326868762945
hirse,3,10622,0.0002824326868762945
fleißigem,3,10622,0.0002824326868762945
13,3,10622,0.0002824326868762945
niehl,3,10622,0.0002824326868762945
gewürze,3,10622,0.0002824326868762945
gleiche,3,10622,0.0002824326868762945
geklopfte,3,10622,0.0002824326868762945
nehmen,3,10622,0.0002824326868762945
gehackte,3,10622,0.0002824326868762945
teelöffel,3,10622,0.0002824326868762945
1z,3,10622,0.0002824326868762945
letztere,3,10622,0.0002824326868762945
ausgedrückt,3,10622,0.0002824326868762945
bratezeit,3,10622,0.0002824326868762945
kartoffelbrei,3,10622,0.0002824326868762945
angerührt,3,10622,0.0002824326868762945
ikt,3,10622,0.0002824326868762945
rösten,3,10622,0.0002824326868762945
schon,3,10622,0.0002824326868762945
farbe,3,10622,0.0002824326868762945
dabei,3,10622,0.0002824326868762945
obst,3,10622,0.0002824326868762945
2^,3,10622,0.0002824326868762945
mager,3,10622,0.0002824326868762945
mittel,3,10622,0.0002824326868762945
eierhaber,3,10622,0.0002824326868762945
lopk,3,10622,0.0002824326868762945
kohlraben,3,10622,0.0002824326868762945
wellt,3,10622,0.0002824326868762945
kerbel,3,10622,0.0002824326868762945
fischsuppe,3,10622,0.0002824326868762945
winter,3,10622,0.0002824326868762945
eingeweicht,3,10622,0.0002824326868762945
ivs,3,10622,0.0002824326868762945
gesalzenes,3,10622,0.0002824326868762945
>,3,10622,0.0002824326868762945
bodenkohlraben,3,10622,0.0002824326868762945
gestellt,3,10622,0.0002824326868762945
durck,3,10622,0.0002824326868762945
eiu,3,10622,0.0002824326868762945
wircl,3,10622,0.0002824326868762945
kar,3,10622,0.0002824326868762945
27,3,10622,0.0002824326868762945
äes,3,10622,0.0002824326868762945
suppengemüse,3,10622,0.0002824326868762945
rauchfleisch,3,10622,0.0002824326868762945
cier,3,10622,0.0002824326868762945
allgemeinen,3,10622,0.0002824326868762945
dicke,3,10622,0.0002824326868762945
kalt,3,10622,0.0002824326868762945
kalten,3,10622,0.0002824326868762945
31,3,10622,0.0002824326868762945
werdeu,3,10622,0.0002824326868762945
aufgekocht,3,10622,0.0002824326868762945
stehen,3,10622,0.0002824326868762945
ohne,3,10622,0.0002824326868762945
hie,3,10622,0.0002824326868762945
verrührt,3,10622,0.0002824326868762945
sticht,3,10622,0.0002824326868762945
gewaschene,3,10622,0.0002824326868762945
kompott,3,10622,0.0002824326868762945
41,3,10622,0.0002824326868762945
5v,3,10622,0.0002824326868762945
wasfer,3,10622,0.0002824326868762945
alle,3,10622,0.0002824326868762945
gemischt,3,10622,0.0002824326868762945
sparsam,3,10622,0.0002824326868762945
35,3,10622,0.0002824326868762945
is,3,10622,0.0002824326868762945
brötchen,3,10622,0.0002824326868762945
entgrätet,3,10622,0.0002824326868762945
clem,3,10622,0.0002824326868762945
quark,3,10622,0.0002824326868762945
48,3,10622,0.0002824326868762945
33,3,10622,0.0002824326868762945
stielpfanne,3,10622,0.0002824326868762945
dunkle,3,10622,0.0002824326868762945
28,3,10622,0.0002824326868762945
mnskat,3,10622,0.0002824326868762945
gedünstet,3,10622,0.0002824326868762945
einlage,3,10622,0.0002824326868762945
äurck,3,10622,0.0002824326868762945
fische,3,10622,0.0002824326868762945
ciie,3,10622,0.0002824326868762945
v,3,10622,0.0002824326868762945
geriebenen,3,10622,0.0002824326868762945
zubereiten,3,10622,0.0002824326868762945
majoran,3,10622,0.0002824326868762945
toffeln,3,10622,0.0002824326868762945
verloren,3,10622,0.0002824326868762945
niclit,3,10622,0.0002824326868762945
grieben,3,10622,0.0002824326868762945
bringt,3,10622,0.0002824326868762945
je,3,10622,0.0002824326868762945
zitrone,3,10622,0.0002824326868762945
k^ett,3,10622,0.0002824326868762945
gestrichen,3,10622,0.0002824326868762945
mehlspeisen,3,10622,0.0002824326868762945
besonders,3,10622,0.0002824326868762945
nacht,3,10622,0.0002824326868762945
dnrck,3,10622,0.0002824326868762945
eingelegt,3,10622,0.0002824326868762945
gesalzenen,3,10622,0.0002824326868762945
nun,3,10622,0.0002824326868762945
grünen,3,10622,0.0002824326868762945
blattrippen,3,10622,0.0002824326868762945
reisauflauf,3,10622,0.0002824326868762945
siedendem,3,10622,0.0002824326868762945
würzt,3,10622,0.0002824326868762945
öer,3,10622,0.0002824326868762945
großen,3,10622,0.0002824326868762945
kleines,3,10622,0.0002824326868762945
mehr,3,10622,0.0002824326868762945
vorher,3,10622,0.0002824326868762945
nachdem,3,10622,0.0002824326868762945
glatt,3,10622,0.0002824326868762945
dicken,3,10622,0.0002824326868762945
kommt,3,10622,0.0002824326868762945
wendet,3,10622,0.0002824326868762945
stockfisch,3,10622,0.0002824326868762945
dieser,3,10622,0.0002824326868762945
schnittlauch,3,10622,0.0002824326868762945
kohl,3,10622,0.0002824326868762945
gegossen,2,10622,0.00018828845791752966
aufgesetzt,2,10622,0.00018828845791752966
zleischküchle,2,10622,0.00018828845791752966
äann,2,10622,0.00018828845791752966
äen,2,10622,0.00018828845791752966
platz,2,10622,0.00018828845791752966
kriegsinehl,2,10622,0.00018828845791752966
blättern,2,10622,0.00018828845791752966
vz,2,10622,0.00018828845791752966
gleichen,2,10622,0.00018828845791752966
waschen,2,10622,0.00018828845791752966
rindsleber,2,10622,0.00018828845791752966
fertige,2,10622,0.00018828845791752966
lallte,2,10622,0.00018828845791752966
gedeckt,2,10622,0.00018828845791752966
gerstensuppe,2,10622,0.00018828845791752966
eiuer,2,10622,0.00018828845791752966
geriebener,2,10622,0.00018828845791752966
gnt,2,10622,0.00018828845791752966
weichem,2,10622,0.00018828845791752966
würsten,2,10622,0.00018828845791752966
feuer,2,10622,0.00018828845791752966
geräuchertes,2,10622,0.00018828845791752966
wenden,2,10622,0.00018828845791752966
siedfleisch,2,10622,0.00018828845791752966
zitronenschale,2,10622,0.00018828845791752966
fleischsalat,2,10622,0.00018828845791752966
lanch,2,10622,0.00018828845791752966
ohue,2,10622,0.00018828845791752966
bratwürste,2,10622,0.00018828845791752966
soßen,2,10622,0.00018828845791752966
t,2,10622,0.00018828845791752966
roh,2,10622,0.00018828845791752966
entweder,2,10622,0.00018828845791752966
finclen,2,10622,0.00018828845791752966
einigemal,2,10622,0.00018828845791752966
sellerieknolle,2,10622,0.00018828845791752966
verlag,2,10622,0.00018828845791752966
k,2,10622,0.00018828845791752966
kriegsniehl,2,10622,0.00018828845791752966
ausgestellt,2,10622,0.00018828845791752966
übergössen,2,10622,0.00018828845791752966
spart,2,10622,0.00018828845791752966
kalbskopf,2,10622,0.00018828845791752966
leberklöße,2,10622,0.00018828845791752966
gelbrüben,2,10622,0.00018828845791752966
roggen,2,10622,0.00018828845791752966
sollen,2,10622,0.00018828845791752966
heringskartoffeln,2,10622,0.00018828845791752966
nußkoteletten,2,10622,0.00018828845791752966
ls,2,10622,0.00018828845791752966
kgl,2,10622,0.00018828845791752966
9,2,10622,0.00018828845791752966
grüne,2,10622,0.00018828845791752966
^2,2,10622,0.00018828845791752966
schwitze,2,10622,0.00018828845791752966
mal,2,10622,0.00018828845791752966
grünkernschnitten,2,10622,0.00018828845791752966
haferflockenschnitten,2,10622,0.00018828845791752966
eiue,2,10622,0.00018828845791752966
schwäbischen,2,10622,0.00018828845791752966
aller,2,10622,0.00018828845791752966
ganzen,2,10622,0.00018828845791752966
blätter,2,10622,0.00018828845791752966
kockkiste,2,10622,0.00018828845791752966
herausgenommen,2,10622,0.00018828845791752966
aufgezogen,2,10622,0.00018828845791752966
°,2,10622,0.00018828845791752966
a,2,10622,0.00018828845791752966
gekockt,2,10622,0.00018828845791752966
relte,2,10622,0.00018828845791752966
keit,2,10622,0.00018828845791752966
übrige,2,10622,0.00018828845791752966
sogar,2,10622,0.00018828845791752966
maisgrieß,2,10622,0.00018828845791752966
gewürzen,2,10622,0.00018828845791752966
überbrüht,2,10622,0.00018828845791752966
kartoffelschmarren,2,10622,0.00018828845791752966
weichkochen,2,10622,0.00018828845791752966
gute,2,10622,0.00018828845791752966
riebelesuppe,2,10622,0.00018828845791752966
fleischspeisen,2,10622,0.00018828845791752966
empkeblen,2,10622,0.00018828845791752966
lallten,2,10622,0.00018828845791752966
maisschnitten,2,10622,0.00018828845791752966
sommer,2,10622,0.00018828845791752966
oie,2,10622,0.00018828845791752966
gerostete,2,10622,0.00018828845791752966
rung,2,10622,0.00018828845791752966
hofbuchhänöler,2,10622,0.00018828845791752966
schnittene,2,10622,0.00018828845791752966
blättchen,2,10622,0.00018828845791752966
einzelnen,2,10622,0.00018828845791752966
schöpflöffel,2,10622,0.00018828845791752966
kanu,2,10622,0.00018828845791752966
gemüsesuppe,2,10622,0.00018828845791752966
stuudeu,2,10622,0.00018828845791752966
gerösteten,2,10622,0.00018828845791752966
gewürzte,2,10622,0.00018828845791752966
reisgemüse,2,10622,0.00018828845791752966
teilen,2,10622,0.00018828845791752966
izrot,2,10622,0.00018828845791752966
250,2,10622,0.00018828845791752966
empkeklenswert,2,10622,0.00018828845791752966
nelken,2,10622,0.00018828845791752966
benötigt,2,10622,0.00018828845791752966
blut,2,10622,0.00018828845791752966
gebähte,2,10622,0.00018828845791752966
y,2,10622,0.00018828845791752966
grießsuppe,2,10622,0.00018828845791752966
stellen,2,10622,0.00018828845791752966
eischale,2,10622,0.00018828845791752966
heringssoße,2,10622,0.00018828845791752966
kurz,2,10622,0.00018828845791752966
geschuppt,2,10622,0.00018828845791752966
pfennig,2,10622,0.00018828845791752966
weichgekochte,2,10622,0.00018828845791752966
vollends,2,10622,0.00018828845791752966
weitere,2,10622,0.00018828845791752966
schwach,2,10622,0.00018828845791752966
dürfen,2,10622,0.00018828845791752966
uucl,2,10622,0.00018828845791752966
grießbrei,2,10622,0.00018828845791752966
wirä,2,10622,0.00018828845791752966
igelte,2,10622,0.00018828845791752966
demselben,2,10622,0.00018828845791752966
lopf,2,10622,0.00018828845791752966
braucht,2,10622,0.00018828845791752966
wurzelbrühe,2,10622,0.00018828845791752966
tomatensoße,2,10622,0.00018828845791752966
danu,2,10622,0.00018828845791752966
ricktige,2,10622,0.00018828845791752966
schneiden,2,10622,0.00018828845791752966
bat,2,10622,0.00018828845791752966
haut,2,10622,0.00018828845791752966
rartoffeln,2,10622,0.00018828845791752966
richtigen,2,10622,0.00018828845791752966
mehlsuppe,2,10622,0.00018828845791752966
ebenfalls,2,10622,0.00018828845791752966
cla,2,10622,0.00018828845791752966
vegetarische,2,10622,0.00018828845791752966
wäscht,2,10622,0.00018828845791752966
essen,2,10622,0.00018828845791752966
höhe,2,10622,0.00018828845791752966
krauenverein,2,10622,0.00018828845791752966
nakrung,2,10622,0.00018828845791752966
ausgedrückten,2,10622,0.00018828845791752966
eigelb,2,10622,0.00018828845791752966
erkaltete,2,10622,0.00018828845791752966
pickelsteiner,2,10622,0.00018828845791752966
hackfleisch,2,10622,0.00018828845791752966
senf,2,10622,0.00018828845791752966
weißen,2,10622,0.00018828845791752966
darunter,2,10622,0.00018828845791752966
einlaufen,2,10622,0.00018828845791752966
mitbraten,2,10622,0.00018828845791752966
linsengemüse,2,10622,0.00018828845791752966
ersatz,2,10622,0.00018828845791752966
uaß,2,10622,0.00018828845791752966
aufkochen,2,10622,0.00018828845791752966
kür,2,10622,0.00018828845791752966
vorwort,2,10622,0.00018828845791752966
mub,2,10622,0.00018828845791752966
scheibchen,2,10622,0.00018828845791752966
beträufelt,2,10622,0.00018828845791752966
lpeilen,2,10622,0.00018828845791752966
kochend,2,10622,0.00018828845791752966
gulasch,2,10622,0.00018828845791752966
bessere,2,10622,0.00018828845791752966
^4,2,10622,0.00018828845791752966
?eit,2,10622,0.00018828845791752966
saurer,2,10622,0.00018828845791752966
soll,2,10622,0.00018828845791752966
jeder,2,10622,0.00018828845791752966
werben,2,10622,0.00018828845791752966
kauu,2,10622,0.00018828845791752966
bauch,2,10622,0.00018828845791752966
feit,2,10622,0.00018828845791752966
umgewendet,2,10622,0.00018828845791752966
kleingeschnittene,2,10622,0.00018828845791752966
schinkenreste,2,10622,0.00018828845791752966
rartoffelpfannkuchen,2,10622,0.00018828845791752966
allen,2,10622,0.00018828845791752966
abgegossen,2,10622,0.00018828845791752966
killen,2,10622,0.00018828845791752966
bestrichen,2,10622,0.00018828845791752966
ib,2,10622,0.00018828845791752966
rote,2,10622,0.00018828845791752966
grießklöße,2,10622,0.00018828845791752966
zitronensaft,2,10622,0.00018828845791752966
hefe,2,10622,0.00018828845791752966
dörrobst,2,10622,0.00018828845791752966
große,2,10622,0.00018828845791752966
sorgfältig,2,10622,0.00018828845791752966
drückt,2,10622,0.00018828845791752966
länglichen,2,10622,0.00018828845791752966
nabruug,2,10622,0.00018828845791752966
has,2,10622,0.00018828845791752966
lagenweise,2,10622,0.00018828845791752966
senfsoße,2,10622,0.00018828845791752966
eintopfgerichte,2,10622,0.00018828845791752966
krau,2,10622,0.00018828845791752966
tomaten,2,10622,0.00018828845791752966
besser,2,10622,0.00018828845791752966
hermann,2,10622,0.00018828845791752966
saures,2,10622,0.00018828845791752966
kalbfleisch,2,10622,0.00018828845791752966
wickel,2,10622,0.00018828845791752966
bedeckt,2,10622,0.00018828845791752966
abge,2,10622,0.00018828845791752966
pfannkuchenteig,2,10622,0.00018828845791752966
legen,2,10622,0.00018828845791752966
snppe,2,10622,0.00018828845791752966
zm,2,10622,0.00018828845791752966
reibt,2,10622,0.00018828845791752966
cien,2,10622,0.00018828845791752966
bug,2,10622,0.00018828845791752966
auck,2,10622,0.00018828845791752966
nuu,2,10622,0.00018828845791752966
nebst,2,10622,0.00018828845791752966
gedörrte,2,10622,0.00018828845791752966
bekommen,2,10622,0.00018828845791752966
schinkenmakkaroni,2,10622,0.00018828845791752966
müse,2,10622,0.00018828845791752966
sauer,2,10622,0.00018828845791752966
i7,2,10622,0.00018828845791752966
izobnen,2,10622,0.00018828845791752966
erkalteten,2,10622,0.00018828845791752966
preis,2,10622,0.00018828845791752966
gestrichene,2,10622,0.00018828845791752966
gefülltes,2,10622,0.00018828845791752966
schmecken,2,10622,0.00018828845791752966
bearbeitet,2,10622,0.00018828845791752966
stärkemehl,2,10622,0.00018828845791752966
hirsebrei,2,10622,0.00018828845791752966
leichter,2,10622,0.00018828845791752966
nack,2,10622,0.00018828845791752966
haschee,2,10622,0.00018828845791752966
peuer,2,10622,0.00018828845791752966
angebraten,2,10622,0.00018828845791752966
verarbeitet,2,10622,0.00018828845791752966
flüssig,2,10622,0.00018828845791752966
warmem,2,10622,0.00018828845791752966
sparmesser,2,10622,0.00018828845791752966
da,2,10622,0.00018828845791752966
4t,2,10622,0.00018828845791752966
möglicklt,2,10622,0.00018828845791752966
zubereitnngszeit,2,10622,0.00018828845791752966
schaumig,2,10622,0.00018828845791752966
mark,2,10622,0.00018828845791752966
nudelsuppe,2,10622,0.00018828845791752966
fleischfülle,2,10622,0.00018828845791752966
kloßbrühe,2,10622,0.00018828845791752966
hammelfleisch,2,10622,0.00018828845791752966
hammel,2,10622,0.00018828845791752966
lvs,2,10622,0.00018828845791752966
jedes,2,10622,0.00018828845791752966
gemachte,2,10622,0.00018828845791752966
obenauf,2,10622,0.00018828845791752966
mindestens,2,10622,0.00018828845791752966
zitronenscheibe,2,10622,0.00018828845791752966
kleiner,2,10622,0.00018828845791752966
händen,2,10622,0.00018828845791752966
wegen,2,10622,0.00018828845791752966
grobe,2,10622,0.00018828845791752966
früchte,2,10622,0.00018828845791752966
oben,2,10622,0.00018828845791752966
koch,2,10622,0.00018828845791752966
schnittenen,2,10622,0.00018828845791752966
mariniert,2,10622,0.00018828845791752966
deckt,2,10622,0.00018828845791752966
rezepte,2,10622,0.00018828845791752966
rohe,2,10622,0.00018828845791752966
welche,2,10622,0.00018828845791752966
dieselben,2,10622,0.00018828845791752966
23,2,10622,0.00018828845791752966
uoch,2,10622,0.00018828845791752966
äa,2,10622,0.00018828845791752966
vou,2,10622,0.00018828845791752966
vder,2,10622,0.00018828845791752966
gegessen,2,10622,0.00018828845791752966
eingeweichte,2,10622,0.00018828845791752966
küchlein,2,10622,0.00018828845791752966
siedendes,2,10622,0.00018828845791752966
trocken,2,10622,0.00018828845791752966
nncl,2,10622,0.00018828845791752966
nicbts,2,10622,0.00018828845791752966
bohnen,2,10622,0.00018828845791752966
vie,2,10622,0.00018828845791752966
nud,2,10622,0.00018828845791752966
öv,2,10622,0.00018828845791752966
kaun,2,10622,0.00018828845791752966
dünn,2,10622,0.00018828845791752966
zwiebelscheiben,2,10622,0.00018828845791752966
vegetarischer,2,10622,0.00018828845791752966
weißer,2,10622,0.00018828845791752966
nierenfett,2,10622,0.00018828845791752966
schrotmehl,2,10622,0.00018828845791752966
gewiegtes,2,10622,0.00018828845791752966
saft,2,10622,0.00018828845791752966
ruude,2,10622,0.00018828845791752966
rotkraut,2,10622,0.00018828845791752966
vorgerichtet,2,10622,0.00018828845791752966
lee,2,10622,0.00018828845791752966
genügend,2,10622,0.00018828845791752966
zubereituugszeit,2,10622,0.00018828845791752966
übrigen,2,10622,0.00018828845791752966
schweinebraten,2,10622,0.00018828845791752966
120,2,10622,0.00018828845791752966
un,2,10622,0.00018828845791752966
genommen,2,10622,0.00018828845791752966
erbsenbrei,2,10622,0.00018828845791752966
zerhackt,2,10622,0.00018828845791752966
nötigen,2,10622,0.00018828845791752966
zwiebelsoße,2,10622,0.00018828845791752966
abgewellten,2,10622,0.00018828845791752966
bratensoße,2,10622,0.00018828845791752966
derselbe,2,10622,0.00018828845791752966
geschlagen,2,10622,0.00018828845791752966
zwei,2,10622,0.00018828845791752966
gern,2,10622,0.00018828845791752966
bntterersatz,2,10622,0.00018828845791752966
lunge,2,10622,0.00018828845791752966
gemüsewasser,2,10622,0.00018828845791752966
sauber,2,10622,0.00018828845791752966
zubereitungs,2,10622,0.00018828845791752966
kochendes,2,10622,0.00018828845791752966
apfelmus,2,10622,0.00018828845791752966
dunkel,2,10622,0.00018828845791752966
leute,2,10622,0.00018828845791752966
buttermilch,2,10622,0.00018828845791752966
lein,2,10622,0.00018828845791752966
licb,2,10622,0.00018828845791752966
?u,2,10622,0.00018828845791752966
außenblätter,2,10622,0.00018828845791752966
befreit,2,10622,0.00018828845791752966
zuerst,2,10622,0.00018828845791752966
knochenbrühe,2,10622,0.00018828845791752966
gehäutete,2,10622,0.00018828845791752966
längere,2,10622,0.00018828845791752966
linzelberichte,1,10622,9.414422895876483e-05
angekocht,1,10622,9.414422895876483e-05
cienken,1,10622,9.414422895876483e-05
eiweiß,1,10622,9.414422895876483e-05
lemüle,1,10622,9.414422895876483e-05
vorkochen,1,10622,9.414422895876483e-05
mehlwasser,1,10622,9.414422895876483e-05
gebackener,1,10622,9.414422895876483e-05
nen,1,10622,9.414422895876483e-05
verzupft,1,10622,9.414422895876483e-05
stun,1,10622,9.414422895876483e-05
dünsten,1,10622,9.414422895876483e-05
haarsieb,1,10622,9.414422895876483e-05
kakao,1,10622,9.414422895876483e-05
lpart,1,10622,9.414422895876483e-05
rotelette,1,10622,9.414422895876483e-05
vollmilck,1,10622,9.414422895876483e-05
grünkernfchnitten,1,10622,9.414422895876483e-05
würde,1,10622,9.414422895876483e-05
vorteilbaktelten,1,10622,9.414422895876483e-05
anßer,1,10622,9.414422895876483e-05
ihren,1,10622,9.414422895876483e-05
sanber,1,10622,9.414422895876483e-05
seiteu,1,10622,9.414422895876483e-05
gekockter,1,10622,9.414422895876483e-05
wiegt,1,10622,9.414422895876483e-05
ninösbraten,1,10622,9.414422895876483e-05
entsteinte,1,10622,9.414422895876483e-05
sr,1,10622,9.414422895876483e-05
körpergewicht,1,10622,9.414422895876483e-05
äab,1,10622,9.414422895876483e-05
kuchen,1,10622,9.414422895876483e-05
mincieltens,1,10622,9.414422895876483e-05
maismebl,1,10622,9.414422895876483e-05
efsig,1,10622,9.414422895876483e-05
abgeschwenkt,1,10622,9.414422895876483e-05
aukerordentlick,1,10622,9.414422895876483e-05
gebäht,1,10622,9.414422895876483e-05
sanren,1,10622,9.414422895876483e-05
wokllckmeckenä,1,10622,9.414422895876483e-05
zukammenbält,1,10622,9.414422895876483e-05
§isch,1,10622,9.414422895876483e-05
lrötciien,1,10622,9.414422895876483e-05
lparlamkeit,1,10622,9.414422895876483e-05
aufstellen,1,10622,9.414422895876483e-05
tapferen,1,10622,9.414422895876483e-05
hitze,1,10622,9.414422895876483e-05
warme,1,10622,9.414422895876483e-05
erbsen,1,10622,9.414422895876483e-05
gehackten,1,10622,9.414422895876483e-05
silseru,1,10622,9.414422895876483e-05
klößen,1,10622,9.414422895876483e-05
bearbeitete,1,10622,9.414422895876483e-05
weck,1,10622,9.414422895876483e-05
abgeschnitten,1,10622,9.414422895876483e-05
innere,1,10622,9.414422895876483e-05
ol,1,10622,9.414422895876483e-05
beliebigen,1,10622,9.414422895876483e-05
messer,1,10622,9.414422895876483e-05
i^ülle,1,10622,9.414422895876483e-05
übriggebliebenes,1,10622,9.414422895876483e-05
haber,1,10622,9.414422895876483e-05
kockkiltengerickte,1,10622,9.414422895876483e-05
herina,1,10622,9.414422895876483e-05
wickelt,1,10622,9.414422895876483e-05
dienst,1,10622,9.414422895876483e-05
serviert,1,10622,9.414422895876483e-05
uncz,1,10622,9.414422895876483e-05
niit,1,10622,9.414422895876483e-05
6v,1,10622,9.414422895876483e-05
luppe,1,10622,9.414422895876483e-05
lvaffer,1,10622,9.414422895876483e-05
koräert,1,10622,9.414422895876483e-05
backfett,1,10622,9.414422895876483e-05
gangen,1,10622,9.414422895876483e-05
flüssigkeit,1,10622,9.414422895876483e-05
nsw,1,10622,9.414422895876483e-05
sammengekockten,1,10622,9.414422895876483e-05
geschafft,1,10622,9.414422895876483e-05
vorheriges,1,10622,9.414422895876483e-05
bratofeu,1,10622,9.414422895876483e-05
kafferol,1,10622,9.414422895876483e-05
eetrünke,1,10622,9.414422895876483e-05
balten,1,10622,9.414422895876483e-05
gering,1,10622,9.414422895876483e-05
guten,1,10622,9.414422895876483e-05
gewafcheu,1,10622,9.414422895876483e-05
halben,1,10622,9.414422895876483e-05
erketzeii,1,10622,9.414422895876483e-05
anderes,1,10622,9.414422895876483e-05
papierlagen,1,10622,9.414422895876483e-05
keblende,1,10622,9.414422895876483e-05
ilöt,1,10622,9.414422895876483e-05
^u,1,10622,9.414422895876483e-05
schwert,1,10622,9.414422895876483e-05
auslaus,1,10622,9.414422895876483e-05
huark,1,10622,9.414422895876483e-05
geräucherte,1,10622,9.414422895876483e-05
formen,1,10622,9.414422895876483e-05
nommen,1,10622,9.414422895876483e-05
nillen,1,10622,9.414422895876483e-05
auflaufform,1,10622,9.414422895876483e-05
zeitungspapier,1,10622,9.414422895876483e-05
treibt,1,10622,9.414422895876483e-05
allem,1,10622,9.414422895876483e-05
wärmebülle,1,10622,9.414422895876483e-05
tllekllpeilen,1,10622,9.414422895876483e-05
bayrisch,1,10622,9.414422895876483e-05
vollltänäiges,1,10622,9.414422895876483e-05
aufgebraucht,1,10622,9.414422895876483e-05
llbung,1,10622,9.414422895876483e-05
zahlreichen,1,10622,9.414422895876483e-05
knchen,1,10622,9.414422895876483e-05
reinigen,1,10622,9.414422895876483e-05
hilfsmittel,1,10622,9.414422895876483e-05
gilt,1,10622,9.414422895876483e-05
nakruugsmitteln,1,10622,9.414422895876483e-05
dakergriit^e,1,10622,9.414422895876483e-05
fleischarten,1,10622,9.414422895876483e-05
eignen,1,10622,9.414422895876483e-05
heißt,1,10622,9.414422895876483e-05
kalbs,1,10622,9.414422895876483e-05
gemnsewasser,1,10622,9.414422895876483e-05
vier,1,10622,9.414422895876483e-05
gewiegtem,1,10622,9.414422895876483e-05
binunterrutlcken,1,10622,9.414422895876483e-05
mangold,1,10622,9.414422895876483e-05
lckälen,1,10622,9.414422895876483e-05
kreuzweise,1,10622,9.414422895876483e-05
bescmäers,1,10622,9.414422895876483e-05
kafferolle,1,10622,9.414422895876483e-05
gehobelt,1,10622,9.414422895876483e-05
früchten,1,10622,9.414422895876483e-05
gespart,1,10622,9.414422895876483e-05
beifügt,1,10622,9.414422895876483e-05
fischabfälle,1,10622,9.414422895876483e-05
kalb,1,10622,9.414422895876483e-05
stadtverwaltung,1,10622,9.414422895876483e-05
weißmehl,1,10622,9.414422895876483e-05
lonclern,1,10622,9.414422895876483e-05
cias,1,10622,9.414422895876483e-05
möglickll,1,10622,9.414422895876483e-05
soüenkohlraben,1,10622,9.414422895876483e-05
herausgezogen,1,10622,9.414422895876483e-05
gebrüht,1,10622,9.414422895876483e-05
kauens,1,10622,9.414422895876483e-05
sertig,1,10622,9.414422895876483e-05
eingeleimt,1,10622,9.414422895876483e-05
1v2,1,10622,9.414422895876483e-05
getrieben,1,10622,9.414422895876483e-05
zerdrückt,1,10622,9.414422895876483e-05
zeitungen,1,10622,9.414422895876483e-05
vorzuziehen,1,10622,9.414422895876483e-05
kriegszeit,1,10622,9.414422895876483e-05
kochten,1,10622,9.414422895876483e-05
nahrungs,1,10622,9.414422895876483e-05
ausstellen,1,10622,9.414422895876483e-05
kusäauer,1,10622,9.414422895876483e-05
röste,1,10622,9.414422895876483e-05
§ett,1,10622,9.414422895876483e-05
ztoöikisch,1,10622,9.414422895876483e-05
drei,1,10622,9.414422895876483e-05
platt,1,10622,9.414422895876483e-05
kloß,1,10622,9.414422895876483e-05
llabruug,1,10622,9.414422895876483e-05
äanungsorgane,1,10622,9.414422895876483e-05
sür,1,10622,9.414422895876483e-05
ausgekochte,1,10622,9.414422895876483e-05
weckscheiben,1,10622,9.414422895876483e-05
übriggebliebenen,1,10622,9.414422895876483e-05
billigsten,1,10622,9.414422895876483e-05
alte,1,10622,9.414422895876483e-05
gcrstensnppe,1,10622,9.414422895876483e-05
lcbmeckenäes,1,10622,9.414422895876483e-05
psann,1,10622,9.414422895876483e-05
ber,1,10622,9.414422895876483e-05
iver,1,10622,9.414422895876483e-05
offnen,1,10622,9.414422895876483e-05
mangelbaktes,1,10622,9.414422895876483e-05
volk,1,10622,9.414422895876483e-05
bekinäet,1,10622,9.414422895876483e-05
kiemen,1,10622,9.414422895876483e-05
öohnengemüse,1,10622,9.414422895876483e-05
unlerem,1,10622,9.414422895876483e-05
topfe,1,10622,9.414422895876483e-05
pulver,1,10622,9.414422895876483e-05
auszukochen,1,10622,9.414422895876483e-05
line,1,10622,9.414422895876483e-05
ja,1,10622,9.414422895876483e-05
einfack,1,10622,9.414422895876483e-05
vierecke,1,10622,9.414422895876483e-05
machen,1,10622,9.414422895876483e-05
de,1,10622,9.414422895876483e-05
dickflüssigen,1,10622,9.414422895876483e-05
gebrühte,1,10622,9.414422895876483e-05
gauze,1,10622,9.414422895876483e-05
mischsetl,1,10622,9.414422895876483e-05
moßbrühsuppe,1,10622,9.414422895876483e-05
tauber,1,10622,9.414422895876483e-05
aufgewärmt,1,10622,9.414422895876483e-05
i?ciule,1,10622,9.414422895876483e-05
woblbekinäens,1,10622,9.414422895876483e-05
seinen,1,10622,9.414422895876483e-05
birnen,1,10622,9.414422895876483e-05
^äle,1,10622,9.414422895876483e-05
fischgericht,1,10622,9.414422895876483e-05
mööiten,1,10622,9.414422895876483e-05
aluslrlerte,1,10622,9.414422895876483e-05
seschlchte,1,10622,9.414422895876483e-05
kartoffelu,1,10622,9.414422895876483e-05
185,1,10622,9.414422895876483e-05
suttersoße,1,10622,9.414422895876483e-05
liociikilte,1,10622,9.414422895876483e-05
hammelileilck,1,10622,9.414422895876483e-05
i^ett,1,10622,9.414422895876483e-05
ragout,1,10622,9.414422895876483e-05
fischfilets,1,10622,9.414422895876483e-05
vollwertiger,1,10622,9.414422895876483e-05
gekacktem,1,10622,9.414422895876483e-05
suppenqcmüse,1,10622,9.414422895876483e-05
rartoffelblättchen,1,10622,9.414422895876483e-05
breiige,1,10622,9.414422895876483e-05
lebersuppe,1,10622,9.414422895876483e-05
pfefferkörner,1,10622,9.414422895876483e-05
nasses,1,10622,9.414422895876483e-05
durchgedämpst,1,10622,9.414422895876483e-05
mithineingeben,1,10622,9.414422895876483e-05
million,1,10622,9.414422895876483e-05
quarkklöße,1,10622,9.414422895876483e-05
rickt,1,10622,9.414422895876483e-05
ganzes,1,10622,9.414422895876483e-05
pferiäg,1,10622,9.414422895876483e-05
ausgelegt,1,10622,9.414422895876483e-05
kartoffelfchnitze,1,10622,9.414422895876483e-05
düuu,1,10622,9.414422895876483e-05
loscht,1,10622,9.414422895876483e-05
kartoffelpsannknchen,1,10622,9.414422895876483e-05
lr,1,10622,9.414422895876483e-05
znbereitungszeit,1,10622,9.414422895876483e-05
war,1,10622,9.414422895876483e-05
soviel,1,10622,9.414422895876483e-05
icigli<^i,1,10622,9.414422895876483e-05
bratens,1,10622,9.414422895876483e-05
riuds,1,10622,9.414422895876483e-05
anrösten,1,10622,9.414422895876483e-05
hineingeschüttet,1,10622,9.414422895876483e-05
niiben,1,10622,9.414422895876483e-05
fener,1,10622,9.414422895876483e-05
zusammengeklebt,1,10622,9.414422895876483e-05
ingelfinger,1,10622,9.414422895876483e-05
geclämpkt,1,10622,9.414422895876483e-05
eisbeiner,1,10622,9.414422895876483e-05
abbildungen,1,10622,9.414422895876483e-05
brauchen,1,10622,9.414422895876483e-05
schmälze,1,10622,9.414422895876483e-05
?luck,1,10622,9.414422895876483e-05
luttermilck,1,10622,9.414422895876483e-05
tierilcke,1,10622,9.414422895876483e-05
mengen,1,10622,9.414422895876483e-05
sei,1,10622,9.414422895876483e-05
rübemvasser,1,10622,9.414422895876483e-05
kricgsmehl,1,10622,9.414422895876483e-05
gries,1,10622,9.414422895876483e-05
diesen,1,10622,9.414422895876483e-05
sämig,1,10622,9.414422895876483e-05
speisen,1,10622,9.414422895876483e-05
fischbrühe,1,10622,9.414422895876483e-05
cles,1,10622,9.414422895876483e-05
ging,1,10622,9.414422895876483e-05
bereitungszeit,1,10622,9.414422895876483e-05
leläiirr,1,10622,9.414422895876483e-05
yunöerten,1,10622,9.414422895876483e-05
oer,1,10622,9.414422895876483e-05
mich,1,10622,9.414422895876483e-05
kpfelpfannkuchen,1,10622,9.414422895876483e-05
voraussichtlichen,1,10622,9.414422895876483e-05
kriegsgeschichte,1,10622,9.414422895876483e-05
zugeäeckt,1,10622,9.414422895876483e-05
«arten,1,10622,9.414422895876483e-05
smeilt,1,10622,9.414422895876483e-05
umwendet,1,10622,9.414422895876483e-05
kukltrick,1,10622,9.414422895876483e-05
abfälle,1,10622,9.414422895876483e-05
solcken,1,10622,9.414422895876483e-05
abtrocknen,1,10622,9.414422895876483e-05
mürbe,1,10622,9.414422895876483e-05
hinunter,1,10622,9.414422895876483e-05
verhütet,1,10622,9.414422895876483e-05
kleinere,1,10622,9.414422895876483e-05
zuppe,1,10622,9.414422895876483e-05
angefetteten,1,10622,9.414422895876483e-05
treidekvruer,1,10622,9.414422895876483e-05
siedeud,1,10622,9.414422895876483e-05
verlagsgesellfchaft,1,10622,9.414422895876483e-05
staütoerwa,1,10622,9.414422895876483e-05
spätzlebrett,1,10622,9.414422895876483e-05
jni,1,10622,9.414422895876483e-05
3vt,1,10622,9.414422895876483e-05
oblt,1,10622,9.414422895876483e-05
erwärmte,1,10622,9.414422895876483e-05
leben,1,10622,9.414422895876483e-05
i^eickes,1,10622,9.414422895876483e-05
gesalzenem,1,10622,9.414422895876483e-05
kö,1,10622,9.414422895876483e-05
kopsen,1,10622,9.414422895876483e-05
erreicken,1,10622,9.414422895876483e-05
haben,1,10622,9.414422895876483e-05
fchön,1,10622,9.414422895876483e-05
gebrannte,1,10622,9.414422895876483e-05
kleingehackten,1,10622,9.414422895876483e-05
k^eincieslanäe,1,10622,9.414422895876483e-05
fortlaufenöe,1,10622,9.414422895876483e-05
walnüsse,1,10622,9.414422895876483e-05
pfaniikuchenteig,1,10622,9.414422895876483e-05
?s>anzenkette,1,10622,9.414422895876483e-05
prauen,1,10622,9.414422895876483e-05
schichtenweise,1,10622,9.414422895876483e-05
belegt,1,10622,9.414422895876483e-05
hcmle,1,10622,9.414422895876483e-05
rartoffelschnitten,1,10622,9.414422895876483e-05
tur,1,10622,9.414422895876483e-05
eingekocht,1,10622,9.414422895876483e-05
äderrelte,1,10622,9.414422895876483e-05
abgeschält,1,10622,9.414422895876483e-05
znm,1,10622,9.414422895876483e-05
^klickt,1,10622,9.414422895876483e-05
kaltes,1,10622,9.414422895876483e-05
heil,1,10622,9.414422895876483e-05
naiirungsvorräte,1,10622,9.414422895876483e-05
billiger,1,10622,9.414422895876483e-05
iy,1,10622,9.414422895876483e-05
linfengemüse,1,10622,9.414422895876483e-05
dickeu,1,10622,9.414422895876483e-05
80,1,10622,9.414422895876483e-05
süße,1,10622,9.414422895876483e-05
pseffer,1,10622,9.414422895876483e-05
gedrückt,1,10622,9.414422895876483e-05
rahmkartoffeln,1,10622,9.414422895876483e-05
uniltäiiäenj,1,10622,9.414422895876483e-05
lllebl,1,10622,9.414422895876483e-05
seefische,1,10622,9.414422895876483e-05
billig,1,10622,9.414422895876483e-05
rompotte,1,10622,9.414422895876483e-05
zusammenhalten,1,10622,9.414422895876483e-05
grütze,1,10622,9.414422895876483e-05
ninösteisch,1,10622,9.414422895876483e-05
uimmt,1,10622,9.414422895876483e-05
nabrungs,1,10622,9.414422895876483e-05
übrig,1,10622,9.414422895876483e-05
pkiegen,1,10622,9.414422895876483e-05
hammelbrust,1,10622,9.414422895876483e-05
kriegsernäb,1,10622,9.414422895876483e-05
riudsbrateu,1,10622,9.414422895876483e-05
trockenen,1,10622,9.414422895876483e-05
gerichte,1,10622,9.414422895876483e-05
verwiegte,1,10622,9.414422895876483e-05
rvirä,1,10622,9.414422895876483e-05
während,1,10622,9.414422895876483e-05
ersten,1,10622,9.414422895876483e-05
guter,1,10622,9.414422895876483e-05
schüttet,1,10622,9.414422895876483e-05
beständigem,1,10622,9.414422895876483e-05
betraciiten,1,10622,9.414422895876483e-05
sick,1,10622,9.414422895876483e-05
?lrt,1,10622,9.414422895876483e-05
füße,1,10622,9.414422895876483e-05
frischen,1,10622,9.414422895876483e-05
mais,1,10622,9.414422895876483e-05
sonst,1,10622,9.414422895876483e-05
abtropfen,1,10622,9.414422895876483e-05
rartoffelbrei,1,10622,9.414422895876483e-05
abend,1,10622,9.414422895876483e-05
sulz,1,10622,9.414422895876483e-05
4m,1,10622,9.414422895876483e-05
lössel,1,10622,9.414422895876483e-05
§leischpfannkuchen,1,10622,9.414422895876483e-05
hefepfannkuchen,1,10622,9.414422895876483e-05
65,1,10622,9.414422895876483e-05
to,1,10622,9.414422895876483e-05
wassers,1,10622,9.414422895876483e-05
sichtbar,1,10622,9.414422895876483e-05
saprisch,1,10622,9.414422895876483e-05
vorbebalten,1,10622,9.414422895876483e-05
bemerken,1,10622,9.414422895876483e-05
mkrlw,1,10622,9.414422895876483e-05
äußersten,1,10622,9.414422895876483e-05
nullen,1,10622,9.414422895876483e-05
lacken,1,10622,9.414422895876483e-05
natsckläge,1,10622,9.414422895876483e-05
dicker,1,10622,9.414422895876483e-05
„gebackener,1,10622,9.414422895876483e-05
nierensett,1,10622,9.414422895876483e-05
zchweinekleilch,1,10622,9.414422895876483e-05
gespült,1,10622,9.414422895876483e-05
?ngelfinger,1,10622,9.414422895876483e-05
dauu,1,10622,9.414422895876483e-05
angerührtem,1,10622,9.414422895876483e-05
sorgsam,1,10622,9.414422895876483e-05
erlatz,1,10622,9.414422895876483e-05
peter,1,10622,9.414422895876483e-05
verwiegt,1,10622,9.414422895876483e-05
bnttererfatz,1,10622,9.414422895876483e-05
zugefügt,1,10622,9.414422895876483e-05
würste,1,10622,9.414422895876483e-05
dickes,1,10622,9.414422895876483e-05
cin,1,10622,9.414422895876483e-05
trocknen,1,10622,9.414422895876483e-05
see,1,10622,9.414422895876483e-05
durchkochen,1,10622,9.414422895876483e-05
clurch,1,10622,9.414422895876483e-05
gebrochene,1,10622,9.414422895876483e-05
durckkauen,1,10622,9.414422895876483e-05
l^ür,1,10622,9.414422895876483e-05
llas,1,10622,9.414422895876483e-05
1vz,1,10622,9.414422895876483e-05
luck,1,10622,9.414422895876483e-05
6emüle,1,10622,9.414422895876483e-05
geraäe,1,10622,9.414422895876483e-05
festem,1,10622,9.414422895876483e-05
ös,1,10622,9.414422895876483e-05
lewürz,1,10622,9.414422895876483e-05
i^artofkeln,1,10622,9.414422895876483e-05
ollmilck,1,10622,9.414422895876483e-05
vorteile,1,10622,9.414422895876483e-05
zleischresten,1,10622,9.414422895876483e-05
find,1,10622,9.414422895876483e-05
mittageslen,1,10622,9.414422895876483e-05
körner,1,10622,9.414422895876483e-05
diplomatie,1,10622,9.414422895876483e-05
uur,1,10622,9.414422895876483e-05
zischküchle,1,10622,9.414422895876483e-05
ausgestreute,1,10622,9.414422895876483e-05
blatt,1,10622,9.414422895876483e-05
flnöere?lrt,1,10622,9.414422895876483e-05
lparens,1,10622,9.414422895876483e-05
verlangt,1,10622,9.414422895876483e-05
meblarten,1,10622,9.414422895876483e-05
wercien,1,10622,9.414422895876483e-05
verlckasken,1,10622,9.414422895876483e-05
süber,1,10622,9.414422895876483e-05
eiugeweichteu,1,10622,9.414422895876483e-05
pkannkucken,1,10622,9.414422895876483e-05
bisber,1,10622,9.414422895876483e-05
lilligkeit,1,10622,9.414422895876483e-05
früch,1,10622,9.414422895876483e-05
200,1,10622,9.414422895876483e-05
eischuee,1,10622,9.414422895876483e-05
öfte,1,10622,9.414422895876483e-05
ausgekaut,1,10622,9.414422895876483e-05
teurer,1,10622,9.414422895876483e-05
haferftockschnitten,1,10622,9.414422895876483e-05
schwanz,1,10622,9.414422895876483e-05
verwenclen,1,10622,9.414422895876483e-05
lagen,1,10622,9.414422895876483e-05
offen,1,10622,9.414422895876483e-05
eingeschnitten,1,10622,9.414422895876483e-05
laffen,1,10622,9.414422895876483e-05
geschnittenem,1,10622,9.414422895876483e-05
ausgefüllt,1,10622,9.414422895876483e-05
zupft,1,10622,9.414422895876483e-05
äickes,1,10622,9.414422895876483e-05
kartoffelpfannkuchen,1,10622,9.414422895876483e-05
70,1,10622,9.414422895876483e-05
lvz,1,10622,9.414422895876483e-05
zentner,1,10622,9.414422895876483e-05
eingewickelte,1,10622,9.414422895876483e-05
feingeschuitteue,1,10622,9.414422895876483e-05
herstellen,1,10622,9.414422895876483e-05
izevölkerung,1,10622,9.414422895876483e-05
backschaufel,1,10622,9.414422895876483e-05
^opf,1,10622,9.414422895876483e-05
aiilch,1,10622,9.414422895876483e-05
bietet,1,10622,9.414422895876483e-05
dariu,1,10622,9.414422895876483e-05
festen,1,10622,9.414422895876483e-05
tage,1,10622,9.414422895876483e-05
hurck,1,10622,9.414422895876483e-05
lzcuut^uug,1,10622,9.414422895876483e-05
vazar,1,10622,9.414422895876483e-05
nakrbak,1,10622,9.414422895876483e-05
auswahl,1,10622,9.414422895876483e-05
schüssel,1,10622,9.414422895876483e-05
lcklagen,1,10622,9.414422895876483e-05
bratpfanne,1,10622,9.414422895876483e-05
glatteu,1,10622,9.414422895876483e-05
brateu,1,10622,9.414422895876483e-05
dicklicheu,1,10622,9.414422895876483e-05
zersticht,1,10622,9.414422895876483e-05
lräten,1,10622,9.414422895876483e-05
gesalzene,1,10622,9.414422895876483e-05
zwischen,1,10622,9.414422895876483e-05
brettchen,1,10622,9.414422895876483e-05
rraut,1,10622,9.414422895876483e-05
schließenden,1,10622,9.414422895876483e-05
ausgeltopkt,1,10622,9.414422895876483e-05
brauckt,1,10622,9.414422895876483e-05
gebörig,1,10622,9.414422895876483e-05
maskat,1,10622,9.414422895876483e-05
probe,1,10622,9.414422895876483e-05
einkack,1,10622,9.414422895876483e-05
peincle,1,10622,9.414422895876483e-05
jeclem,1,10622,9.414422895876483e-05
v«,1,10622,9.414422895876483e-05
v?,1,10622,9.414422895876483e-05
eiueu,1,10622,9.414422895876483e-05
dadurck,1,10622,9.414422895876483e-05
taffe,1,10622,9.414422895876483e-05
3v,1,10622,9.414422895876483e-05
lrücier,1,10622,9.414422895876483e-05
eisen,1,10622,9.414422895876483e-05
gewässert,1,10622,9.414422895876483e-05
morgen,1,10622,9.414422895876483e-05
ersetzen,1,10622,9.414422895876483e-05
brotsuppe,1,10622,9.414422895876483e-05
iliit,1,10622,9.414422895876483e-05
leipzig,1,10622,9.414422895876483e-05
wissenschaft,1,10622,9.414422895876483e-05
kartofselgemüsc,1,10622,9.414422895876483e-05
riudsleber,1,10622,9.414422895876483e-05
cemülerelten,1,10622,9.414422895876483e-05
vorsichtig,1,10622,9.414422895876483e-05
rollt,1,10622,9.414422895876483e-05
geschoben,1,10622,9.414422895876483e-05
aufkoche,1,10622,9.414422895876483e-05
davon,1,10622,9.414422895876483e-05
gestricheneu,1,10622,9.414422895876483e-05
auslasten,1,10622,9.414422895876483e-05
"v4^""vspfd",1,10622,9.414422895876483e-05
filets,1,10622,9.414422895876483e-05
inilck,1,10622,9.414422895876483e-05
beerblatt,1,10622,9.414422895876483e-05
elemente,1,10622,9.414422895876483e-05
clann,1,10622,9.414422895876483e-05
übe,1,10622,9.414422895876483e-05
gutes,1,10622,9.414422895876483e-05
messers,1,10622,9.414422895876483e-05
bestimmten,1,10622,9.414422895876483e-05
leres,1,10622,9.414422895876483e-05
durchstreicht,1,10622,9.414422895876483e-05
beigeben,1,10622,9.414422895876483e-05
zerschlagenem,1,10622,9.414422895876483e-05
steife,1,10622,9.414422895876483e-05
erwärmten,1,10622,9.414422895876483e-05
untereinander,1,10622,9.414422895876483e-05
cerste,1,10622,9.414422895876483e-05
llten,1,10622,9.414422895876483e-05
kartoffelblättchen,1,10622,9.414422895876483e-05
vollständiges,1,10622,9.414422895876483e-05
ausscklaggebeud,1,10622,9.414422895876483e-05
?lusnüt^nng,1,10622,9.414422895876483e-05
mem,1,10622,9.414422895876483e-05
süßes,1,10622,9.414422895876483e-05
tücktig,1,10622,9.414422895876483e-05
k^leifcb,1,10622,9.414422895876483e-05
hesepsannkuchen,1,10622,9.414422895876483e-05
gesundes,1,10622,9.414422895876483e-05
zckale,1,10622,9.414422895876483e-05
180,1,10622,9.414422895876483e-05
abgeschmeckt,1,10622,9.414422895876483e-05
lickkeit,1,10622,9.414422895876483e-05
vorräten,1,10622,9.414422895876483e-05
srotsuppe,1,10622,9.414422895876483e-05
stangen,1,10622,9.414422895876483e-05
senffoße,1,10622,9.414422895876483e-05
zerblättert,1,10622,9.414422895876483e-05
pett,1,10622,9.414422895876483e-05
mitkochen,1,10622,9.414422895876483e-05
geschabt,1,10622,9.414422895876483e-05
bereitete,1,10622,9.414422895876483e-05
samt,1,10622,9.414422895876483e-05
vaterlanä,1,10622,9.414422895876483e-05
minuteu,1,10622,9.414422895876483e-05
ses,1,10622,9.414422895876483e-05
io,1,10622,9.414422895876483e-05
slutsen,1,10622,9.414422895876483e-05
lei,1,10622,9.414422895876483e-05
<laclurck,1,10622,9.414422895876483e-05
eiweißgehalt,1,10622,9.414422895876483e-05
müllen,1,10622,9.414422895876483e-05
znltrengungen,1,10622,9.414422895876483e-05
kartoffelmasse,1,10622,9.414422895876483e-05
ausdrücklich,1,10622,9.414422895876483e-05
stelleu,1,10622,9.414422895876483e-05
friläi,1,10622,9.414422895876483e-05
inhaltsverzeichnis,1,10622,9.414422895876483e-05
lost,1,10622,9.414422895876483e-05
sen,1,10622,9.414422895876483e-05
lebersnppe,1,10622,9.414422895876483e-05
verdünnen,1,10622,9.414422895876483e-05
nabrbastelten,1,10622,9.414422895876483e-05
zustande,1,10622,9.414422895876483e-05
verlesen,1,10622,9.414422895876483e-05
matensoße,1,10622,9.414422895876483e-05
aufgeriebenem,1,10622,9.414422895876483e-05
zubereituugszeit^,1,10622,9.414422895876483e-05
serlin,1,10622,9.414422895876483e-05
uieclerwerlen,1,10622,9.414422895876483e-05
xäke,1,10622,9.414422895876483e-05
milüt,1,10622,9.414422895876483e-05
begießeil,1,10622,9.414422895876483e-05
lacke,1,10622,9.414422895876483e-05
begießen,1,10622,9.414422895876483e-05
karlolkeln,1,10622,9.414422895876483e-05
„kriegsgeschichte,1,10622,9.414422895876483e-05
weckmeyl,1,10622,9.414422895876483e-05
ilas,1,10622,9.414422895876483e-05
tiguugsgekübl,1,10622,9.414422895876483e-05
ltncl,1,10622,9.414422895876483e-05
nock,1,10622,9.414422895876483e-05
nm,1,10622,9.414422895876483e-05
abkochen,1,10622,9.414422895876483e-05
schmack,1,10622,9.414422895876483e-05
anfgelosten,1,10622,9.414422895876483e-05
nnpolierter,1,10622,9.414422895876483e-05
vg,1,10622,9.414422895876483e-05
finäen,1,10622,9.414422895876483e-05
eingerieben,1,10622,9.414422895876483e-05
letrackt,1,10622,9.414422895876483e-05
it,1,10622,9.414422895876483e-05
nacli,1,10622,9.414422895876483e-05
beide,1,10622,9.414422895876483e-05
abfallschiuken,1,10622,9.414422895876483e-05
verderben,1,10622,9.414422895876483e-05
kalbsfnße,1,10622,9.414422895876483e-05
gußeisernen,1,10622,9.414422895876483e-05
slrot,1,10622,9.414422895876483e-05
2v2,1,10622,9.414422895876483e-05
haupterkoräernis,1,10622,9.414422895876483e-05
streifchen,1,10622,9.414422895876483e-05
mancher,1,10622,9.414422895876483e-05
reissuppe,1,10622,9.414422895876483e-05
finclet,1,10622,9.414422895876483e-05
bntter,1,10622,9.414422895876483e-05
üazu,1,10622,9.414422895876483e-05
schabt,1,10622,9.414422895876483e-05
5luskocken,1,10622,9.414422895876483e-05
gewiegten,1,10622,9.414422895876483e-05
silie,1,10622,9.414422895876483e-05
wollte,1,10622,9.414422895876483e-05
vorgerichteten,1,10622,9.414422895876483e-05
audere,1,10622,9.414422895876483e-05
kanäle,1,10622,9.414422895876483e-05
l?aterla>,1,10622,9.414422895876483e-05
meist,1,10622,9.414422895876483e-05
probiere,1,10622,9.414422895876483e-05
einein,1,10622,9.414422895876483e-05
rielige,1,10622,9.414422895876483e-05
kleinen,1,10622,9.414422895876483e-05
untergemischt,1,10622,9.414422895876483e-05
l?luslallen1,1,10622,9.414422895876483e-05
bestrichene,1,10622,9.414422895876483e-05
würzen,1,10622,9.414422895876483e-05
auszunützen,1,10622,9.414422895876483e-05
kakfee,1,10622,9.414422895876483e-05
2s,1,10622,9.414422895876483e-05
genauut,1,10622,9.414422895876483e-05
roggenbrot,1,10622,9.414422895876483e-05
lerltenmebl,1,10622,9.414422895876483e-05
ckirck,1,10622,9.414422895876483e-05
pjd,1,10622,9.414422895876483e-05
praktilckc,1,10622,9.414422895876483e-05
linken,1,10622,9.414422895876483e-05
?>usnützung,1,10622,9.414422895876483e-05
sches,1,10622,9.414422895876483e-05
anbraten,1,10622,9.414422895876483e-05
schütteln,1,10622,9.414422895876483e-05
schwarz,1,10622,9.414422895876483e-05
eßlössel,1,10622,9.414422895876483e-05
fischstücke,1,10622,9.414422895876483e-05
äurckzulpeickeln,1,10622,9.414422895876483e-05
verbindung,1,10622,9.414422895876483e-05
fischküchle,1,10622,9.414422895876483e-05
möglich,1,10622,9.414422895876483e-05
iruppen,1,10622,9.414422895876483e-05
hcizu,1,10622,9.414422895876483e-05
verschließt,1,10622,9.414422895876483e-05
kriegschauplätzen,1,10622,9.414422895876483e-05
schält,1,10622,9.414422895876483e-05
erfolgen,1,10622,9.414422895876483e-05
z8,1,10622,9.414422895876483e-05
herd,1,10622,9.414422895876483e-05
chen,1,10622,9.414422895876483e-05
backsett,1,10622,9.414422895876483e-05
anhängen,1,10622,9.414422895876483e-05
lvaller,1,10622,9.414422895876483e-05
sichtig,1,10622,9.414422895876483e-05
material,1,10622,9.414422895876483e-05
kalkee,1,10622,9.414422895876483e-05
inzwischen,1,10622,9.414422895876483e-05
linäkleikck,1,10622,9.414422895876483e-05
näkrlalse,1,10622,9.414422895876483e-05
wöchentlich,1,10622,9.414422895876483e-05
wasserbad,1,10622,9.414422895876483e-05
erwiesen,1,10622,9.414422895876483e-05
zvkacker,1,10622,9.414422895876483e-05
i5,1,10622,9.414422895876483e-05
kokken,1,10622,9.414422895876483e-05
keines,1,10622,9.414422895876483e-05
erkaltens,1,10622,9.414422895876483e-05
schmalztops,1,10622,9.414422895876483e-05
nakrungsmittel,1,10622,9.414422895876483e-05
fem,1,10622,9.414422895876483e-05
tun,1,10622,9.414422895876483e-05
schnitt,1,10622,9.414422895876483e-05
nah,1,10622,9.414422895876483e-05
fiscbkotelette,1,10622,9.414422895876483e-05
öblt,1,10622,9.414422895876483e-05
beste,1,10622,9.414422895876483e-05
bereitnngszeit,1,10622,9.414422895876483e-05
hack,1,10622,9.414422895876483e-05
fleilchbrübe,1,10622,9.414422895876483e-05
iincl,1,10622,9.414422895876483e-05
schweizerkafe,1,10622,9.414422895876483e-05
krautwickel,1,10622,9.414422895876483e-05
k^rükltnck,1,10622,9.414422895876483e-05
waschene,1,10622,9.414422895876483e-05
sormt,1,10622,9.414422895876483e-05
zugebunäen,1,10622,9.414422895876483e-05
lingekoäites,1,10622,9.414422895876483e-05
daus,1,10622,9.414422895876483e-05
kreisen,1,10622,9.414422895876483e-05
voll,1,10622,9.414422895876483e-05
lche,1,10622,9.414422895876483e-05
feiugefchuitteue,1,10622,9.414422895876483e-05
rechnet,1,10622,9.414422895876483e-05
gekorktem,1,10622,9.414422895876483e-05
gelöst,1,10622,9.414422895876483e-05
derselben,1,10622,9.414422895876483e-05
verwen,1,10622,9.414422895876483e-05
wenigem,1,10622,9.414422895876483e-05
cemüle,1,10622,9.414422895876483e-05
näbrwerts,1,10622,9.414422895876483e-05
kochwasser,1,10622,9.414422895876483e-05
wieäerkerltellung,1,10622,9.414422895876483e-05
durchgestrichenen,1,10622,9.414422895876483e-05
kranken,1,10622,9.414422895876483e-05
"„i^uskungern""",1,10622,9.414422895876483e-05
genügt,1,10622,9.414422895876483e-05
woche,1,10622,9.414422895876483e-05
ltelle,1,10622,9.414422895876483e-05
lor,1,10622,9.414422895876483e-05
izrotrelten,1,10622,9.414422895876483e-05
vorzugeben,1,10622,9.414422895876483e-05
speckschwarte,1,10622,9.414422895876483e-05
kloße,1,10622,9.414422895876483e-05
wenu,1,10622,9.414422895876483e-05
unserem,1,10622,9.414422895876483e-05
gefähr,1,10622,9.414422895876483e-05
zeigt,1,10622,9.414422895876483e-05
doch,1,10622,9.414422895876483e-05
kunstbellagen,1,10622,9.414422895876483e-05
mittagessen,1,10622,9.414422895876483e-05
lüben,1,10622,9.414422895876483e-05
butterstückchen,1,10622,9.414422895876483e-05
kriegszeilen,1,10622,9.414422895876483e-05
vielen,1,10622,9.414422895876483e-05
siülse,1,10622,9.414422895876483e-05
goldbraun,1,10622,9.414422895876483e-05
ausnutzung,1,10622,9.414422895876483e-05
weckniehl,1,10622,9.414422895876483e-05
griesschnitten,1,10622,9.414422895876483e-05
mucker,1,10622,9.414422895876483e-05
kaltet,1,10622,9.414422895876483e-05
kamm,1,10622,9.414422895876483e-05
sinclen,1,10622,9.414422895876483e-05
gnte,1,10622,9.414422895876483e-05
mnllen,1,10622,9.414422895876483e-05
gegosfen,1,10622,9.414422895876483e-05
vbst,1,10622,9.414422895876483e-05
weniger,1,10622,9.414422895876483e-05
technik,1,10622,9.414422895876483e-05
kockkikte,1,10622,9.414422895876483e-05
l^eisgries,1,10622,9.414422895876483e-05
vspfd,1,10622,9.414422895876483e-05
geriebenem,1,10622,9.414422895876483e-05
suppenfleisch,1,10622,9.414422895876483e-05
bedeuten,1,10622,9.414422895876483e-05
werdeil,1,10622,9.414422895876483e-05
mut,1,10622,9.414422895876483e-05
keiner,1,10622,9.414422895876483e-05
rartoffelschnitze,1,10622,9.414422895876483e-05
äem,1,10622,9.414422895876483e-05
blumenkohlwaffer,1,10622,9.414422895876483e-05
rlöße,1,10622,9.414422895876483e-05
neisgemüse,1,10622,9.414422895876483e-05
herltelluug,1,10622,9.414422895876483e-05
verteilt,1,10622,9.414422895876483e-05
psesfer,1,10622,9.414422895876483e-05
gleicher,1,10622,9.414422895876483e-05
^ukkickt,1,10622,9.414422895876483e-05
beitragen?,1,10622,9.414422895876483e-05
lveizenmebl,1,10622,9.414422895876483e-05
löst,1,10622,9.414422895876483e-05
sparenden,1,10622,9.414422895876483e-05
rase,1,10622,9.414422895876483e-05
150,1,10622,9.414422895876483e-05
mor,1,10622,9.414422895876483e-05
notrübengemüse,1,10622,9.414422895876483e-05
ausgeuommen,1,10622,9.414422895876483e-05
ersetzt,1,10622,9.414422895876483e-05
lzlutwurltj,1,10622,9.414422895876483e-05
arbeitskraft,1,10622,9.414422895876483e-05
zlt,1,10622,9.414422895876483e-05
dämpfen,1,10622,9.414422895876483e-05
leberklößen,1,10622,9.414422895876483e-05
u?eike,1,10622,9.414422895876483e-05
lilök,1,10622,9.414422895876483e-05
anrühren,1,10622,9.414422895876483e-05
eingeschichtet,1,10622,9.414422895876483e-05
spülen,1,10622,9.414422895876483e-05
auci,1,10622,9.414422895876483e-05
kebr,1,10622,9.414422895876483e-05
geschmücktes,1,10622,9.414422895876483e-05
lanze,1,10622,9.414422895876483e-05
hineinläuft,1,10622,9.414422895876483e-05
kock,1,10622,9.414422895876483e-05
heben,1,10622,9.414422895876483e-05
kleiu,1,10622,9.414422895876483e-05
nabrung,1,10622,9.414422895876483e-05
geschälte,1,10622,9.414422895876483e-05
gezogen,1,10622,9.414422895876483e-05
000,1,10622,9.414422895876483e-05
4z,1,10622,9.414422895876483e-05
nockmals,1,10622,9.414422895876483e-05
mchle,1,10622,9.414422895876483e-05
ralbskopf,1,10622,9.414422895876483e-05
losgelöst,1,10622,9.414422895876483e-05
länger,1,10622,9.414422895876483e-05
dünstet,1,10622,9.414422895876483e-05
mn,1,10622,9.414422895876483e-05
abeuds,1,10622,9.414422895876483e-05
ort,1,10622,9.414422895876483e-05
belonclere,1,10622,9.414422895876483e-05
granu,1,10622,9.414422895876483e-05
äaber,1,10622,9.414422895876483e-05
kuttelu,1,10622,9.414422895876483e-05
topfen,1,10622,9.414422895876483e-05
zngegebeu,1,10622,9.414422895876483e-05
gebliebene,1,10622,9.414422895876483e-05
geniekbare,1,10622,9.414422895876483e-05
>wck,1,10622,9.414422895876483e-05
erwäknte,1,10622,9.414422895876483e-05
u>icl,1,10622,9.414422895876483e-05
gens,1,10622,9.414422895876483e-05
schnur,1,10622,9.414422895876483e-05
reitungszeit,1,10622,9.414422895876483e-05
fleischbrühsuppen,1,10622,9.414422895876483e-05
viertelstunde,1,10622,9.414422895876483e-05
abgelöst,1,10622,9.414422895876483e-05
gauz,1,10622,9.414422895876483e-05
schälte,1,10622,9.414422895876483e-05
en,1,10622,9.414422895876483e-05
schweizerkase,1,10622,9.414422895876483e-05
gxlbe,1,10622,9.414422895876483e-05
verwenäet,1,10622,9.414422895876483e-05
fleischpfannknchen,1,10622,9.414422895876483e-05
feingeschnittenem,1,10622,9.414422895876483e-05
ausgestattete,1,10622,9.414422895876483e-05
wertvollsten,1,10622,9.414422895876483e-05
sparen,1,10622,9.414422895876483e-05
öericht,1,10622,9.414422895876483e-05
minute,1,10622,9.414422895876483e-05
überschmälzt,1,10622,9.414422895876483e-05
llätterpacks,1,10622,9.414422895876483e-05
obere,1,10622,9.414422895876483e-05
zischgericht,1,10622,9.414422895876483e-05
löfcht,1,10622,9.414422895876483e-05
großeu,1,10622,9.414422895876483e-05
feingewiegte,1,10622,9.414422895876483e-05
verrieben,1,10622,9.414422895876483e-05
clabei,1,10622,9.414422895876483e-05
birueu,1,10622,9.414422895876483e-05
bestreuen,1,10622,9.414422895876483e-05
lung,1,10622,9.414422895876483e-05
druck,1,10622,9.414422895876483e-05
zerschlagen,1,10622,9.414422895876483e-05
helte,1,10622,9.414422895876483e-05
grießschnitten,1,10622,9.414422895876483e-05
kinökleilch,1,10622,9.414422895876483e-05
laskeuer,1,10622,9.414422895876483e-05
wicktiger,1,10622,9.414422895876483e-05
hervorragend,1,10622,9.414422895876483e-05
reicklick,1,10622,9.414422895876483e-05
dreht,1,10622,9.414422895876483e-05
kartoffelpfannkucken,1,10622,9.414422895876483e-05
starkem,1,10622,9.414422895876483e-05
lädt,1,10622,9.414422895876483e-05
eigne,1,10622,9.414422895876483e-05
l^ettaukktrick,1,10622,9.414422895876483e-05
kartoffelschnitze,1,10622,9.414422895876483e-05
rosenkohlwasser,1,10622,9.414422895876483e-05
1s,1,10622,9.414422895876483e-05
i^,1,10622,9.414422895876483e-05
aufquellen,1,10622,9.414422895876483e-05
öes,1,10622,9.414422895876483e-05
mabnakmen,1,10622,9.414422895876483e-05
erbseu,1,10622,9.414422895876483e-05
königstraße,1,10622,9.414422895876483e-05
maisgries,1,10622,9.414422895876483e-05
bleiben,1,10622,9.414422895876483e-05
schrotmehlbrei,1,10622,9.414422895876483e-05
einweichwasser,1,10622,9.414422895876483e-05
puääings,1,10622,9.414422895876483e-05
datteln,1,10622,9.414422895876483e-05
zube,1,10622,9.414422895876483e-05
gekochtem,1,10622,9.414422895876483e-05
glatter,1,10622,9.414422895876483e-05
l^iesenlummen,1,10622,9.414422895876483e-05
fleischstücke,1,10622,9.414422895876483e-05
apselreis,1,10622,9.414422895876483e-05
lekr,1,10622,9.414422895876483e-05
semmelbröseln,1,10622,9.414422895876483e-05
gestrichelt,1,10622,9.414422895876483e-05
vorzuzieben,1,10622,9.414422895876483e-05
zugebunden,1,10622,9.414422895876483e-05
creiner,1,10622,9.414422895876483e-05
übergestreut,1,10622,9.414422895876483e-05
<4,1,10622,9.414422895876483e-05
gössen,1,10622,9.414422895876483e-05
wellholz,1,10622,9.414422895876483e-05
gegenwärtig,1,10622,9.414422895876483e-05
ss,1,10622,9.414422895876483e-05
sozusagen,1,10622,9.414422895876483e-05
lcjimein,1,10622,9.414422895876483e-05
aewascheuer,1,10622,9.414422895876483e-05
1vs,1,10622,9.414422895876483e-05
zwecke,1,10622,9.414422895876483e-05
üer,1,10622,9.414422895876483e-05
lparlam,1,10622,9.414422895876483e-05
deckel,1,10622,9.414422895876483e-05
leäulä,1,10622,9.414422895876483e-05
iliilch,1,10622,9.414422895876483e-05
verwende«,1,10622,9.414422895876483e-05
"reis""",1,10622,9.414422895876483e-05
gewöknt,1,10622,9.414422895876483e-05
söhnen,1,10622,9.414422895876483e-05
gewünschte,1,10622,9.414422895876483e-05
bratofen,1,10622,9.414422895876483e-05
obigen,1,10622,9.414422895876483e-05
scheibe,1,10622,9.414422895876483e-05
oüer,1,10622,9.414422895876483e-05
diele,1,10622,9.414422895876483e-05
teuer,1,10622,9.414422895876483e-05
nakrkait,1,10622,9.414422895876483e-05
großes,1,10622,9.414422895876483e-05
äieser,1,10622,9.414422895876483e-05
hineingegeben,1,10622,9.414422895876483e-05
halbierte,1,10622,9.414422895876483e-05
vbltmns,1,10622,9.414422895876483e-05
riebenes,1,10622,9.414422895876483e-05
fast,1,10622,9.414422895876483e-05
mifchfett,1,10622,9.414422895876483e-05
gesunde,1,10622,9.414422895876483e-05
hell,1,10622,9.414422895876483e-05
lpeilebrei,1,10622,9.414422895876483e-05
anmachen,1,10622,9.414422895876483e-05
cerkte,1,10622,9.414422895876483e-05
zutateu,1,10622,9.414422895876483e-05
frisches,1,10622,9.414422895876483e-05
äerben,1,10622,9.414422895876483e-05
sl^olenta,1,10622,9.414422895876483e-05
unser,1,10622,9.414422895876483e-05
fleifchmasse,1,10622,9.414422895876483e-05
brotscheiben,1,10622,9.414422895876483e-05
übergießt,1,10622,9.414422895876483e-05
weggegossen,1,10622,9.414422895876483e-05
zulammengekochl,1,10622,9.414422895876483e-05
auslassen,1,10622,9.414422895876483e-05
spinatsuppe,1,10622,9.414422895876483e-05
knrze,1,10622,9.414422895876483e-05
magere,1,10622,9.414422895876483e-05
manckes,1,10622,9.414422895876483e-05
schrotniehlbrei,1,10622,9.414422895876483e-05
i?aus,1,10622,9.414422895876483e-05
wiecler,1,10622,9.414422895876483e-05
lllöglickkcit,1,10622,9.414422895876483e-05
wein,1,10622,9.414422895876483e-05
belobnt,1,10622,9.414422895876483e-05
blumenkohlsuppe,1,10622,9.414422895876483e-05
gegen,1,10622,9.414422895876483e-05
nakrkakter,1,10622,9.414422895876483e-05
groben,1,10622,9.414422895876483e-05
rullig,1,10622,9.414422895876483e-05
liicklein,1,10622,9.414422895876483e-05
erfolg,1,10622,9.414422895876483e-05
wollen,1,10622,9.414422895876483e-05
reguliert,1,10622,9.414422895876483e-05
ocier,1,10622,9.414422895876483e-05
apfelbrei,1,10622,9.414422895876483e-05
gerostet,1,10622,9.414422895876483e-05
fs,1,10622,9.414422895876483e-05
einiger,1,10622,9.414422895876483e-05
siabrungs,1,10622,9.414422895876483e-05
kalbkleisch,1,10622,9.414422895876483e-05
geputzte,1,10622,9.414422895876483e-05
fettsorten,1,10622,9.414422895876483e-05
wichtigen,1,10622,9.414422895876483e-05
verar,1,10622,9.414422895876483e-05
le,1,10622,9.414422895876483e-05
wirst,1,10622,9.414422895876483e-05
verwenäung,1,10622,9.414422895876483e-05
gelbrübe,1,10622,9.414422895876483e-05
geräucherten,1,10622,9.414422895876483e-05
lrkolg,1,10622,9.414422895876483e-05
löffelweise,1,10622,9.414422895876483e-05
finger,1,10622,9.414422895876483e-05
warm,1,10622,9.414422895876483e-05
zugibt,1,10622,9.414422895876483e-05
bleibt,1,10622,9.414422895876483e-05
släkrsalze,1,10622,9.414422895876483e-05
schöpflöffelweise,1,10622,9.414422895876483e-05
verfügung,1,10622,9.414422895876483e-05
lerickt,1,10622,9.414422895876483e-05
6er,1,10622,9.414422895876483e-05
erträglick,1,10622,9.414422895876483e-05
uuter,1,10622,9.414422895876483e-05
brauu,1,10622,9.414422895876483e-05
zerteilt,1,10622,9.414422895876483e-05
frükjabr,1,10622,9.414422895876483e-05
kochlöffel,1,10622,9.414422895876483e-05
blutig,1,10622,9.414422895876483e-05
libltmus,1,10622,9.414422895876483e-05
abstokeuä,1,10622,9.414422895876483e-05
geriebenes,1,10622,9.414422895876483e-05
abgebürstet,1,10622,9.414422895876483e-05
beachtung,1,10622,9.414422895876483e-05
erste,1,10622,9.414422895876483e-05
"„kauen""",1,10622,9.414422895876483e-05
erlter,1,10622,9.414422895876483e-05
erklärlich,1,10622,9.414422895876483e-05
gewässerte,1,10622,9.414422895876483e-05
milchreis,1,10622,9.414422895876483e-05
gewaschenen,1,10622,9.414422895876483e-05
füllt,1,10622,9.414422895876483e-05
naturreis,1,10622,9.414422895876483e-05
kartosfelschnitten,1,10622,9.414422895876483e-05
kartoffelscheiben,1,10622,9.414422895876483e-05
menge,1,10622,9.414422895876483e-05
serviette,1,10622,9.414422895876483e-05
naäit,1,10622,9.414422895876483e-05
schnee,1,10622,9.414422895876483e-05
lauber,1,10622,9.414422895876483e-05
rartoffelfchmarren,1,10622,9.414422895876483e-05
znr,1,10622,9.414422895876483e-05
jetzigen,1,10622,9.414422895876483e-05
unausgewaäilene,1,10622,9.414422895876483e-05
ern,1,10622,9.414422895876483e-05
tiefe,1,10622,9.414422895876483e-05
unabkängig,1,10622,9.414422895876483e-05
gefüllt,1,10622,9.414422895876483e-05
feigen,1,10622,9.414422895876483e-05
richtet,1,10622,9.414422895876483e-05
bratenknochen,1,10622,9.414422895876483e-05
zo,1,10622,9.414422895876483e-05
intensives,1,10622,9.414422895876483e-05
2t,1,10622,9.414422895876483e-05
ersparnis,1,10622,9.414422895876483e-05
kröse,1,10622,9.414422895876483e-05
sje,1,10622,9.414422895876483e-05
grunde,1,10622,9.414422895876483e-05
zisch,1,10622,9.414422895876483e-05
lappen,1,10622,9.414422895876483e-05
dr,1,10622,9.414422895876483e-05
lakruug,1,10622,9.414422895876483e-05
grießschmarren,1,10622,9.414422895876483e-05
kalbskops,1,10622,9.414422895876483e-05
jahreszeit,1,10622,9.414422895876483e-05
opfern,1,10622,9.414422895876483e-05
beideu,1,10622,9.414422895876483e-05
?ngeliinger,1,10622,9.414422895876483e-05
kapier,1,10622,9.414422895876483e-05
abgezogen,1,10622,9.414422895876483e-05
verlzraucken,1,10622,9.414422895876483e-05
roggeninehl,1,10622,9.414422895876483e-05
30^,1,10622,9.414422895876483e-05
äark,1,10622,9.414422895876483e-05
seiträge,1,10622,9.414422895876483e-05
verlange,1,10622,9.414422895876483e-05
neissuppe,1,10622,9.414422895876483e-05
kasserolle,1,10622,9.414422895876483e-05
beimisä,1,10622,9.414422895876483e-05
grahammehl,1,10622,9.414422895876483e-05
hinzu,1,10622,9.414422895876483e-05
clrauben,1,10622,9.414422895876483e-05
erforderlich,1,10622,9.414422895876483e-05
l?erä,1,10622,9.414422895876483e-05
erstere,1,10622,9.414422895876483e-05
lckalen,1,10622,9.414422895876483e-05
kasserol,1,10622,9.414422895876483e-05
s^rncktläften,1,10622,9.414422895876483e-05
pfauukuchen,1,10622,9.414422895876483e-05
heere,1,10622,9.414422895876483e-05
zubinden,1,10622,9.414422895876483e-05
munäe,1,10622,9.414422895876483e-05
zinn,1,10622,9.414422895876483e-05
verfügbaren,1,10622,9.414422895876483e-05
kalbsfuß,1,10622,9.414422895876483e-05
kungern,1,10622,9.414422895876483e-05
frau,1,10622,9.414422895876483e-05
mannigfaltigsten,1,10622,9.414422895876483e-05
läuglicheu,1,10622,9.414422895876483e-05
erünäen,1,10622,9.414422895876483e-05
stnnde,1,10622,9.414422895876483e-05
feines,1,10622,9.414422895876483e-05
hals,1,10622,9.414422895876483e-05
gleichzeitiges,1,10622,9.414422895876483e-05
aui,1,10622,9.414422895876483e-05
körpers,1,10622,9.414422895876483e-05
gebraucken,1,10622,9.414422895876483e-05
durchgetrieben,1,10622,9.414422895876483e-05
gleich,1,10622,9.414422895876483e-05
verweuäung,1,10622,9.414422895876483e-05
blatter,1,10622,9.414422895876483e-05
slumenkohlsuppe,1,10622,9.414422895876483e-05
wertvoll,1,10622,9.414422895876483e-05
äpsel,1,10622,9.414422895876483e-05
bestreute,1,10622,9.414422895876483e-05
vorznzieken,1,10622,9.414422895876483e-05
fruchtsaft,1,10622,9.414422895876483e-05
witt,1,10622,9.414422895876483e-05
^ettreste,1,10622,9.414422895876483e-05
nackäeni,1,10622,9.414422895876483e-05
durchschneiden,1,10622,9.414422895876483e-05
maschine,1,10622,9.414422895876483e-05
käle,1,10622,9.414422895876483e-05
geschnittenes,1,10622,9.414422895876483e-05
angegeben,1,10622,9.414422895876483e-05
nuswakl,1,10622,9.414422895876483e-05
kartoffelwasser,1,10622,9.414422895876483e-05
wurst,1,10622,9.414422895876483e-05
nlgstrake,1,10622,9.414422895876483e-05
manchmal,1,10622,9.414422895876483e-05
keine,1,10622,9.414422895876483e-05
kartoffelwürfel,1,10622,9.414422895876483e-05
lpeilezettel,1,10622,9.414422895876483e-05
obllnms,1,10622,9.414422895876483e-05
gerichten,1,10622,9.414422895876483e-05
ökters,1,10622,9.414422895876483e-05
äiefes,1,10622,9.414422895876483e-05
letzte,1,10622,9.414422895876483e-05
knolle,1,10622,9.414422895876483e-05
millionen,1,10622,9.414422895876483e-05
backofeu,1,10622,9.414422895876483e-05
balt,1,10622,9.414422895876483e-05
oiwwlllh,1,10622,9.414422895876483e-05
hierauf,1,10622,9.414422895876483e-05
heutlcken,1,10622,9.414422895876483e-05
besseres,1,10622,9.414422895876483e-05
butterersah,1,10622,9.414422895876483e-05
mitgebraten,1,10622,9.414422895876483e-05
beigegeben,1,10622,9.414422895876483e-05
gekvchte,1,10622,9.414422895876483e-05
2z,1,10622,9.414422895876483e-05
"union""",1,10622,9.414422895876483e-05
öerichte,1,10622,9.414422895876483e-05
körper,1,10622,9.414422895876483e-05
saitenwürstchen,1,10622,9.414422895876483e-05
wicktigen,1,10622,9.414422895876483e-05
?rocluktion,1,10622,9.414422895876483e-05
lvnrlt,1,10622,9.414422895876483e-05
kucheu,1,10622,9.414422895876483e-05
sieden,1,10622,9.414422895876483e-05
l7,1,10622,9.414422895876483e-05
hälfte,1,10622,9.414422895876483e-05
zerschnitten,1,10622,9.414422895876483e-05
zieht,1,10622,9.414422895876483e-05
^usammenge,1,10622,9.414422895876483e-05
knttelu,1,10622,9.414422895876483e-05
lemüserelte,1,10622,9.414422895876483e-05
6i,1,10622,9.414422895876483e-05
salzt,1,10622,9.414422895876483e-05
gerade,1,10622,9.414422895876483e-05
sparsamsten,1,10622,9.414422895876483e-05
knapper,1,10622,9.414422895876483e-05
köpfe,1,10622,9.414422895876483e-05
kotelette,1,10622,9.414422895876483e-05
lauwarmem,1,10622,9.414422895876483e-05
billiges,1,10622,9.414422895876483e-05
gemengt,1,10622,9.414422895876483e-05
verbältnismälzig,1,10622,9.414422895876483e-05
kartoffelsalat,1,10622,9.414422895876483e-05
flpfelreis,1,10622,9.414422895876483e-05
unler,1,10622,9.414422895876483e-05
su,1,10622,9.414422895876483e-05
srüber,1,10622,9.414422895876483e-05
lät,1,10622,9.414422895876483e-05
besteckte,1,10622,9.414422895876483e-05
erreickt,1,10622,9.414422895876483e-05
ledark,1,10622,9.414422895876483e-05
reibeisen,1,10622,9.414422895876483e-05
frischer,1,10622,9.414422895876483e-05
sllan,1,10622,9.414422895876483e-05
gekaut,1,10622,9.414422895876483e-05
vielleicht,1,10622,9.414422895876483e-05
l^euerungs,1,10622,9.414422895876483e-05
kielte,1,10622,9.414422895876483e-05
rriegszeitung,1,10622,9.414422895876483e-05
stuu,1,10622,9.414422895876483e-05
illagen,1,10622,9.414422895876483e-05
strichene,1,10622,9.414422895876483e-05
frblen,1,10622,9.414422895876483e-05
zelöpostbriefe,1,10622,9.414422895876483e-05
entbebren,1,10622,9.414422895876483e-05
ellen,1,10622,9.414422895876483e-05
eingerührt,1,10622,9.414422895876483e-05
iraker,1,10622,9.414422895876483e-05
heft,1,10622,9.414422895876483e-05
leste,1,10622,9.414422895876483e-05
u?ei?engries,1,10622,9.414422895876483e-05
herausgestocheueu,1,10622,9.414422895876483e-05
berstellen,1,10622,9.414422895876483e-05
übergossen,1,10622,9.414422895876483e-05
angebrüht,1,10622,9.414422895876483e-05
wachsenen,1,10622,9.414422895876483e-05
leiclen,1,10622,9.414422895876483e-05
lntbekrungen,1,10622,9.414422895876483e-05
unterlage,1,10622,9.414422895876483e-05
neibekuchenl,1,10622,9.414422895876483e-05
schinken,1,10622,9.414422895876483e-05
seefsteaks,1,10622,9.414422895876483e-05
vergeuäet,1,10622,9.414422895876483e-05
häufigem,1,10622,9.414422895876483e-05
abendessen,1,10622,9.414422895876483e-05
extra,1,10622,9.414422895876483e-05
nahmkartoffeln,1,10622,9.414422895876483e-05
braune,1,10622,9.414422895876483e-05
^erausgeh,1,10622,9.414422895876483e-05
verwenöung,1,10622,9.414422895876483e-05
weinbeeren,1,10622,9.414422895876483e-05
sraten,1,10622,9.414422895876483e-05
prinzip,1,10622,9.414422895876483e-05
zunützen,1,10622,9.414422895876483e-05
"„üurcjilialten""",1,10622,9.414422895876483e-05
he,1,10622,9.414422895876483e-05
hart,1,10622,9.414422895876483e-05
ziviebel,1,10622,9.414422895876483e-05
^lleu,1,10622,9.414422895876483e-05
rücken,1,10622,9.414422895876483e-05
ikr,1,10622,9.414422895876483e-05
pseikler,1,10622,9.414422895876483e-05
dein,1,10622,9.414422895876483e-05
lackpulver,1,10622,9.414422895876483e-05
lliebkutter,1,10622,9.414422895876483e-05
ken,1,10622,9.414422895876483e-05
5ett,1,10622,9.414422895876483e-05
ebensogut,1,10622,9.414422895876483e-05
geht,1,10622,9.414422895876483e-05
kein,1,10622,9.414422895876483e-05
geseihte,1,10622,9.414422895876483e-05
gemachtes,1,10622,9.414422895876483e-05
viereckige,1,10622,9.414422895876483e-05
^llen,1,10622,9.414422895876483e-05
gegangenen,1,10622,9.414422895876483e-05
lcknell,1,10622,9.414422895876483e-05
boden,1,10622,9.414422895876483e-05
unten,1,10622,9.414422895876483e-05
verwende,1,10622,9.414422895876483e-05
solcke,1,10622,9.414422895876483e-05
kucken,1,10622,9.414422895876483e-05
erst,1,10622,9.414422895876483e-05
zchellkisch,1,10622,9.414422895876483e-05
schalkartoffeln,1,10622,9.414422895876483e-05
brustkern,1,10622,9.414422895876483e-05
leibst,1,10622,9.414422895876483e-05
lckleckten,1,10622,9.414422895876483e-05
1?,1,10622,9.414422895876483e-05
gehalten,1,10622,9.414422895876483e-05
leiäer,1,10622,9.414422895876483e-05
schwanzstuck,1,10622,9.414422895876483e-05
unnötig,1,10622,9.414422895876483e-05
bodeukohlralien,1,10622,9.414422895876483e-05
tapkeren,1,10622,9.414422895876483e-05
sicli,1,10622,9.414422895876483e-05
sofort,1,10622,9.414422895876483e-05
itlöglicklt,1,10622,9.414422895876483e-05
zulammengemisckt,1,10622,9.414422895876483e-05
i^öräerung,1,10622,9.414422895876483e-05
geringeren,1,10622,9.414422895876483e-05
5lrt,1,10622,9.414422895876483e-05
gsfizieren,1,10622,9.414422895876483e-05
gewüräigt,1,10622,9.414422895876483e-05
ralbsfuß,1,10622,9.414422895876483e-05
xgl,1,10622,9.414422895876483e-05
sodann,1,10622,9.414422895876483e-05
rübenwasser,1,10622,9.414422895876483e-05
beessteaks,1,10622,9.414422895876483e-05
grobem,1,10622,9.414422895876483e-05
währeuddesseu,1,10622,9.414422895876483e-05
bereiten,1,10622,9.414422895876483e-05
lollen,1,10622,9.414422895876483e-05
ihilck,1,10622,9.414422895876483e-05
nnä,1,10622,9.414422895876483e-05
dämpsen,1,10622,9.414422895876483e-05
wien,1,10622,9.414422895876483e-05
veräankt,1,10622,9.414422895876483e-05
schönere,1,10622,9.414422895876483e-05
nakrkakte,1,10622,9.414422895876483e-05
grießschinarren,1,10622,9.414422895876483e-05
frischem,1,10622,9.414422895876483e-05
schweizerkäfe,1,10622,9.414422895876483e-05
sauerampfer,1,10622,9.414422895876483e-05
rosen,1,10622,9.414422895876483e-05
mittun?,1,10622,9.414422895876483e-05
nußkotelettcn,1,10622,9.414422895876483e-05
grünkern,1,10622,9.414422895876483e-05
reich,1,10622,9.414422895876483e-05
psd>,1,10622,9.414422895876483e-05
ausgebreitet,1,10622,9.414422895876483e-05
geschmack,1,10622,9.414422895876483e-05
srühe,1,10622,9.414422895876483e-05
leluuäbeit,1,10622,9.414422895876483e-05
wickeln,1,10622,9.414422895876483e-05
verschobene,1,10622,9.414422895876483e-05
mv,1,10622,9.414422895876483e-05
k^leilck,1,10622,9.414422895876483e-05
auflanfsorm,1,10622,9.414422895876483e-05
zwiebelschmälze,1,10622,9.414422895876483e-05
l^olenta,1,10622,9.414422895876483e-05
ausgenommen,1,10622,9.414422895876483e-05
löchlein,1,10622,9.414422895876483e-05
möglick,1,10622,9.414422895876483e-05
ög,1,10622,9.414422895876483e-05
zugeben,1,10622,9.414422895876483e-05
anpallen,1,10622,9.414422895876483e-05
nährwert,1,10622,9.414422895876483e-05
aukzubewabren,1,10622,9.414422895876483e-05
kops,1,10622,9.414422895876483e-05
nahrhafte,1,10622,9.414422895876483e-05
letten,1,10622,9.414422895876483e-05
strent,1,10622,9.414422895876483e-05
rartoffelgemüse,1,10622,9.414422895876483e-05
kochenden,1,10622,9.414422895876483e-05
lüber,1,10622,9.414422895876483e-05
vvn,1,10622,9.414422895876483e-05
em,1,10622,9.414422895876483e-05
bnttersoße,1,10622,9.414422895876483e-05
mischfett,1,10622,9.414422895876483e-05
sauerampser,1,10622,9.414422895876483e-05
llie,1,10622,9.414422895876483e-05
verlage,1,10622,9.414422895876483e-05
augen,1,10622,9.414422895876483e-05
<ine,1,10622,9.414422895876483e-05
ernltbast,1,10622,9.414422895876483e-05
znbereituug,1,10622,9.414422895876483e-05
scharfen,1,10622,9.414422895876483e-05
audern,1,10622,9.414422895876483e-05
rnnde,1,10622,9.414422895876483e-05
^oder,1,10622,9.414422895876483e-05
nabruugswerte,1,10622,9.414422895876483e-05
?kennige,1,10622,9.414422895876483e-05
sieht,1,10622,9.414422895876483e-05
vo>,1,10622,9.414422895876483e-05
ten,1,10622,9.414422895876483e-05
ankochen,1,10622,9.414422895876483e-05
mengt,1,10622,9.414422895876483e-05
ivette,1,10622,9.414422895876483e-05
vertreten,1,10622,9.414422895876483e-05
mnb,1,10622,9.414422895876483e-05
fülle,1,10622,9.414422895876483e-05
gesalzen,1,10622,9.414422895876483e-05
mekr,1,10622,9.414422895876483e-05
kartofkelkücklein,1,10622,9.414422895876483e-05
genug,1,10622,9.414422895876483e-05
tops,1,10622,9.414422895876483e-05
linzel,1,10622,9.414422895876483e-05
ss?er,1,10622,9.414422895876483e-05
l^reis,1,10622,9.414422895876483e-05
bevorzugen,1,10622,9.414422895876483e-05
nekmen,1,10622,9.414422895876483e-05
gebrauckt,1,10622,9.414422895876483e-05
osbu6?ärucker,1,10622,9.414422895876483e-05
verwenänng,1,10622,9.414422895876483e-05
knchenteig,1,10622,9.414422895876483e-05
kleingehackt,1,10622,9.414422895876483e-05
abgetrocknet,1,10622,9.414422895876483e-05
k^rt,1,10622,9.414422895876483e-05
krautwickeln,1,10622,9.414422895876483e-05
reib,1,10622,9.414422895876483e-05
follle,1,10622,9.414422895876483e-05
ansgemablen,1,10622,9.414422895876483e-05
herz,1,10622,9.414422895876483e-05
«,1,10622,9.414422895876483e-05
dar,1,10622,9.414422895876483e-05
erscheint,1,10622,9.414422895876483e-05
riebele,1,10622,9.414422895876483e-05
großer,1,10622,9.414422895876483e-05
ausgenutzt,1,10622,9.414422895876483e-05
etwaiges,1,10622,9.414422895876483e-05
schoß,1,10622,9.414422895876483e-05
union,1,10622,9.414422895876483e-05
verbranch,1,10622,9.414422895876483e-05
frühjahr,1,10622,9.414422895876483e-05
vvr,1,10622,9.414422895876483e-05
bohuen,1,10622,9.414422895876483e-05
treten,1,10622,9.414422895876483e-05
kingewiesen,1,10622,9.414422895876483e-05
gewürzt,1,10622,9.414422895876483e-05
tropfen,1,10622,9.414422895876483e-05
schone,1,10622,9.414422895876483e-05
rütteln,1,10622,9.414422895876483e-05
kriegsernährung,1,10622,9.414422895876483e-05
clnnnen,1,10622,9.414422895876483e-05
harte,1,10622,9.414422895876483e-05
vieklutter,1,10622,9.414422895876483e-05
papier,1,10622,9.414422895876483e-05
achten,1,10622,9.414422895876483e-05
kochtops,1,10622,9.414422895876483e-05
kockkilteneinricktung,1,10622,9.414422895876483e-05
lckwackem,1,10622,9.414422895876483e-05
gerickte,1,10622,9.414422895876483e-05
xriegsernädrung,1,10622,9.414422895876483e-05
seile,1,10622,9.414422895876483e-05
gerstenschleimsuppe,1,10622,9.414422895876483e-05
lerickten,1,10622,9.414422895876483e-05
geschlossenem,1,10622,9.414422895876483e-05
lobr,1,10622,9.414422895876483e-05
ablöschen,1,10622,9.414422895876483e-05
anäauert,1,10622,9.414422895876483e-05
eignet,1,10622,9.414422895876483e-05
eingeschränkt,1,10622,9.414422895876483e-05
riebenen,1,10622,9.414422895876483e-05
aufgabe,1,10622,9.414422895876483e-05
stange,1,10622,9.414422895876483e-05
uebst,1,10622,9.414422895876483e-05
lllenlciien,1,10622,9.414422895876483e-05
peläe,1,10622,9.414422895876483e-05
rundes,1,10622,9.414422895876483e-05
eszlöffel,1,10622,9.414422895876483e-05
k^ette,1,10622,9.414422895876483e-05
b?w,1,10622,9.414422895876483e-05
umge,1,10622,9.414422895876483e-05
irinken,1,10622,9.414422895876483e-05
iliaklzeiten,1,10622,9.414422895876483e-05
rohen,1,10622,9.414422895876483e-05
brat,1,10622,9.414422895876483e-05
backeu,1,10622,9.414422895876483e-05
gekochtes,1,10622,9.414422895876483e-05
lrwacksene,1,10622,9.414422895876483e-05
verkält,1,10622,9.414422895876483e-05
angekockt,1,10622,9.414422895876483e-05
flei,1,10622,9.414422895876483e-05
brotstücke,1,10622,9.414422895876483e-05
verlckwenäen,1,10622,9.414422895876483e-05
zparlam,1,10622,9.414422895876483e-05
augemacht,1,10622,9.414422895876483e-05
klar,1,10622,9.414422895876483e-05
schmer,1,10622,9.414422895876483e-05
fakren,1,10622,9.414422895876483e-05
anss,1,10622,9.414422895876483e-05
zieheu,1,10622,9.414422895876483e-05
kartoffelrädchen,1,10622,9.414422895876483e-05
wiäitiges,1,10622,9.414422895876483e-05
erbsengemüse,1,10622,9.414422895876483e-05
tische,1,10622,9.414422895876483e-05
glatten,1,10622,9.414422895876483e-05
k^ettrekte,1,10622,9.414422895876483e-05
nomme>i,1,10622,9.414422895876483e-05
päckchen,1,10622,9.414422895876483e-05
saiten,1,10622,9.414422895876483e-05
ko,1,10622,9.414422895876483e-05
nahrhaft,1,10622,9.414422895876483e-05
lries,1,10622,9.414422895876483e-05
herausgegeben,1,10622,9.414422895876483e-05
streichen,1,10622,9.414422895876483e-05
ein?u,1,10622,9.414422895876483e-05
arbeitet,1,10622,9.414422895876483e-05
linwobner,1,10622,9.414422895876483e-05
entkält,1,10622,9.414422895876483e-05
schmälzt,1,10622,9.414422895876483e-05
uabrbaiter,1,10622,9.414422895876483e-05
nabrbaftes,1,10622,9.414422895876483e-05
porm,1,10622,9.414422895876483e-05
ente,1,10622,9.414422895876483e-05
mögliclilt,1,10622,9.414422895876483e-05
abwechselnd,1,10622,9.414422895876483e-05
verdünnt,1,10622,9.414422895876483e-05
wobl,1,10622,9.414422895876483e-05
kinäen,1,10622,9.414422895876483e-05
seiht,1,10622,9.414422895876483e-05
gewöbnlick,1,10622,9.414422895876483e-05
warmen,1,10622,9.414422895876483e-05
stunöen,1,10622,9.414422895876483e-05
uleizenmebl,1,10622,9.414422895876483e-05
blasen,1,10622,9.414422895876483e-05
wenigsten,1,10622,9.414422895876483e-05
indem,1,10622,9.414422895876483e-05
breie,1,10622,9.414422895876483e-05
5>nkocben,1,10622,9.414422895876483e-05
schwein,1,10622,9.414422895876483e-05
wirci,1,10622,9.414422895876483e-05
marine,1,10622,9.414422895876483e-05
znin,1,10622,9.414422895876483e-05
viele,1,10622,9.414422895876483e-05
seefifch,1,10622,9.414422895876483e-05
wafser,1,10622,9.414422895876483e-05
ouark,1,10622,9.414422895876483e-05
llurcklpeickeln,1,10622,9.414422895876483e-05
lolange,1,10622,9.414422895876483e-05
zuck«,1,10622,9.414422895876483e-05
xorn,1,10622,9.414422895876483e-05
steifen,1,10622,9.414422895876483e-05
ktlilck,1,10622,9.414422895876483e-05
kirschen,1,10622,9.414422895876483e-05
äicker,1,10622,9.414422895876483e-05
weißniehl,1,10622,9.414422895876483e-05
halsstück,1,10622,9.414422895876483e-05
dnrch,1,10622,9.414422895876483e-05
back,1,10622,9.414422895876483e-05
llpker,1,10622,9.414422895876483e-05
schichtweise,1,10622,9.414422895876483e-05
genngen,1,10622,9.414422895876483e-05
nochmals,1,10622,9.414422895876483e-05
massersuppe,1,10622,9.414422895876483e-05
mitte,1,10622,9.414422895876483e-05
abenäs,1,10622,9.414422895876483e-05
gröbere,1,10622,9.414422895876483e-05
weichdämpfen,1,10622,9.414422895876483e-05
nalirbast,1,10622,9.414422895876483e-05
flüssigen,1,10622,9.414422895876483e-05
bilkt,1,10622,9.414422895876483e-05
gebrochenen,1,10622,9.414422895876483e-05
butterstückcheu,1,10622,9.414422895876483e-05
geränch,1,10622,9.414422895876483e-05
bedingte,1,10622,9.414422895876483e-05
hilfe,1,10622,9.414422895876483e-05
km,1,10622,9.414422895876483e-05
iveißer,1,10622,9.414422895876483e-05
üiese,1,10622,9.414422895876483e-05
zugegossen,1,10622,9.414422895876483e-05
siud,1,10622,9.414422895876483e-05
npfelpfannkucheu,1,10622,9.414422895876483e-05
probekloß,1,10622,9.414422895876483e-05
äußeren,1,10622,9.414422895876483e-05
fester,1,10622,9.414422895876483e-05
emailschüssel,1,10622,9.414422895876483e-05
öffnen,1,10622,9.414422895876483e-05
loläaten,1,10622,9.414422895876483e-05
7v,1,10622,9.414422895876483e-05
kaffee,1,10622,9.414422895876483e-05
liufen,1,10622,9.414422895876483e-05
aukeinanäergelegt,1,10622,9.414422895876483e-05
riebene,1,10622,9.414422895876483e-05
fleischresten,1,10622,9.414422895876483e-05
stürzt,1,10622,9.414422895876483e-05
keis,1,10622,9.414422895876483e-05
gefetzt,1,10622,9.414422895876483e-05
l^eis^ukukr,1,10622,9.414422895876483e-05
zische,1,10622,9.414422895876483e-05
eßlöffeln,1,10622,9.414422895876483e-05
sammeln,1,10622,9.414422895876483e-05
lolllen,1,10622,9.414422895876483e-05
salzfleisch,1,10622,9.414422895876483e-05
kebrtelte,1,10622,9.414422895876483e-05
verdaulich,1,10622,9.414422895876483e-05
überzwerch,1,10622,9.414422895876483e-05
stäubtes,1,10622,9.414422895876483e-05
kartoffelgemüse,1,10622,9.414422895876483e-05
eingefüllt,1,10622,9.414422895876483e-05
fiabrungszusubr,1,10622,9.414422895876483e-05
weräenj,1,10622,9.414422895876483e-05
linie,1,10622,9.414422895876483e-05
zeitungsblätter,1,10622,9.414422895876483e-05
feingeschnitte,1,10622,9.414422895876483e-05
schweizerkäse,1,10622,9.414422895876483e-05
ergänzen,1,10622,9.414422895876483e-05
kämpfern,1,10622,9.414422895876483e-05
wnrcle,1,10622,9.414422895876483e-05
zpeilen,1,10622,9.414422895876483e-05
zauermilck,1,10622,9.414422895876483e-05
entbalten,1,10622,9.414422895876483e-05
ilnlckung,1,10622,9.414422895876483e-05
naßgemachten,1,10622,9.414422895876483e-05
fleilcji,1,10622,9.414422895876483e-05
vollauf,1,10622,9.414422895876483e-05
brotrinde,1,10622,9.414422895876483e-05
deutsche,1,10622,9.414422895876483e-05
mi,1,10622,9.414422895876483e-05
allgemeine,1,10622,9.414422895876483e-05
ersparen,1,10622,9.414422895876483e-05
zweckmäkig,1,10622,9.414422895876483e-05
sebr,1,10622,9.414422895876483e-05
vollständig,1,10622,9.414422895876483e-05
abgeschüttet,1,10622,9.414422895876483e-05
lanwarmer,1,10622,9.414422895876483e-05
grainm,1,10622,9.414422895876483e-05
cken,1,10622,9.414422895876483e-05
schlechten,1,10622,9.414422895876483e-05
eiusüllen,1,10622,9.414422895876483e-05
?z,1,10622,9.414422895876483e-05
erlisen,1,10622,9.414422895876483e-05
slumenkohl,1,10622,9.414422895876483e-05
eigenen,1,10622,9.414422895876483e-05
sauerampfersuppe,1,10622,9.414422895876483e-05
gebranute,1,10622,9.414422895876483e-05
2^stangen,1,10622,9.414422895876483e-05
gesammelt,1,10622,9.414422895876483e-05
rotrübengemüse,1,10622,9.414422895876483e-05
rem,1,10622,9.414422895876483e-05
rührlöffel,1,10622,9.414422895876483e-05
sparlame,1,10622,9.414422895876483e-05
kloßbrühsuppe,1,10622,9.414422895876483e-05
bazar,1,10622,9.414422895876483e-05
mitdämpsen,1,10622,9.414422895876483e-05
lparsamkeit,1,10622,9.414422895876483e-05
eines,1,10622,9.414422895876483e-05
luxusmittel,1,10622,9.414422895876483e-05
spickschoß,1,10622,9.414422895876483e-05
^rnäkrnng,1,10622,9.414422895876483e-05
was,1,10622,9.414422895876483e-05
lrotrelte,1,10622,9.414422895876483e-05
krautblätter,1,10622,9.414422895876483e-05
bohnengemüse,1,10622,9.414422895876483e-05
winterkohl,1,10622,9.414422895876483e-05
käfe,1,10622,9.414422895876483e-05
gekcklagen,1,10622,9.414422895876483e-05
