ngram,count,total_words,frequency
man,340,8914,0.03814224814897913
und,278,8914,0.03118689701593
die,219,8914,0.024568095131254207
mit,166,8914,0.018622391743325105
zu,152,8914,0.017051828584249494
sie,137,8914,0.015369082342382769
in,130,8914,0.014583800762844963
so,106,8914,0.0118914067758582
der,94,8914,0.010545209782364819
ist,85,8914,0.009535562037244783
pf,80,8914,0.008974646623289208
das,79,8914,0.008862463540498093
den,76,8914,0.008525914292124747
oder,75,8914,0.008413731209333633
gut,71,8914,0.007964998878169172
es,66,8914,0.007404083464213597
läßt,66,8914,0.007404083464213597
von,64,8914,0.0071797172986313666
kartoffeln,58,8914,0.0065066188018846755
milch,58,8914,0.0065066188018846755
etwas,58,8914,0.0065066188018846755
nicht,56,8914,0.006282252636302446
eine,55,8914,0.006170069553511331
sich,54,8914,0.006057886470720216
ein,52,8914,0.005833520305137985
werden,51,8914,0.00572133722234687
nach,48,8914,0.0053847879739735245
1,46,8914,0.005160421808391295
wasser,45,8914,0.00504823872560018
wird,45,8914,0.00504823872560018
ab,44,8914,0.004936055642809065
grieß,43,8914,0.004823872560017949
butter,43,8914,0.004823872560017949
auf,41,8914,0.004599506394435719
salz,37,8914,0.004150774063271258
dann,37,8914,0.004150774063271258
auch,36,8914,0.004038590980480144
wie,35,8914,0.003926407897689029
verwendet,34,8914,0.003814224814897913
dazu,33,8914,0.0037020417321067985
dem,33,8914,0.0037020417321067985
sind,32,8914,0.0035898586493156833
bis,32,8914,0.0035898586493156833
salat,31,8914,0.003477675566524568
erst,31,8914,0.003477675566524568
gramm,31,8914,0.003477675566524568
als,31,8914,0.003477675566524568
kann,31,8914,0.003477675566524568
nur,30,8914,0.003365492483733453
2,30,8914,0.003365492483733453
am,28,8914,0.003141126318151223
wenn,26,8914,0.0029167601525689926
an,26,8914,0.0029167601525689926
einen,26,8914,0.0029167601525689926
weich,26,8914,0.0029167601525689926
kocht,25,8914,0.0028045770697778774
gießt,25,8914,0.0028045770697778774
nimmt,24,8914,0.0026923939869867622
zum,24,8914,0.0026923939869867622
ihn,24,8914,0.0026923939869867622
er,22,8914,0.0024680278214045323
gemüse,22,8914,0.0024680278214045323
mehr,22,8914,0.0024680278214045323
hat,22,8914,0.0024680278214045323
tut,22,8914,0.0024680278214045323
fett,22,8914,0.0024680278214045323
kilo,21,8914,0.002355844738613417
noch,21,8914,0.002355844738613417
vom,21,8914,0.002355844738613417
masse,20,8914,0.002243661655822302
da,20,8914,0.002243661655822302
gekocht,20,8914,0.002243661655822302
um,19,8914,0.0021314785730311868
suppe,19,8914,0.0021314785730311868
lauch,19,8914,0.0021314785730311868
einer,19,8914,0.0021314785730311868
alles,18,8914,0.002019295490240072
blätter,18,8914,0.002019295490240072
gibt,18,8914,0.002019295490240072
aus,18,8914,0.002019295490240072
fertig,18,8914,0.002019295490240072
ohne,18,8914,0.002019295490240072
gekochte,18,8914,0.002019295490240072
mehl,18,8914,0.002019295490240072
vorher,18,8914,0.002019295490240072
fleisch,18,8914,0.002019295490240072
schaum,18,8914,0.002019295490240072
ei,17,8914,0.0019071124074489566
zwiebeln,17,8914,0.0019071124074489566
salzwasser,17,8914,0.0019071124074489566
einige,17,8914,0.0019071124074489566
durch,17,8914,0.0019071124074489566
5,17,8914,0.0019071124074489566
zur,17,8914,0.0019071124074489566
zucker,17,8914,0.0019071124074489566
essig,17,8914,0.0019071124074489566
diese,17,8914,0.0019071124074489566
verwenden,16,8914,0.0017949293246578416
aber,16,8914,0.0017949293246578416
pfeffer,16,8914,0.0017949293246578416
zeit,16,8914,0.0017949293246578416
dieselben,16,8914,0.0017949293246578416
kartoffel,16,8914,0.0017949293246578416
ver,16,8914,0.0017949293246578416
mau,16,8914,0.0017949293246578416
einem,15,8914,0.0016827462418667265
vermengt,15,8914,0.0016827462418667265
sehr,15,8914,0.0016827462418667265
will,15,8914,0.0016827462418667265
speck,15,8914,0.0016827462418667265
nnd,15,8914,0.0016827462418667265
für,15,8914,0.0016827462418667265
tage,14,8914,0.0015705631590756115
sein,14,8914,0.0015705631590756115
ganz,14,8914,0.0015705631590756115
petersilie,14,8914,0.0015705631590756115
3,14,8914,0.0015705631590756115
setzt,14,8914,0.0015705631590756115
ebenso,14,8914,0.0015705631590756115
bereitet,14,8914,0.0015705631590756115
schneidet,13,8914,0.0014583800762844963
oel,13,8914,0.0014583800762844963
vor,13,8914,0.0014583800762844963
besten,13,8914,0.0014583800762844963
beim,13,8914,0.0014583800762844963
eier,13,8914,0.0014583800762844963
macht,13,8914,0.0014583800762844963
topf,12,8914,0.0013461969934933811
damit,12,8914,0.0013461969934933811
zuletzt,12,8914,0.0013461969934933811
rührt,12,8914,0.0013461969934933811
haben,12,8914,0.0013461969934933811
im,12,8914,0.0013461969934933811
alle,12,8914,0.0013461969934933811
stehen,12,8914,0.0013461969934933811
muß,12,8914,0.0013461969934933811
20,11,8914,0.0012340139107022662
brühe,11,8914,0.0012340139107022662
kuchen,11,8914,0.0012340139107022662
genau,11,8914,0.0012340139107022662
teig,11,8914,0.0012340139107022662
kosten,11,8914,0.0012340139107022662
gute,11,8914,0.0012340139107022662
seite,11,8914,0.0012340139107022662
backen,10,8914,0.001121830827911151
eßlöffel,10,8914,0.001121830827911151
summa,10,8914,0.001121830827911151
weißkraut,10,8914,0.001121830827911151
kochen,10,8914,0.001121830827911151
tunke,10,8914,0.001121830827911151
erkalten,10,8914,0.001121830827911151
ge,10,8914,0.001121830827911151
verrührt,10,8914,0.001121830827911151
kleine,10,8914,0.001121830827911151
hälfte,10,8914,0.001121830827911151
nochmals,9,8914,0.001009647745120036
darin,9,8914,0.001009647745120036
brandkäse,9,8914,0.001009647745120036
ochsena,9,8914,0.001009647745120036
mark,9,8914,0.001009647745120036
schmeckt,9,8914,0.001009647745120036
denn,9,8914,0.001009647745120036
grünkernschrot,9,8914,0.001009647745120036
wirsing,9,8914,0.001009647745120036
brötchen,9,8914,0.001009647745120036
zubereitet,9,8914,0.001009647745120036
nudeln,9,8914,0.001009647745120036
matte,9,8914,0.001009647745120036
gerieben,9,8914,0.001009647745120036
darf,9,8914,0.001009647745120036
daß,9,8914,0.001009647745120036
uud,9,8914,0.001009647745120036
bei,9,8914,0.001009647745120036
dieselbe,9,8914,0.001009647745120036
geriebene,9,8914,0.001009647745120036
knochen,8,8914,0.0008974646623289208
gar,8,8914,0.0008974646623289208
kar,8,8914,0.0008974646623289208
legt,8,8914,0.0008974646623289208
wer,8,8914,0.0008974646623289208
stellt,8,8914,0.0008974646623289208
toffeln,8,8914,0.0008974646623289208
braucht,8,8914,0.0008974646623289208
zutaten,8,8914,0.0008974646623289208
backt,8,8914,0.0008974646623289208
rohe,8,8914,0.0008974646623289208
muskat,8,8914,0.0008974646623289208
jedoch,8,8914,0.0008974646623289208
wieder,8,8914,0.0008974646623289208
füllung,8,8914,0.0008974646623289208
über,8,8914,0.0008974646623289208
125,8,8914,0.0008974646623289208
form,8,8914,0.0008974646623289208
schon,8,8914,0.0008974646623289208
heraus,8,8914,0.0008974646623289208
oben,8,8914,0.0008974646623289208
teil,8,8914,0.0008974646623289208
frisch,8,8914,0.0008974646623289208
ungefähr,7,8914,0.0007852815795378057
backpulver,7,8914,0.0007852815795378057
stich,7,8914,0.0007852815795378057
geschnitten,7,8914,0.0007852815795378057
mahlzeit,7,8914,0.0007852815795378057
schüssel,7,8914,0.0007852815795378057
nun,7,8914,0.0007852815795378057
fleischbrühe,7,8914,0.0007852815795378057
indem,7,8914,0.0007852815795378057
rippchen,7,8914,0.0007852815795378057
halb,7,8914,0.0007852815795378057
w,7,8914,0.0007852815795378057
viel,7,8914,0.0007852815795378057
ziehen,7,8914,0.0007852815795378057
stunde,7,8914,0.0007852815795378057
dadurch,7,8914,0.0007852815795378057
liter,7,8914,0.0007852815795378057
warm,7,8914,0.0007852815795378057
schale,7,8914,0.0007852815795378057
zubereitung,7,8914,0.0007852815795378057
daran,7,8914,0.0007852815795378057
sehe,7,8914,0.0007852815795378057
kartoffelschaum,7,8914,0.0007852815795378057
z,7,8914,0.0007852815795378057
andere,7,8914,0.0007852815795378057
füllt,7,8914,0.0007852815795378057
pilze,7,8914,0.0007852815795378057
ofen,7,8914,0.0007852815795378057
anstatt,7,8914,0.0007852815795378057
drückt,7,8914,0.0007852815795378057
prise,7,8914,0.0007852815795378057
leicht,7,8914,0.0007852815795378057
hand,7,8914,0.0007852815795378057
sauerkraut,7,8914,0.0007852815795378057
schön,7,8914,0.0007852815795378057
10,7,8914,0.0007852815795378057
b,7,8914,0.0007852815795378057
dieser,7,8914,0.0007852815795378057
welche,7,8914,0.0007852815795378057
kümmel,7,8914,0.0007852815795378057
teller,7,8914,0.0007852815795378057
6,7,8914,0.0007852815795378057
sieb,7,8914,0.0007852815795378057
rahm,7,8914,0.0007852815795378057
bestreut,6,8914,0.0006730984967466906
verwendung,6,8914,0.0006730984967466906
brühwasser,6,8914,0.0006730984967466906
bereiten,6,8914,0.0006730984967466906
gebraten,6,8914,0.0006730984967466906
brei,6,8914,0.0006730984967466906
30,6,8914,0.0006730984967466906
25,6,8914,0.0006730984967466906
zn,6,8914,0.0006730984967466906
später,6,8914,0.0006730984967466906
rindsfett,6,8914,0.0006730984967466906
heiß,6,8914,0.0006730984967466906
keine,6,8914,0.0006730984967466906
entstanden,6,8914,0.0006730984967466906
rezepte,6,8914,0.0006730984967466906
gerührt,6,8914,0.0006730984967466906
grünkohl,6,8914,0.0006730984967466906
je,6,8914,0.0006730984967466906
lassen,6,8914,0.0006730984967466906
dieses,6,8914,0.0006730984967466906
zusammen,6,8914,0.0006730984967466906
eignet,6,8914,0.0006730984967466906
geben,6,8914,0.0006730984967466906
mehlige,6,8914,0.0006730984967466906
feinem,6,8914,0.0006730984967466906
verlängern,6,8914,0.0006730984967466906
immer,6,8914,0.0006730984967466906
abtropfen,6,8914,0.0006730984967466906
grünen,6,8914,0.0006730984967466906
stückchen,6,8914,0.0006730984967466906
fein,6,8914,0.0006730984967466906
hausfrau,6,8914,0.0006730984967466906
häring,6,8914,0.0006730984967466906
personen,6,8914,0.0006730984967466906
nachdem,6,8914,0.0006730984967466906
weise,6,8914,0.0006730984967466906
sofort,6,8914,0.0006730984967466906
250,6,8914,0.0006730984967466906
hinein,6,8914,0.0006730984967466906
weniger,6,8914,0.0006730984967466906
sodaß,6,8914,0.0006730984967466906
viele,6,8914,0.0006730984967466906
mahlzeiten,5,8914,0.0005609154139555755
zwiebel,5,8914,0.0005609154139555755
rosenkohlmark,5,8914,0.0005609154139555755
deckt,5,8914,0.0005609154139555755
wo,5,8914,0.0005609154139555755
schmecken,5,8914,0.0005609154139555755
11,5,8914,0.0005609154139555755
brüht,5,8914,0.0005609154139555755
morgen,5,8914,0.0005609154139555755
spinat,5,8914,0.0005609154139555755
kohlrabi,5,8914,0.0005609154139555755
formt,5,8914,0.0005609154139555755
essen,5,8914,0.0005609154139555755
gleich,5,8914,0.0005609154139555755
kefir,5,8914,0.0005609154139555755
braten,5,8914,0.0005609154139555755
besser,5,8914,0.0005609154139555755
mk,5,8914,0.0005609154139555755
4,5,8914,0.0005609154139555755
stunden,5,8914,0.0005609154139555755
empfiehlt,5,8914,0.0005609154139555755
seinen,5,8914,0.0005609154139555755
jede,5,8914,0.0005609154139555755
entfernt,5,8914,0.0005609154139555755
geschält,5,8914,0.0005609154139555755
groben,5,8914,0.0005609154139555755
pfanne,5,8914,0.0005609154139555755
des,5,8914,0.0005609154139555755
gemüsen,5,8914,0.0005609154139555755
häringe,5,8914,0.0005609154139555755
gehört,5,8914,0.0005609154139555755
sonst,5,8914,0.0005609154139555755
dasselbe,5,8914,0.0005609154139555755
löffelweise,5,8914,0.0005609154139555755
geschmack,5,8914,0.0005609154139555755
schnee,5,8914,0.0005609154139555755
doch,5,8914,0.0005609154139555755
gebacken,5,8914,0.0005609154139555755
rezept,5,8914,0.0005609154139555755
feinen,5,8914,0.0005609154139555755
gnt,5,8914,0.0005609154139555755
reis,5,8914,0.0005609154139555755
8,5,8914,0.0005609154139555755
bevor,5,8914,0.0005609154139555755
soviel,5,8914,0.0005609154139555755
weichgekocht,5,8914,0.0005609154139555755
kaltem,5,8914,0.0005609154139555755
pudding,5,8914,0.0005609154139555755
jetzt,5,8914,0.0005609154139555755
hellgelb,5,8914,0.0005609154139555755
scheibchen,5,8914,0.0005609154139555755
kurz,5,8914,0.0005609154139555755
inzwischen,5,8914,0.0005609154139555755
art,5,8914,0.0005609154139555755
wenden,5,8914,0.0005609154139555755
besonders,5,8914,0.0005609154139555755
fleischklößchen,5,8914,0.0005609154139555755
wendet,5,8914,0.0005609154139555755
fleischrippchen,4,8914,0.0004487323311644604
anderen,4,8914,0.0004487323311644604
hausfrauen,4,8914,0.0004487323311644604
wälzt,4,8914,0.0004487323311644604
können,4,8914,0.0004487323311644604
voll,4,8914,0.0004487323311644604
zwei,4,8914,0.0004487323311644604
streut,4,8914,0.0004487323311644604
denselben,4,8914,0.0004487323311644604
nosenkohlmark,4,8914,0.0004487323311644604
24,4,8914,0.0004487323311644604
länger,4,8914,0.0004487323311644604
grießschwitze,4,8914,0.0004487323311644604
heißes,4,8914,0.0004487323311644604
weiße,4,8914,0.0004487323311644604
verfährt,4,8914,0.0004487323311644604
abkühlen,4,8914,0.0004487323311644604
ergibt,4,8914,0.0004487323311644604
geschlagen,4,8914,0.0004487323311644604
reichlich,4,8914,0.0004487323311644604
heiße,4,8914,0.0004487323311644604
derselbe,4,8914,0.0004487323311644604
eierkuchen,4,8914,0.0004487323311644604
^,4,8914,0.0004487323311644604
unten,4,8914,0.0004487323311644604
23,4,8914,0.0004487323311644604
päckchen,4,8914,0.0004487323311644604
erhält,4,8914,0.0004487323311644604
löst,4,8914,0.0004487323311644604
klöße,4,8914,0.0004487323311644604
einmal,4,8914,0.0004487323311644604
kochendes,4,8914,0.0004487323311644604
spült,4,8914,0.0004487323311644604
nehmen,4,8914,0.0004487323311644604
hellen,4,8914,0.0004487323311644604
zwiebelmasse,4,8914,0.0004487323311644604
hinzu,4,8914,0.0004487323311644604
schlägt,4,8914,0.0004487323311644604
kartoffelsuppe,4,8914,0.0004487323311644604
alsdann,4,8914,0.0004487323311644604
dies,4,8914,0.0004487323311644604
sür,4,8914,0.0004487323311644604
stück,4,8914,0.0004487323311644604
vegetarische,4,8914,0.0004487323311644604
gelassen,4,8914,0.0004487323311644604
eiweiß,4,8914,0.0004487323311644604
abgegossen,4,8914,0.0004487323311644604
verlängert,4,8914,0.0004487323311644604
herausnehmen,4,8914,0.0004487323311644604
vorsuppe,4,8914,0.0004487323311644604
anrichten,4,8914,0.0004487323311644604
was,4,8914,0.0004487323311644604
eigelb,4,8914,0.0004487323311644604
speise,4,8914,0.0004487323311644604
liebt,4,8914,0.0004487323311644604
grünkern,4,8914,0.0004487323311644604
nötig,4,8914,0.0004487323311644604
meine,4,8914,0.0004487323311644604
hält,4,8914,0.0004487323311644604
vermischt,4,8914,0.0004487323311644604
belegt,4,8914,0.0004487323311644604
22,4,8914,0.0004487323311644604
fast,4,8914,0.0004487323311644604
reibt,4,8914,0.0004487323311644604
trocken,4,8914,0.0004487323311644604
salzkartoffeln,4,8914,0.0004487323311644604
suppen,4,8914,0.0004487323311644604
ganze,4,8914,0.0004487323311644604
scheibe,4,8914,0.0004487323311644604
andern,4,8914,0.0004487323311644604
einlaufen,4,8914,0.0004487323311644604
davon,4,8914,0.0004487323311644604
speisen,4,8914,0.0004487323311644604
versuch,4,8914,0.0004487323311644604
i,4,8914,0.0004487323311644604
spargel,4,8914,0.0004487323311644604
schält,4,8914,0.0004487323311644604
kommen,3,8914,0.0003365492483733453
15,3,8914,0.0003365492483733453
schmälzt,3,8914,0.0003365492483733453
375,3,8914,0.0003365492483733453
reicht,3,8914,0.0003365492483733453
pfannkuchen,3,8914,0.0003365492483733453
zugedeckt,3,8914,0.0003365492483733453
mitte,3,8914,0.0003365492483733453
nahrhaft,3,8914,0.0003365492483733453
fort,3,8914,0.0003365492483733453
lauchwasser,3,8914,0.0003365492483733453
grießbrei,3,8914,0.0003365492483733453
sogar,3,8914,0.0003365492483733453
bestreicht,3,8914,0.0003365492483733453
deshalb,3,8914,0.0003365492483733453
richtet,3,8914,0.0003365492483733453
stücke,3,8914,0.0003365492483733453
ebenfalls,3,8914,0.0003365492483733453
wohlschmeckende,3,8914,0.0003365492483733453
breite,3,8914,0.0003365492483733453
wurst,3,8914,0.0003365492483733453
teurer,3,8914,0.0003365492483733453
200,3,8914,0.0003365492483733453
zweite,3,8914,0.0003365492483733453
deutschen,3,8914,0.0003365492483733453
bleiben,3,8914,0.0003365492483733453
dickem,3,8914,0.0003365492483733453
heißem,3,8914,0.0003365492483733453
gutes,3,8914,0.0003365492483733453
grünzeug,3,8914,0.0003365492483733453
verkehrt,3,8914,0.0003365492483733453
äußersten,3,8914,0.0003365492483733453
ziemlich,3,8914,0.0003365492483733453
entsteht,3,8914,0.0003365492483733453
zerdrückt,3,8914,0.0003365492483733453
preise,3,8914,0.0003365492483733453
käse,3,8914,0.0003365492483733453
nehme,3,8914,0.0003365492483733453
verwandt,3,8914,0.0003365492483733453
vanille,3,8914,0.0003365492483733453
belieben,3,8914,0.0003365492483733453
mandeln,3,8914,0.0003365492483733453
12,3,8914,0.0003365492483733453
seine,3,8914,0.0003365492483733453
welches,3,8914,0.0003365492483733453
übergießt,3,8914,0.0003365492483733453
früher,3,8914,0.0003365492483733453
heißen,3,8914,0.0003365492483733453
desto,3,8914,0.0003365492483733453
d,3,8914,0.0003365492483733453
geraten,3,8914,0.0003365492483733453
durchziehen,3,8914,0.0003365492483733453
manches,3,8914,0.0003365492483733453
scheiben,3,8914,0.0003365492483733453
erkaltet,3,8914,0.0003365492483733453
mengt,3,8914,0.0003365492483733453
nahrhafte,3,8914,0.0003365492483733453
zitronen,3,8914,0.0003365492483733453
deckel,3,8914,0.0003365492483733453
abend,3,8914,0.0003365492483733453
jedem,3,8914,0.0003365492483733453
sellerie,3,8914,0.0003365492483733453
kartoffelbrei,3,8914,0.0003365492483733453
dunklen,3,8914,0.0003365492483733453
allen,3,8914,0.0003365492483733453
abgeschnitten,3,8914,0.0003365492483733453
tag,3,8914,0.0003365492483733453
40,3,8914,0.0003365492483733453
blatt,3,8914,0.0003365492483733453
bratet,3,8914,0.0003365492483733453
getan,3,8914,0.0003365492483733453
sei,3,8914,0.0003365492483733453
durchkochen,3,8914,0.0003365492483733453
zimt,3,8914,0.0003365492483733453
verlag,3,8914,0.0003365492483733453
brot,3,8914,0.0003365492483733453
dick,3,8914,0.0003365492483733453
verbunden,3,8914,0.0003365492483733453
kraut,3,8914,0.0003365492483733453
stellen,3,8914,0.0003365492483733453
rings,3,8914,0.0003365492483733453
daraus,3,8914,0.0003365492483733453
sondern,3,8914,0.0003365492483733453
recht,3,8914,0.0003365492483733453
einzeln,3,8914,0.0003365492483733453
fertigen,3,8914,0.0003365492483733453
kochende,3,8914,0.0003365492483733453
mittelgroße,3,8914,0.0003365492483733453
jeden,3,8914,0.0003365492483733453
heute,3,8914,0.0003365492483733453
fest,3,8914,0.0003365492483733453
längliche,3,8914,0.0003365492483733453
verdicken,3,8914,0.0003365492483733453
100,3,8914,0.0003365492483733453
schnell,3,8914,0.0003365492483733453
gegeben,3,8914,0.0003365492483733453
während,3,8914,0.0003365492483733453
gebrüht,3,8914,0.0003365492483733453
kloß,3,8914,0.0003365492483733453
mehrmals,3,8914,0.0003365492483733453
durchgebacken,3,8914,0.0003365492483733453
quillt,3,8914,0.0003365492483733453
kommt,3,8914,0.0003365492483733453
halbes,3,8914,0.0003365492483733453
hier,3,8914,0.0003365492483733453
stengel,3,8914,0.0003365492483733453
waffer,3,8914,0.0003365492483733453
gehen,3,8914,0.0003365492483733453
festen,3,8914,0.0003365492483733453
zubereitete,3,8914,0.0003365492483733453
gestiegen,3,8914,0.0003365492483733453
gr,3,8914,0.0003365492483733453
schöne,3,8914,0.0003365492483733453
äußeren,3,8914,0.0003365492483733453
kartoffelkuchen,3,8914,0.0003365492483733453
paßt,3,8914,0.0003365492483733453
ersetzt,3,8914,0.0003365492483733453
große,3,8914,0.0003365492483733453
billig,3,8914,0.0003365492483733453
überzeugen,3,8914,0.0003365492483733453
land,3,8914,0.0003365492483733453
vorhergehend,3,8914,0.0003365492483733453
sämig,3,8914,0.0003365492483733453
selbe,3,8914,0.0003365492483733453
wenig,3,8914,0.0003365492483733453
behandelt,3,8914,0.0003365492483733453
nudelartig,3,8914,0.0003365492483733453
ausgenommen,3,8914,0.0003365492483733453
ans,3,8914,0.0003365492483733453
ob,3,8914,0.0003365492483733453
beides,3,8914,0.0003365492483733453
gelegt,3,8914,0.0003365492483733453
vermehren,3,8914,0.0003365492483733453
trägt,3,8914,0.0003365492483733453
kohl,3,8914,0.0003365492483733453
saftig,3,8914,0.0003365492483733453
zerquirlt,3,8914,0.0003365492483733453
verdickt,3,8914,0.0003365492483733453
hellbraun,3,8914,0.0003365492483733453
trocknen,3,8914,0.0003365492483733453
19,3,8914,0.0003365492483733453
abgeschmeckt,3,8914,0.0003365492483733453
herd,3,8914,0.0003365492483733453
meerrettich,3,8914,0.0003365492483733453
vs,3,8914,0.0003365492483733453
guter,3,8914,0.0003365492483733453
schlotten,3,8914,0.0003365492483733453
verfeinern,3,8914,0.0003365492483733453
salzt,2,8914,0.0002243661655822302
hart,2,8914,0.0002243661655822302
weiter,2,8914,0.0002243661655822302
genug,2,8914,0.0002243661655822302
feineren,2,8914,0.0002243661655822302
glasig,2,8914,0.0002243661655822302
faden,2,8914,0.0002243661655822302
ausgebraten,2,8914,0.0002243661655822302
geputzt,2,8914,0.0002243661655822302
kefirmilch,2,8914,0.0002243661655822302
seiten,2,8914,0.0002243661655822302
herstellen,2,8914,0.0002243661655822302
allem,2,8914,0.0002243661655822302
gieße,2,8914,0.0002243661655822302
angegeben,2,8914,0.0002243661655822302
berechnet,2,8914,0.0002243661655822302
hitze,2,8914,0.0002243661655822302
feingeschnittene,2,8914,0.0002243661655822302
beschrieben,2,8914,0.0002243661655822302
hefenstückchen,2,8914,0.0002243661655822302
setze,2,8914,0.0002243661655822302
vorzug,2,8914,0.0002243661655822302
wiegt,2,8914,0.0002243661655822302
steht,2,8914,0.0002243661655822302
dein,2,8914,0.0002243661655822302
liegen,2,8914,0.0002243661655822302
geriebenen,2,8914,0.0002243661655822302
vorzüglich,2,8914,0.0002243661655822302
messerrücken,2,8914,0.0002243661655822302
reinigt,2,8914,0.0002243661655822302
mischung,2,8914,0.0002243661655822302
leider,2,8914,0.0002243661655822302
goldgelb,2,8914,0.0002243661655822302
darüber,2,8914,0.0002243661655822302
>,2,8914,0.0002243661655822302
riebene,2,8914,0.0002243661655822302
aufgelöst,2,8914,0.0002243661655822302
schwenkt,2,8914,0.0002243661655822302
tisch,2,8914,0.0002243661655822302
feuer,2,8914,0.0002243661655822302
frischem,2,8914,0.0002243661655822302
stangen,2,8914,0.0002243661655822302
erste,2,8914,0.0002243661655822302
trockene,2,8914,0.0002243661655822302
60,2,8914,0.0002243661655822302
gewöhnt,2,8914,0.0002243661655822302
starkes,2,8914,0.0002243661655822302
grießschmelze,2,8914,0.0002243661655822302
entbrennt,2,8914,0.0002243661655822302
zumal,2,8914,0.0002243661655822302
drei,2,8914,0.0002243661655822302
vou,2,8914,0.0002243661655822302
kohlgemüse,2,8914,0.0002243661655822302
schmackhaft,2,8914,0.0002243661655822302
halten,2,8914,0.0002243661655822302
zwiebelkuchen,2,8914,0.0002243661655822302
rolle,2,8914,0.0002243661655822302
aufgegangen,2,8914,0.0002243661655822302
infolge,2,8914,0.0002243661655822302
jeder,2,8914,0.0002243661655822302
machen,2,8914,0.0002243661655822302
sowie,2,8914,0.0002243661655822302
lasse,2,8914,0.0002243661655822302
sieht,2,8914,0.0002243661655822302
genommen,2,8914,0.0002243661655822302
geschnittene,2,8914,0.0002243661655822302
13,2,8914,0.0002243661655822302
offen,2,8914,0.0002243661655822302
wirsingbrühe,2,8914,0.0002243661655822302
abgekühlt,2,8914,0.0002243661655822302
mahl,2,8914,0.0002243661655822302
staude,2,8914,0.0002243661655822302
einigen,2,8914,0.0002243661655822302
wirklich,2,8914,0.0002243661655822302
genügend,2,8914,0.0002243661655822302
geschieht,2,8914,0.0002243661655822302
sobald,2,8914,0.0002243661655822302
erde,2,8914,0.0002243661655822302
fällt,2,8914,0.0002243661655822302
allein,2,8914,0.0002243661655822302
eignen,2,8914,0.0002243661655822302
beiden,2,8914,0.0002243661655822302
zerschnitten,2,8914,0.0002243661655822302
verwende,2,8914,0.0002243661655822302
dessen,2,8914,0.0002243661655822302
fleischgeschmack,2,8914,0.0002243661655822302
möhren,2,8914,0.0002243661655822302
druck,2,8914,0.0002243661655822302
wäscht,2,8914,0.0002243661655822302
zukunft,2,8914,0.0002243661655822302
gabel,2,8914,0.0002243661655822302
angebraten,2,8914,0.0002243661655822302
be,2,8914,0.0002243661655822302
worin,2,8914,0.0002243661655822302
haferflocken,2,8914,0.0002243661655822302
nebeneinander,2,8914,0.0002243661655822302
lange,2,8914,0.0002243661655822302
schlechte,2,8914,0.0002243661655822302
findet,2,8914,0.0002243661655822302
zieht,2,8914,0.0002243661655822302
vt,2,8914,0.0002243661655822302
würzt,2,8914,0.0002243661655822302
schmälze,2,8914,0.0002243661655822302
h,2,8914,0.0002243661655822302
unter,2,8914,0.0002243661655822302
bekommen,2,8914,0.0002243661655822302
rotkraut,2,8914,0.0002243661655822302
keller,2,8914,0.0002243661655822302
lauchwurzeln,2,8914,0.0002243661655822302
ebensogut,2,8914,0.0002243661655822302
rollt,2,8914,0.0002243661655822302
kühlen,2,8914,0.0002243661655822302
ausge,2,8914,0.0002243661655822302
gewachsen,2,8914,0.0002243661655822302
sparsam,2,8914,0.0002243661655822302
verkauf,2,8914,0.0002243661655822302
gewiegt,2,8914,0.0002243661655822302
bald,2,8914,0.0002243661655822302
nian,2,8914,0.0002243661655822302
dämpfen,2,8914,0.0002243661655822302
fruchtsaft,2,8914,0.0002243661655822302
gerechnet,2,8914,0.0002243661655822302
tuch,2,8914,0.0002243661655822302
zusatz,2,8914,0.0002243661655822302
angesetzt,2,8914,0.0002243661655822302
locker,2,8914,0.0002243661655822302
gericht,2,8914,0.0002243661655822302
7,2,8914,0.0002243661655822302
geschehen,2,8914,0.0002243661655822302
bedingung,2,8914,0.0002243661655822302
dunkelgrüne,2,8914,0.0002243661655822302
streifen,2,8914,0.0002243661655822302
bedeutend,2,8914,0.0002243661655822302
lose,2,8914,0.0002243661655822302
darauf,2,8914,0.0002243661655822302
fisch,2,8914,0.0002243661655822302
gewinnt,2,8914,0.0002243661655822302
nahrhafter,2,8914,0.0002243661655822302
dünn,2,8914,0.0002243661655822302
tische,2,8914,0.0002243661655822302
angerührt,2,8914,0.0002243661655822302
falschen,2,8914,0.0002243661655822302
klops,2,8914,0.0002243661655822302
öfters,2,8914,0.0002243661655822302
pilzen,2,8914,0.0002243661655822302
laßt,2,8914,0.0002243661655822302
minuten,2,8914,0.0002243661655822302
belag,2,8914,0.0002243661655822302
chen,2,8914,0.0002243661655822302
eierkuchenpulver,2,8914,0.0002243661655822302
mw,2,8914,0.0002243661655822302
verrühren,2,8914,0.0002243661655822302
roh,2,8914,0.0002243661655822302
luftdicht,2,8914,0.0002243661655822302
nacht,2,8914,0.0002243661655822302
melde,2,8914,0.0002243661655822302
täglich,2,8914,0.0002243661655822302
zuvor,2,8914,0.0002243661655822302
reiben,2,8914,0.0002243661655822302
geht,2,8914,0.0002243661655822302
warmem,2,8914,0.0002243661655822302
schnittlauch,2,8914,0.0002243661655822302
warmen,2,8914,0.0002243661655822302
hasen,2,8914,0.0002243661655822302
neben,2,8914,0.0002243661655822302
passend,2,8914,0.0002243661655822302
größere,2,8914,0.0002243661655822302
kräftig,2,8914,0.0002243661655822302
nasse,2,8914,0.0002243661655822302
folgendermaßen,2,8914,0.0002243661655822302
un,2,8914,0.0002243661655822302
gewässert,2,8914,0.0002243661655822302
klößen,2,8914,0.0002243661655822302
abgebrüht,2,8914,0.0002243661655822302
45,2,8914,0.0002243661655822302
holzige,2,8914,0.0002243661655822302
bekommt,2,8914,0.0002243661655822302
vertiefung,2,8914,0.0002243661655822302
l,2,8914,0.0002243661655822302
büchlein,2,8914,0.0002243661655822302
eisenach,2,8914,0.0002243661655822302
gereicht,2,8914,0.0002243661655822302
ten,2,8914,0.0002243661655822302
ja,2,8914,0.0002243661655822302
wässerige,2,8914,0.0002243661655822302
langsam,2,8914,0.0002243661655822302
ps,2,8914,0.0002243661655822302
nie,2,8914,0.0002243661655822302
richtige,2,8914,0.0002243661655822302
fangt,2,8914,0.0002243661655822302
verfeinert,2,8914,0.0002243661655822302
feste,2,8914,0.0002243661655822302
bleibt,2,8914,0.0002243661655822302
abgewaschen,2,8914,0.0002243661655822302
brotaufstrich,2,8914,0.0002243661655822302
iu,2,8914,0.0002243661655822302
grünkernbrei,2,8914,0.0002243661655822302
gereinigt,2,8914,0.0002243661655822302
soll,2,8914,0.0002243661655822302
bratröhre,2,8914,0.0002243661655822302
mann,2,8914,0.0002243661655822302
mir,2,8914,0.0002243661655822302
unbedingt,2,8914,0.0002243661655822302
hafermehl,2,8914,0.0002243661655822302
grüner,2,8914,0.0002243661655822302
neue,2,8914,0.0002243661655822302
schiebt,2,8914,0.0002243661655822302
kochenden,2,8914,0.0002243661655822302
fester,2,8914,0.0002243661655822302
v,2,8914,0.0002243661655822302
dicke,2,8914,0.0002243661655822302
gehörig,2,8914,0.0002243661655822302
mein,2,8914,0.0002243661655822302
gequirlt,2,8914,0.0002243661655822302
billigsten,2,8914,0.0002243661655822302
ausgedrückt,2,8914,0.0002243661655822302
ich,2,8914,0.0002243661655822302
tnt,2,8914,0.0002243661655822302
gebratener,2,8914,0.0002243661655822302
dampf,2,8914,0.0002243661655822302
tagelang,2,8914,0.0002243661655822302
geformt,2,8914,0.0002243661655822302
v2,2,8914,0.0002243661655822302
uicht,2,8914,0.0002243661655822302
kinder,2,8914,0.0002243661655822302
erforderlich,2,8914,0.0002243661655822302
holzigen,2,8914,0.0002243661655822302
begießt,2,8914,0.0002243661655822302
wurzeln,2,8914,0.0002243661655822302
kalt,2,8914,0.0002243661655822302
saueren,2,8914,0.0002243661655822302
eifert,2,8914,0.0002243661655822302
haarsieb,2,8914,0.0002243661655822302
anbraten,2,8914,0.0002243661655822302
längere,2,8914,0.0002243661655822302
nichts,2,8914,0.0002243661655822302
wohlschmeckend,2,8914,0.0002243661655822302
flüssig,2,8914,0.0002243661655822302
zuerst,2,8914,0.0002243661655822302
gargekocht,2,8914,0.0002243661655822302
gesalzen,2,8914,0.0002243661655822302
kochte,2,8914,0.0002243661655822302
750,2,8914,0.0002243661655822302
vier,2,8914,0.0002243661655822302
verdirbt,2,8914,0.0002243661655822302
darunter,2,8914,0.0002243661655822302
richten,2,8914,0.0002243661655822302
teile,2,8914,0.0002243661655822302
meinen,2,8914,0.0002243661655822302
länglich,2,8914,0.0002243661655822302
graupen,2,8914,0.0002243661655822302
dürfen,2,8914,0.0002243661655822302
deck,2,8914,0.0002243661655822302
semmelkrumen,2,8914,0.0002243661655822302
dritte,2,8914,0.0002243661655822302
14,2,8914,0.0002243661655822302
75,2,8914,0.0002243661655822302
www,2,8914,0.0002243661655822302
mehlig,2,8914,0.0002243661655822302
mehrere,2,8914,0.0002243661655822302
gemacht,2,8914,0.0002243661655822302
25v,2,8914,0.0002243661655822302
klümpchen,2,8914,0.0002243661655822302
stark,2,8914,0.0002243661655822302
gebt,1,8914,0.0001121830827911151
obenauf,1,8914,0.0001121830827911151
hammel,1,8914,0.0001121830827911151
gnter,1,8914,0.0001121830827911151
gegenteil,1,8914,0.0001121830827911151
denke,1,8914,0.0001121830827911151
desgleichen,1,8914,0.0001121830827911151
zitronensaft,1,8914,0.0001121830827911151
sago,1,8914,0.0001121830827911151
ansangt,1,8914,0.0001121830827911151
fertige,1,8914,0.0001121830827911151
handvoll,1,8914,0.0001121830827911151
verwirken,1,8914,0.0001121830827911151
bröt,1,8914,0.0001121830827911151
häringstunke,1,8914,0.0001121830827911151
wollenes,1,8914,0.0001121830827911151
ochseua,1,8914,0.0001121830827911151
erspart,1,8914,0.0001121830827911151
nnein,1,8914,0.0001121830827911151
eins,1,8914,0.0001121830827911151
backe,1,8914,0.0001121830827911151
sog,1,8914,0.0001121830827911151
tuches,1,8914,0.0001121830827911151
tüchtige,1,8914,0.0001121830827911151
manchmal,1,8914,0.0001121830827911151
fuchte,1,8914,0.0001121830827911151
zarten,1,8914,0.0001121830827911151
treibe,1,8914,0.0001121830827911151
menge,1,8914,0.0001121830827911151
mehunals,1,8914,0.0001121830827911151
folgenden,1,8914,0.0001121830827911151
wurzelwer,1,8914,0.0001121830827911151
sommer,1,8914,0.0001121830827911151
glauben,1,8914,0.0001121830827911151
weiß,1,8914,0.0001121830827911151
6v,1,8914,0.0001121830827911151
umgekehrt,1,8914,0.0001121830827911151
manche,1,8914,0.0001121830827911151
geieinigt,1,8914,0.0001121830827911151
besteht,1,8914,0.0001121830827911151
zart,1,8914,0.0001121830827911151
verdorbenes,1,8914,0.0001121830827911151
großes,1,8914,0.0001121830827911151
loren,1,8914,0.0001121830827911151
bu,1,8914,0.0001121830827911151
hackt,1,8914,0.0001121830827911151
beliebt,1,8914,0.0001121830827911151
lohnt,1,8914,0.0001121830827911151
gefülltem,1,8914,0.0001121830827911151
bewirkt,1,8914,0.0001121830827911151
kartoffelklöhe,1,8914,0.0001121830827911151
pro,1,8914,0.0001121830827911151
bestreichen,1,8914,0.0001121830827911151
niger,1,8914,0.0001121830827911151
hefe,1,8914,0.0001121830827911151
mahlreite,1,8914,0.0001121830827911151
kochherd,1,8914,0.0001121830827911151
vegetarisch,1,8914,0.0001121830827911151
rührkllchen,1,8914,0.0001121830827911151
linseubrei,1,8914,0.0001121830827911151
abgeriebenen,1,8914,0.0001121830827911151
abermals,1,8914,0.0001121830827911151
gestanden,1,8914,0.0001121830827911151
2k,1,8914,0.0001121830827911151
billige,1,8914,0.0001121830827911151
erwärmt,1,8914,0.0001121830827911151
drücken,1,8914,0.0001121830827911151
brühwassers,1,8914,0.0001121830827911151
vis,1,8914,0.0001121830827911151
wiegen,1,8914,0.0001121830827911151
stürzen,1,8914,0.0001121830827911151
strünke,1,8914,0.0001121830827911151
zeitungen,1,8914,0.0001121830827911151
300,1,8914,0.0001121830827911151
stärke,1,8914,0.0001121830827911151
ausspülen,1,8914,0.0001121830827911151
bruchreis,1,8914,0.0001121830827911151
höher,1,8914,0.0001121830827911151
sheck,1,8914,0.0001121830827911151
uach,1,8914,0.0001121830827911151
winler,1,8914,0.0001121830827911151
sauer,1,8914,0.0001121830827911151
erscheinen,1,8914,0.0001121830827911151
kostenrechnung,1,8914,0.0001121830827911151
vegetarischen,1,8914,0.0001121830827911151
untergemengt,1,8914,0.0001121830827911151
mal,1,8914,0.0001121830827911151
erbsen,1,8914,0.0001121830827911151
anfragen,1,8914,0.0001121830827911151
beschaffen,1,8914,0.0001121830827911151
2v^,1,8914,0.0001121830827911151
mitkochen,1,8914,0.0001121830827911151
kloine,1,8914,0.0001121830827911151
vorowea,1,8914,0.0001121830827911151
kohlrabiblätter,1,8914,0.0001121830827911151
genebenen,1,8914,0.0001121830827911151
weglassen,1,8914,0.0001121830827911151
kvcht,1,8914,0.0001121830827911151
strunkes,1,8914,0.0001121830827911151
haar,1,8914,0.0001121830827911151
essenszeit,1,8914,0.0001121830827911151
keim,1,8914,0.0001121830827911151
davan,1,8914,0.0001121830827911151
sämige,1,8914,0.0001121830827911151
säuerlich,1,8914,0.0001121830827911151
trocknet,1,8914,0.0001121830827911151
verträgt,1,8914,0.0001121830827911151
auseinander,1,8914,0.0001121830827911151
behaftet,1,8914,0.0001121830827911151
fallen,1,8914,0.0001121830827911151
ansang,1,8914,0.0001121830827911151
feinge,1,8914,0.0001121830827911151
tvpf,1,8914,0.0001121830827911151
längern,1,8914,0.0001121830827911151
lerlin,1,8914,0.0001121830827911151
weil,1,8914,0.0001121830827911151
beide,1,8914,0.0001121830827911151
starkem,1,8914,0.0001121830827911151
hole,1,8914,0.0001121830827911151
brübe,1,8914,0.0001121830827911151
ölig,1,8914,0.0001121830827911151
schnei,1,8914,0.0001121830827911151
gefäß,1,8914,0.0001121830827911151
bildet,1,8914,0.0001121830827911151
kohlmark,1,8914,0.0001121830827911151
2vz,1,8914,0.0001121830827911151
si,1,8914,0.0001121830827911151
streicht,1,8914,0.0001121830827911151
schaumrühren,1,8914,0.0001121830827911151
terlassen,1,8914,0.0001121830827911151
grüne,1,8914,0.0001121830827911151
komposthaufcn,1,8914,0.0001121830827911151
äss,1,8914,0.0001121830827911151
fleischknochen,1,8914,0.0001121830827911151
wechseln,1,8914,0.0001121830827911151
tun,1,8914,0.0001121830827911151
ivs,1,8914,0.0001121830827911151
wurzclwerk,1,8914,0.0001121830827911151
bestrichenen,1,8914,0.0001121830827911151
laffcn,1,8914,0.0001121830827911151
unirühren,1,8914,0.0001121830827911151
vanillezucker,1,8914,0.0001121830827911151
hacken,1,8914,0.0001121830827911151
schineckt,1,8914,0.0001121830827911151
nachmals,1,8914,0.0001121830827911151
ma,1,8914,0.0001121830827911151
gewaschen,1,8914,0.0001121830827911151
ahnung,1,8914,0.0001121830827911151
verarbeitet,1,8914,0.0001121830827911151
vorfahren,1,8914,0.0001121830827911151
direkt,1,8914,0.0001121830827911151
rosenkohlstrüuke,1,8914,0.0001121830827911151
elwas,1,8914,0.0001121830827911151
tropfen,1,8914,0.0001121830827911151
beschriebenen,1,8914,0.0001121830827911151
unsere,1,8914,0.0001121830827911151
breiartig,1,8914,0.0001121830827911151
gutgewässerten,1,8914,0.0001121830827911151
zeidrückt,1,8914,0.0001121830827911151
2v,1,8914,0.0001121830827911151
eingesalzen,1,8914,0.0001121830827911151
größe,1,8914,0.0001121830827911151
siehe,1,8914,0.0001121830827911151
0rk,1,8914,0.0001121830827911151
tasse,1,8914,0.0001121830827911151
aufgekocht,1,8914,0.0001121830827911151
blälter,1,8914,0.0001121830827911151
aenan,1,8914,0.0001121830827911151
fiaustrauen,1,8914,0.0001121830827911151
waringestettt,1,8914,0.0001121830827911151
zweiten,1,8914,0.0001121830827911151
mag,1,8914,0.0001121830827911151
lorbeerblätter,1,8914,0.0001121830827911151
unterscheidet,1,8914,0.0001121830827911151
loch,1,8914,0.0001121830827911151
türmern,1,8914,0.0001121830827911151
genießbar,1,8914,0.0001121830827911151
wnrzel,1,8914,0.0001121830827911151
erreicht,1,8914,0.0001121830827911151
lauem,1,8914,0.0001121830827911151
dazugegeben,1,8914,0.0001121830827911151
nerliesuug,1,8914,0.0001121830827911151
zimebeliunke,1,8914,0.0001121830827911151
dielauch,1,8914,0.0001121830827911151
l^exep«,1,8914,0.0001121830827911151
aufzukochen,1,8914,0.0001121830827911151
majoran,1,8914,0.0001121830827911151
sparsamsten,1,8914,0.0001121830827911151
anschwitzen,1,8914,0.0001121830827911151
neis,1,8914,0.0001121830827911151
kartoffelstückchen,1,8914,0.0001121830827911151
platte,1,8914,0.0001121830827911151
nudelgemüse,1,8914,0.0001121830827911151
auswärts,1,8914,0.0001121830827911151
gesät,1,8914,0.0001121830827911151
siedendes,1,8914,0.0001121830827911151
kriegs,1,8914,0.0001121830827911151
dierie,1,8914,0.0001121830827911151
höring,1,8914,0.0001121830827911151
roscukohlmark,1,8914,0.0001121830827911151
hafermehlbrötchen,1,8914,0.0001121830827911151
mandelpudding,1,8914,0.0001121830827911151
spitze,1,8914,0.0001121830827911151
aufgelöstes,1,8914,0.0001121830827911151
abgerieben,1,8914,0.0001121830827911151
lauchwurzel,1,8914,0.0001121830827911151
platzt,1,8914,0.0001121830827911151
bedeckt,1,8914,0.0001121830827911151
sauber,1,8914,0.0001121830827911151
wässert,1,8914,0.0001121830827911151
zerstampft,1,8914,0.0001121830827911151
hell,1,8914,0.0001121830827911151
schüttet,1,8914,0.0001121830827911151
locht,1,8914,0.0001121830827911151
arbeitet,1,8914,0.0001121830827911151
fleischmahlzeit,1,8914,0.0001121830827911151
auftragen,1,8914,0.0001121830827911151
kratze,1,8914,0.0001121830827911151
butler,1,8914,0.0001121830827911151
trinken,1,8914,0.0001121830827911151
taucht,1,8914,0.0001121830827911151
abends,1,8914,0.0001121830827911151
kartoffelfchaumschlagen,1,8914,0.0001121830827911151
uebrige,1,8914,0.0001121830827911151
liegt,1,8914,0.0001121830827911151
of,1,8914,0.0001121830827911151
rosenkohluiark,1,8914,0.0001121830827911151
zurückgelassene,1,8914,0.0001121830827911151
kuh,1,8914,0.0001121830827911151
eigen,1,8914,0.0001121830827911151
wollenen,1,8914,0.0001121830827911151
mik,1,8914,0.0001121830827911151
verwendende,1,8914,0.0001121830827911151
kleingeschnittene,1,8914,0.0001121830827911151
kamen,1,8914,0.0001121830827911151
steus,1,8914,0.0001121830827911151
gemischt,1,8914,0.0001121830827911151
brandigen,1,8914,0.0001121830827911151
we,1,8914,0.0001121830827911151
mebl,1,8914,0.0001121830827911151
rüber,1,8914,0.0001121830827911151
wofür,1,8914,0.0001121830827911151
fertigmachen,1,8914,0.0001121830827911151
eher,1,8914,0.0001121830827911151
kostens,1,8914,0.0001121830827911151
wert,1,8914,0.0001121830827911151
625,1,8914,0.0001121830827911151
te>g,1,8914,0.0001121830827911151
vorsorge,1,8914,0.0001121830827911151
karotten,1,8914,0.0001121830827911151
jedes,1,8914,0.0001121830827911151
zeln,1,8914,0.0001121830827911151
schichteuweise,1,8914,0.0001121830827911151
oberkohlrabi,1,8914,0.0001121830827911151
gelöst,1,8914,0.0001121830827911151
gieß,1,8914,0.0001121830827911151
pell,1,8914,0.0001121830827911151
abgetrocknet,1,8914,0.0001121830827911151
fluten,1,8914,0.0001121830827911151
best«,1,8914,0.0001121830827911151
gewöhnlich,1,8914,0.0001121830827911151
spinatblätter,1,8914,0.0001121830827911151
36,1,8914,0.0001121830827911151
sündigt,1,8914,0.0001121830827911151
erscheint,1,8914,0.0001121830827911151
gesalzener,1,8914,0.0001121830827911151
zusammenstellung,1,8914,0.0001121830827911151
toffelkochen,1,8914,0.0001121830827911151
beliebige,1,8914,0.0001121830827911151
o^er,1,8914,0.0001121830827911151
anbrnmt,1,8914,0.0001121830827911151
sparsamer,1,8914,0.0001121830827911151
eierkncheupulver,1,8914,0.0001121830827911151
wässerig,1,8914,0.0001121830827911151
kops,1,8914,0.0001121830827911151
geschälten,1,8914,0.0001121830827911151
tops,1,8914,0.0001121830827911151
selleriewasser,1,8914,0.0001121830827911151
bemerkt,1,8914,0.0001121830827911151
eisenacher,1,8914,0.0001121830827911151
bar,1,8914,0.0001121830827911151
röhre,1,8914,0.0001121830827911151
backröhre,1,8914,0.0001121830827911151
selbstverständlich,1,8914,0.0001121830827911151
hierbei,1,8914,0.0001121830827911151
büschelweise,1,8914,0.0001121830827911151
löffelklöhe,1,8914,0.0001121830827911151
gricsjbrölchen,1,8914,0.0001121830827911151
ra,1,8914,0.0001121830827911151
ernst,1,8914,0.0001121830827911151
delmachen,1,8914,0.0001121830827911151
semille,1,8914,0.0001121830827911151
bleche,1,8914,0.0001121830827911151
bntter,1,8914,0.0001121830827911151
matie,1,8914,0.0001121830827911151
abzuschneiden,1,8914,0.0001121830827911151
richtig,1,8914,0.0001121830827911151
knegsfranzbrötchen,1,8914,0.0001121830827911151
ge^,1,8914,0.0001121830827911151
untereinander,1,8914,0.0001121830827911151
kalbsbrust,1,8914,0.0001121830827911151
abwartet,1,8914,0.0001121830827911151
laufen,1,8914,0.0001121830827911151
möge,1,8914,0.0001121830827911151
eicht,1,8914,0.0001121830827911151
rot,1,8914,0.0001121830827911151
gueß,1,8914,0.0001121830827911151
dieschen,1,8914,0.0001121830827911151
heut,1,8914,0.0001121830827911151
9,1,8914,0.0001121830827911151
ratsamer,1,8914,0.0001121830827911151
ochfena,1,8914,0.0001121830827911151
falzt,1,8914,0.0001121830827911151
pergamentpa,1,8914,0.0001121830827911151
eingedrückt,1,8914,0.0001121830827911151
zerschneidet,1,8914,0.0001121830827911151
ldies,1,8914,0.0001121830827911151
ietzt,1,8914,0.0001121830827911151
uiiinnt,1,8914,0.0001121830827911151
zwiebelmafse,1,8914,0.0001121830827911151
schnitten,1,8914,0.0001121830827911151
gebrühten,1,8914,0.0001121830827911151
reib,1,8914,0.0001121830827911151
müsen,1,8914,0.0001121830827911151
nannten,1,8914,0.0001121830827911151
priese,1,8914,0.0001121830827911151
blättern,1,8914,0.0001121830827911151
27,1,8914,0.0001121830827911151
kartoffelgehacktes,1,8914,0.0001121830827911151
briegskochbuch,1,8914,0.0001121830827911151
abgestochenen,1,8914,0.0001121830827911151
topflappen,1,8914,0.0001121830827911151
alsvaun,1,8914,0.0001121830827911151
passenden,1,8914,0.0001121830827911151
töpfchen,1,8914,0.0001121830827911151
milte,1,8914,0.0001121830827911151
hoch,1,8914,0.0001121830827911151
breiten,1,8914,0.0001121830827911151
suppenschüssel,1,8914,0.0001121830827911151
71,1,8914,0.0001121830827911151
83,1,8914,0.0001121830827911151
saurem,1,8914,0.0001121830827911151
quirlt,1,8914,0.0001121830827911151
verputzt,1,8914,0.0001121830827911151
fchöne,1,8914,0.0001121830827911151
feinaewiegter,1,8914,0.0001121830827911151
zerteilt,1,8914,0.0001121830827911151
weichkochen,1,8914,0.0001121830827911151
billiger,1,8914,0.0001121830827911151
a«tpr,1,8914,0.0001121830827911151
einfach,1,8914,0.0001121830827911151
gleicht,1,8914,0.0001121830827911151
gefüllt,1,8914,0.0001121830827911151
harten,1,8914,0.0001121830827911151
kriegszeit,1,8914,0.0001121830827911151
angegebene,1,8914,0.0001121830827911151
feinschmecker,1,8914,0.0001121830827911151
üblich,1,8914,0.0001121830827911151
unck,1,8914,0.0001121830827911151
meiner,1,8914,0.0001121830827911151
wnrzeln,1,8914,0.0001121830827911151
rippenstückchen,1,8914,0.0001121830827911151
sülle,1,8914,0.0001121830827911151
nesfalls,1,8914,0.0001121830827911151
gefähr,1,8914,0.0001121830827911151
nutzen,1,8914,0.0001121830827911151
nährwert,1,8914,0.0001121830827911151
einandergelegt,1,8914,0.0001121830827911151
gewälzt,1,8914,0.0001121830827911151
üt,1,8914,0.0001121830827911151
abwechselnd,1,8914,0.0001121830827911151
hefen,1,8914,0.0001121830827911151
tragt,1,8914,0.0001121830827911151
grundsatz,1,8914,0.0001121830827911151
rohen,1,8914,0.0001121830827911151
quirle,1,8914,0.0001121830827911151
rindfleisch,1,8914,0.0001121830827911151
krautkopf,1,8914,0.0001121830827911151
eide,1,8914,0.0001121830827911151
spcck,1,8914,0.0001121830827911151
beilage,1,8914,0.0001121830827911151
salatblättern,1,8914,0.0001121830827911151
salatblätter,1,8914,0.0001121830827911151
fehlerfreien,1,8914,0.0001121830827911151
übereinander,1,8914,0.0001121830827911151
sertig,1,8914,0.0001121830827911151
müssen,1,8914,0.0001121830827911151
eiweißschaum,1,8914,0.0001121830827911151
hirse,1,8914,0.0001121830827911151
teilt,1,8914,0.0001121830827911151
mangold,1,8914,0.0001121830827911151
halbe,1,8914,0.0001121830827911151
beginnt,1,8914,0.0001121830827911151
breit,1,8914,0.0001121830827911151
rahni,1,8914,0.0001121830827911151
nudelteig,1,8914,0.0001121830827911151
mekl,1,8914,0.0001121830827911151
dunlel,1,8914,0.0001121830827911151
nachstehende,1,8914,0.0001121830827911151
kartosfel,1,8914,0.0001121830827911151
montag,1,8914,0.0001121830827911151
schweren,1,8914,0.0001121830827911151
strunk,1,8914,0.0001121830827911151
vi,1,8914,0.0001121830827911151
dünne,1,8914,0.0001121830827911151
fleischteile,1,8914,0.0001121830827911151
wirsinggemüse,1,8914,0.0001121830827911151
steinen,1,8914,0.0001121830827911151
weile,1,8914,0.0001121830827911151
runkelbläkter,1,8914,0.0001121830827911151
spaziergang,1,8914,0.0001121830827911151
iv2,1,8914,0.0001121830827911151
weg§ko,1,8914,0.0001121830827911151
siedriar,1,8914,0.0001121830827911151
nia,1,8914,0.0001121830827911151
mißlinge,1,8914,0.0001121830827911151
reste,1,8914,0.0001121830827911151
klopft,1,8914,0.0001121830827911151
ausprobiert,1,8914,0.0001121830827911151
sogut,1,8914,0.0001121830827911151
lauchwurzcln,1,8914,0.0001121830827911151
rogen,1,8914,0.0001121830827911151
schnittenem,1,8914,0.0001121830827911151
beiseite,1,8914,0.0001121830827911151
sättigend,1,8914,0.0001121830827911151
dum,1,8914,0.0001121830827911151
arten,1,8914,0.0001121830827911151
sitzen,1,8914,0.0001121830827911151
wirtschaft,1,8914,0.0001121830827911151
det,1,8914,0.0001121830827911151
eilenach,1,8914,0.0001121830827911151
angegebenen,1,8914,0.0001121830827911151
tagen,1,8914,0.0001121830827911151
heller,1,8914,0.0001121830827911151
sticht,1,8914,0.0001121830827911151
mus,1,8914,0.0001121830827911151
nachsalzen,1,8914,0.0001121830827911151
ausdrücklich,1,8914,0.0001121830827911151
grießpnddnig,1,8914,0.0001121830827911151
teuer,1,8914,0.0001121830827911151
schmackhafter,1,8914,0.0001121830827911151
mich,1,8914,0.0001121830827911151
fleischuvßchen,1,8914,0.0001121830827911151
spare,1,8914,0.0001121830827911151
schlechten,1,8914,0.0001121830827911151
anbrennt,1,8914,0.0001121830827911151
hilfe,1,8914,0.0001121830827911151
schnittbrett,1,8914,0.0001121830827911151
spinnt,1,8914,0.0001121830827911151
bestrichene,1,8914,0.0001121830827911151
stsstsbibliotliek,1,8914,0.0001121830827911151
kacken,1,8914,0.0001121830827911151
rasch,1,8914,0.0001121830827911151
suppc,1,8914,0.0001121830827911151
nu,1,8914,0.0001121830827911151
flachen,1,8914,0.0001121830827911151
dunkle,1,8914,0.0001121830827911151
sanimelns,1,8914,0.0001121830827911151
gestellt,1,8914,0.0001121830827911151
zerschlage,1,8914,0.0001121830827911151
hellgrünen,1,8914,0.0001121830827911151
kalbsbrustspihe,1,8914,0.0001121830827911151
mischen,1,8914,0.0001121830827911151
benötigt,1,8914,0.0001121830827911151
ins,1,8914,0.0001121830827911151
porree,1,8914,0.0001121830827911151
58,1,8914,0.0001121830827911151
brenzlich,1,8914,0.0001121830827911151
rin,1,8914,0.0001121830827911151
einweichen,1,8914,0.0001121830827911151
welken,1,8914,0.0001121830827911151
stucke,1,8914,0.0001121830827911151
falsche,1,8914,0.0001121830827911151
kei,1,8914,0.0001121830827911151
selbsterfundene,1,8914,0.0001121830827911151
anf,1,8914,0.0001121830827911151
kartoffelklöße,1,8914,0.0001121830827911151
lei,1,8914,0.0001121830827911151
gemüseblnttcr,1,8914,0.0001121830827911151
frühzeitig,1,8914,0.0001121830827911151
tüchtig,1,8914,0.0001121830827911151
erieß,1,8914,0.0001121830827911151
salleu,1,8914,0.0001121830827911151
feiner,1,8914,0.0001121830827911151
gefalzen,1,8914,0.0001121830827911151
sporreemerwenduug,1,8914,0.0001121830827911151
mari,1,8914,0.0001121830827911151
pflaumen,1,8914,0.0001121830827911151
67,1,8914,0.0001121830827911151
viehfutter,1,8914,0.0001121830827911151
elfer,1,8914,0.0001121830827911151
veidirbt,1,8914,0.0001121830827911151
kohlkochen,1,8914,0.0001121830827911151
mangelung,1,8914,0.0001121830827911151
reitet,1,8914,0.0001121830827911151
mäßiger,1,8914,0.0001121830827911151
erdteile,1,8914,0.0001121830827911151
ka,1,8914,0.0001121830827911151
unterlasse,1,8914,0.0001121830827911151
also,1,8914,0.0001121830827911151
folgt,1,8914,0.0001121830827911151
heißer,1,8914,0.0001121830827911151
gedacht,1,8914,0.0001121830827911151
aufkochen,1,8914,0.0001121830827911151
lauchwnrzel,1,8914,0.0001121830827911151
mittagessen,1,8914,0.0001121830827911151
legi,1,8914,0.0001121830827911151
inneren,1,8914,0.0001121830827911151
umwickelt,1,8914,0.0001121830827911151
derartig,1,8914,0.0001121830827911151
schmoren,1,8914,0.0001121830827911151
schneller,1,8914,0.0001121830827911151
miete,1,8914,0.0001121830827911151
größtenteils,1,8914,0.0001121830827911151
aller,1,8914,0.0001121830827911151
kennen,1,8914,0.0001121830827911151
ausgesaugt,1,8914,0.0001121830827911151
nührluchen,1,8914,0.0001121830827911151
reissuppe,1,8914,0.0001121830827911151
empfehlen,1,8914,0.0001121830827911151
siisches,1,8914,0.0001121830827911151
ihm,1,8914,0.0001121830827911151
folgender,1,8914,0.0001121830827911151
wachsen,1,8914,0.0001121830827911151
kriegesfrist,1,8914,0.0001121830827911151
ie,1,8914,0.0001121830827911151
fener,1,8914,0.0001121830827911151
spargelge,1,8914,0.0001121830827911151
ochsenn,1,8914,0.0001121830827911151
klümpern,1,8914,0.0001121830827911151
hebt,1,8914,0.0001121830827911151
vegetarisches,1,8914,0.0001121830827911151
senftunke,1,8914,0.0001121830827911151
milchtunke,1,8914,0.0001121830827911151
vollauf,1,8914,0.0001121830827911151
meisten,1,8914,0.0001121830827911151
markt,1,8914,0.0001121830827911151
pt,1,8914,0.0001121830827911151
flüssigkeit,1,8914,0.0001121830827911151
brühen,1,8914,0.0001121830827911151
kaffeelöffel,1,8914,0.0001121830827911151
erwachsene,1,8914,0.0001121830827911151
festgedrückt,1,8914,0.0001121830827911151
minde,1,8914,0.0001121830827911151
koche,1,8914,0.0001121830827911151
nackdem,1,8914,0.0001121830827911151
erhalten,1,8914,0.0001121830827911151
durchgekocht,1,8914,0.0001121830827911151
verarbeiten,1,8914,0.0001121830827911151
abzugießen,1,8914,0.0001121830827911151
salzkartoffel,1,8914,0.0001121830827911151
dickbrei,1,8914,0.0001121830827911151
sonstiges,1,8914,0.0001121830827911151
kapern,1,8914,0.0001121830827911151
kelbrübur,1,8914,0.0001121830827911151
hingesetzt,1,8914,0.0001121830827911151
finden,1,8914,0.0001121830827911151
getarische,1,8914,0.0001121830827911151
befreit,1,8914,0.0001121830827911151
ud,1,8914,0.0001121830827911151
ort,1,8914,0.0001121830827911151
gewonnene,1,8914,0.0001121830827911151
selben,1,8914,0.0001121830827911151
schmecke,1,8914,0.0001121830827911151
messer,1,8914,0.0001121830827911151
abgesehen,1,8914,0.0001121830827911151
diesem,1,8914,0.0001121830827911151
treffen,1,8914,0.0001121830827911151
siebe,1,8914,0.0001121830827911151
einheimsen,1,8914,0.0001121830827911151
zitrone,1,8914,0.0001121830827911151
sorge,1,8914,0.0001121830827911151
500,1,8914,0.0001121830827911151
natron,1,8914,0.0001121830827911151
gelösten,1,8914,0.0001121830827911151
wobei,1,8914,0.0001121830827911151
kochendem,1,8914,0.0001121830827911151
gewürzt,1,8914,0.0001121830827911151
nan,1,8914,0.0001121830827911151
mögliche,1,8914,0.0001121830827911151
hammelbrustspitze,1,8914,0.0001121830827911151
mittlerer,1,8914,0.0001121830827911151
sache,1,8914,0.0001121830827911151
nahr,1,8914,0.0001121830827911151
feit,1,8914,0.0001121830827911151
vierte,1,8914,0.0001121830827911151
küm,1,8914,0.0001121830827911151
znm,1,8914,0.0001121830827911151
bereitung,1,8914,0.0001121830827911151
eingeschlagen,1,8914,0.0001121830827911151
gebildeten,1,8914,0.0001121830827911151
niemals,1,8914,0.0001121830827911151
spinatgemüse,1,8914,0.0001121830827911151
halbgar,1,8914,0.0001121830827911151
lauchgemüse,1,8914,0.0001121830827911151
bon,1,8914,0.0001121830827911151
unterdessen,1,8914,0.0001121830827911151
ausgestrichener,1,8914,0.0001121830827911151
möglichst,1,8914,0.0001121830827911151
nsogut,1,8914,0.0001121830827911151
durchzogen,1,8914,0.0001121830827911151
natronwasser,1,8914,0.0001121830827911151
einwickeln,1,8914,0.0001121830827911151
schneiden,1,8914,0.0001121830827911151
scheiden,1,8914,0.0001121830827911151
18,1,8914,0.0001121830827911151
rinde,1,8914,0.0001121830827911151
blume,1,8914,0.0001121830827911151
gebildete,1,8914,0.0001121830827911151
hochgegangen,1,8914,0.0001121830827911151
31,1,8914,0.0001121830827911151
soge,1,8914,0.0001121830827911151
ausprobierte,1,8914,0.0001121830827911151
sekt,1,8914,0.0001121830827911151
petersilientunke,1,8914,0.0001121830827911151
fettpapier,1,8914,0.0001121830827911151
aufmerksam,1,8914,0.0001121830827911151
einbrühen,1,8914,0.0001121830827911151
abgespült,1,8914,0.0001121830827911151
vorrätig,1,8914,0.0001121830827911151
rezepten,1,8914,0.0001121830827911151
ermangelung,1,8914,0.0001121830827911151
sest,1,8914,0.0001121830827911151
sauergewordene,1,8914,0.0001121830827911151
mm,1,8914,0.0001121830827911151
banille,1,8914,0.0001121830827911151
ivo,1,8914,0.0001121830827911151
kartofselschuum,1,8914,0.0001121830827911151
uoch,1,8914,0.0001121830827911151
rührkucheu,1,8914,0.0001121830827911151
sieg,1,8914,0.0001121830827911151
eisen,1,8914,0.0001121830827911151
frau,1,8914,0.0001121830827911151
völlig,1,8914,0.0001121830827911151
schlot,1,8914,0.0001121830827911151
salatrippchen,1,8914,0.0001121830827911151
arbeit,1,8914,0.0001121830827911151
fleischklvßchen,1,8914,0.0001121830827911151
gewiegten,1,8914,0.0001121830827911151
genügen,1,8914,0.0001121830827911151
sammenstellung,1,8914,0.0001121830827911151
obst,1,8914,0.0001121830827911151
schälen,1,8914,0.0001121830827911151
worden,1,8914,0.0001121830827911151
strichene,1,8914,0.0001121830827911151
auszunützen,1,8914,0.0001121830827911151
29,1,8914,0.0001121830827911151
lilenach,1,8914,0.0001121830827911151
durchbacken,1,8914,0.0001121830827911151
zun,1,8914,0.0001121830827911151
tischten,1,8914,0.0001121830827911151
17,1,8914,0.0001121830827911151
sollen,1,8914,0.0001121830827911151
kleinen,1,8914,0.0001121830827911151
aufgesogen,1,8914,0.0001121830827911151
kriegsbutter,1,8914,0.0001121830827911151
stückweise,1,8914,0.0001121830827911151
halben,1,8914,0.0001121830827911151
stets,1,8914,0.0001121830827911151
50,1,8914,0.0001121830827911151
34,1,8914,0.0001121830827911151
meerettich,1,8914,0.0001121830827911151
wiising,1,8914,0.0001121830827911151
karioffeln,1,8914,0.0001121830827911151
derartige,1,8914,0.0001121830827911151
befindlichen,1,8914,0.0001121830827911151
ange,1,8914,0.0001121830827911151
nippenstückchen,1,8914,0.0001121830827911151
kalten,1,8914,0.0001121830827911151
griefen,1,8914,0.0001121830827911151
lauchsalat,1,8914,0.0001121830827911151
lauchwurzelu,1,8914,0.0001121830827911151
untere,1,8914,0.0001121830827911151
63,1,8914,0.0001121830827911151
bringt,1,8914,0.0001121830827911151
grunde,1,8914,0.0001121830827911151
flüchtig,1,8914,0.0001121830827911151
rüben,1,8914,0.0001121830827911151
sorgfältig,1,8914,0.0001121830827911151
zwicbelsalat,1,8914,0.0001121830827911151
nock,1,8914,0.0001121830827911151
lieber,1,8914,0.0001121830827911151
16,1,8914,0.0001121830827911151
zeiten,1,8914,0.0001121830827911151
soder,1,8914,0.0001121830827911151
sand,1,8914,0.0001121830827911151
?,1,8914,0.0001121830827911151
uno,1,8914,0.0001121830827911151
wächst,1,8914,0.0001121830827911151
ungef,1,8914,0.0001121830827911151
0,1,8914,0.0001121830827911151
anderem,1,8914,0.0001121830827911151
salze,1,8914,0.0001121830827911151
ausgewachsen,1,8914,0.0001121830827911151
ablösen,1,8914,0.0001121830827911151
einkauf,1,8914,0.0001121830827911151
gehacktes,1,8914,0.0001121830827911151
gestreut,1,8914,0.0001121830827911151
einzelne,1,8914,0.0001121830827911151
nudelbrett,1,8914,0.0001121830827911151
wasche,1,8914,0.0001121830827911151
schwer,1,8914,0.0001121830827911151
hegen,1,8914,0.0001121830827911151
süßen,1,8914,0.0001121830827911151
sehen,1,8914,0.0001121830827911151
leinwanbtuch,1,8914,0.0001121830827911151
dwww,1,8914,0.0001121830827911151
spicke,1,8914,0.0001121830827911151
hört,1,8914,0.0001121830827911151
iv,1,8914,0.0001121830827911151
sulz,1,8914,0.0001121830827911151
schönen,1,8914,0.0001121830827911151
früh,1,8914,0.0001121830827911151
rindertalg,1,8914,0.0001121830827911151
messerspitze,1,8914,0.0001121830827911151
bestandteile,1,8914,0.0001121830827911151
salzige,1,8914,0.0001121830827911151
grießpufferchen,1,8914,0.0001121830827911151
kucken,1,8914,0.0001121830827911151
geringste,1,8914,0.0001121830827911151
tunken,1,8914,0.0001121830827911151
sicherer,1,8914,0.0001121830827911151
abschneiden,1,8914,0.0001121830827911151
eb,1,8914,0.0001121830827911151
such,1,8914,0.0001121830827911151
gehackt,1,8914,0.0001121830827911151
esser,1,8914,0.0001121830827911151
darübergegossen,1,8914,0.0001121830827911151
rührknchen,1,8914,0.0001121830827911151
lanch,1,8914,0.0001121830827911151
bisher,1,8914,0.0001121830827911151
abwechslung,1,8914,0.0001121830827911151
meerrettig,1,8914,0.0001121830827911151
gedrückt,1,8914,0.0001121830827911151
gabeln,1,8914,0.0001121830827911151
eierkucheuteig,1,8914,0.0001121830827911151
verliert,1,8914,0.0001121830827911151
hefenstück,1,8914,0.0001121830827911151
rohes,1,8914,0.0001121830827911151
rosenkohl,1,8914,0.0001121830827911151
kockt,1,8914,0.0001121830827911151
zugießen,1,8914,0.0001121830827911151
schmack,1,8914,0.0001121830827911151
gemüsesuppe,1,8914,0.0001121830827911151
danu,1,8914,0.0001121830827911151
hammelfleischbrühe,1,8914,0.0001121830827911151
geschoßtem,1,8914,0.0001121830827911151
verkrümelt,1,8914,0.0001121830827911151
melgeschmack,1,8914,0.0001121830827911151
siedekartoffeln,1,8914,0.0001121830827911151
kalbsbrühe,1,8914,0.0001121830827911151
maß,1,8914,0.0001121830827911151
kotelett,1,8914,0.0001121830827911151
apfel,1,8914,0.0001121830827911151
apfelsinen,1,8914,0.0001121830827911151
sdne,1,8914,0.0001121830827911151
nd,1,8914,0.0001121830827911151
zerreibt,1,8914,0.0001121830827911151
leickt,1,8914,0.0001121830827911151
ors,1,8914,0.0001121830827911151
trockenen,1,8914,0.0001121830827911151
diesen,1,8914,0.0001121830827911151
gerät,1,8914,0.0001121830827911151
eben,1,8914,0.0001121830827911151
hineintun,1,8914,0.0001121830827911151
zerfallen,1,8914,0.0001121830827911151
ve,1,8914,0.0001121830827911151
hinzugekocht,1,8914,0.0001121830827911151
<,1,8914,0.0001121830827911151
abgeschmälzt,1,8914,0.0001121830827911151
meinem,1,8914,0.0001121830827911151
mandelersatz,1,8914,0.0001121830827911151
vorrat,1,8914,0.0001121830827911151
schlügt,1,8914,0.0001121830827911151
schiverfallen,1,8914,0.0001121830827911151
klümpernsnppe,1,8914,0.0001121830827911151
erhöht,1,8914,0.0001121830827911151
löffeltiöße,1,8914,0.0001121830827911151
lieblichen,1,8914,0.0001121830827911151
haft,1,8914,0.0001121830827911151
besehe,1,8914,0.0001121830827911151
gebe,1,8914,0.0001121830827911151
gebrachten,1,8914,0.0001121830827911151
l^s,1,8914,0.0001121830827911151
her,1,8914,0.0001121830827911151
mischt,1,8914,0.0001121830827911151
welcher,1,8914,0.0001121830827911151
tiseklein,1,8914,0.0001121830827911151
abiehen,1,8914,0.0001121830827911151
sauberen,1,8914,0.0001121830827911151
eht,1,8914,0.0001121830827911151
von?rau,1,8914,0.0001121830827911151
kleinere,1,8914,0.0001121830827911151
bestrichen,1,8914,0.0001121830827911151
nachstehenden,1,8914,0.0001121830827911151
dunkel,1,8914,0.0001121830827911151
gewässerter,1,8914,0.0001121830827911151
ausgelesen,1,8914,0.0001121830827911151
abgekochte,1,8914,0.0001121830827911151
sauren,1,8914,0.0001121830827911151
alo,1,8914,0.0001121830827911151
kleinste,1,8914,0.0001121830827911151
blosgelegt,1,8914,0.0001121830827911151
fleischröllchen,1,8914,0.0001121830827911151
reisbrei,1,8914,0.0001121830827911151
dünner,1,8914,0.0001121830827911151
zwiebelluchm,1,8914,0.0001121830827911151
giebiger,1,8914,0.0001121830827911151
gurken,1,8914,0.0001121830827911151
eiuen,1,8914,0.0001121830827911151
fleischbereitung,1,8914,0.0001121830827911151
zugesetzt,1,8914,0.0001121830827911151
süß,1,8914,0.0001121830827911151
r,1,8914,0.0001121830827911151
genügt,1,8914,0.0001121830827911151
schlage,1,8914,0.0001121830827911151
perlgraupen,1,8914,0.0001121830827911151
wiederholt,1,8914,0.0001121830827911151
fleiscbig,1,8914,0.0001121830827911151
gesetzt,1,8914,0.0001121830827911151
nelkenpfeffer,1,8914,0.0001121830827911151
geklopft,1,8914,0.0001121830827911151
entbrennen,1,8914,0.0001121830827911151
aufheben,1,8914,0.0001121830827911151
forin,1,8914,0.0001121830827911151
schluß,1,8914,0.0001121830827911151
eines,1,8914,0.0001121830827911151
gefüllter,1,8914,0.0001121830827911151
mannigfaltig,1,8914,0.0001121830827911151
braun,1,8914,0.0001121830827911151
leichter,1,8914,0.0001121830827911151
kranz,1,8914,0.0001121830827911151
2v2,1,8914,0.0001121830827911151
zahl,1,8914,0.0001121830827911151
weiterkochen,1,8914,0.0001121830827911151
destreut,1,8914,0.0001121830827911151
grießbröt,1,8914,0.0001121830827911151
rosen,1,8914,0.0001121830827911151
gehäufle,1,8914,0.0001121830827911151
"?ää""",1,8914,0.0001121830827911151
geschwenkt,1,8914,0.0001121830827911151
rieben,1,8914,0.0001121830827911151
öfter,1,8914,0.0001121830827911151
helle,1,8914,0.0001121830827911151
fchmeelt,1,8914,0.0001121830827911151
luftigen,1,8914,0.0001121830827911151
spitzen,1,8914,0.0001121830827911151
abgebrühten,1,8914,0.0001121830827911151
sauere,1,8914,0.0001121830827911151
quark,1,8914,0.0001121830827911151
seinem,1,8914,0.0001121830827911151
zwiebeltunke,1,8914,0.0001121830827911151
brauner,1,8914,0.0001121830827911151
jahreszeit,1,8914,0.0001121830827911151
sichersten,1,8914,0.0001121830827911151
deutlich,1,8914,0.0001121830827911151
pseffer,1,8914,0.0001121830827911151
teilen,1,8914,0.0001121830827911151
mehliger,1,8914,0.0001121830827911151
bearbeitet,1,8914,0.0001121830827911151
abgekühlten,1,8914,0.0001121830827911151
genich,1,8914,0.0001121830827911151
gesäubert,1,8914,0.0001121830827911151
kein,1,8914,0.0001121830827911151
saureu,1,8914,0.0001121830827911151
untei,1,8914,0.0001121830827911151
fchön,1,8914,0.0001121830827911151
fleischllößchen,1,8914,0.0001121830827911151
angerichtet,1,8914,0.0001121830827911151
gerichte,1,8914,0.0001121830827911151
hausstauen,1,8914,0.0001121830827911151
kaltgestellt,1,8914,0.0001121830827911151
absticht,1,8914,0.0001121830827911151
bekannt,1,8914,0.0001121830827911151
biere,1,8914,0.0001121830827911151
wohlgeschmack,1,8914,0.0001121830827911151
schließt,1,8914,0.0001121830827911151
kümmelkraut,1,8914,0.0001121830827911151
dürfte,1,8914,0.0001121830827911151
gebrühte,1,8914,0.0001121830827911151
gelockter,1,8914,0.0001121830827911151
geschabtem,1,8914,0.0001121830827911151
angabe,1,8914,0.0001121830827911151
sesten,1,8914,0.0001121830827911151
formen,1,8914,0.0001121830827911151
entbrennende,1,8914,0.0001121830827911151
seingehackte,1,8914,0.0001121830827911151
seien,1,8914,0.0001121830827911151
wurzel,1,8914,0.0001121830827911151
alte,1,8914,0.0001121830827911151
hackbraten,1,8914,0.0001121830827911151
gewiß,1,8914,0.0001121830827911151
pf„,1,8914,0.0001121830827911151
anbräunen,1,8914,0.0001121830827911151
wegrand,1,8914,0.0001121830827911151
dürften,1,8914,0.0001121830827911151
angebacken,1,8914,0.0001121830827911151
füllten,1,8914,0.0001121830827911151
gefügt,1,8914,0.0001121830827911151
gehackter,1,8914,0.0001121830827911151
streifchen,1,8914,0.0001121830827911151
70,1,8914,0.0001121830827911151
ausgestrichenen,1,8914,0.0001121830827911151
ui,1,8914,0.0001121830827911151
dicht,1,8914,0.0001121830827911151
blühe,1,8914,0.0001121830827911151
probiert,1,8914,0.0001121830827911151
persoaen,1,8914,0.0001121830827911151
bäcker,1,8914,0.0001121830827911151
gewandert,1,8914,0.0001121830827911151
probe,1,8914,0.0001121830827911151
heutzutage,1,8914,0.0001121830827911151
dich,1,8914,0.0001121830827911151
verfemen?,1,8914,0.0001121830827911151
93,1,8914,0.0001121830827911151
wohl,1,8914,0.0001121830827911151
kindern,1,8914,0.0001121830827911151
tags,1,8914,0.0001121830827911151
gefüllten,1,8914,0.0001121830827911151
gebracht,1,8914,0.0001121830827911151
gesalzenen,1,8914,0.0001121830827911151
kloßartig,1,8914,0.0001121830827911151
et,1,8914,0.0001121830827911151
salnt,1,8914,0.0001121830827911151
brät,1,8914,0.0001121830827911151
brotzwiebelkuchen,1,8914,0.0001121830827911151
haupt,1,8914,0.0001121830827911151
nachgießen,1,8914,0.0001121830827911151
sonntagsmahlzeit,1,8914,0.0001121830827911151
könnte,1,8914,0.0001121830827911151
tangt,1,8914,0.0001121830827911151
wirtschaften,1,8914,0.0001121830827911151
aufzubewahren,1,8914,0.0001121830827911151
hierzu,1,8914,0.0001121830827911151
großartig,1,8914,0.0001121830827911151
eiernudeln,1,8914,0.0001121830827911151
g,1,8914,0.0001121830827911151
lang,1,8914,0.0001121830827911151
rezeptes,1,8914,0.0001121830827911151
bedenken,1,8914,0.0001121830827911151
hammelfleisch,1,8914,0.0001121830827911151
schnitt,1,8914,0.0001121830827911151
nötigen,1,8914,0.0001121830827911151
spinatstengel,1,8914,0.0001121830827911151
zurück,1,8914,0.0001121830827911151
wurzelwert,1,8914,0.0001121830827911151
löffel,1,8914,0.0001121830827911151
achtlos,1,8914,0.0001121830827911151
abgekochten,1,8914,0.0001121830827911151
u«a,1,8914,0.0001121830827911151
verbindet,1,8914,0.0001121830827911151
zuckerkuchen,1,8914,0.0001121830827911151
natur,1,8914,0.0001121830827911151
warme,1,8914,0.0001121830827911151
sal,1,8914,0.0001121830827911151
mitgekocht,1,8914,0.0001121830827911151
bieten,1,8914,0.0001121830827911151
geschlagener,1,8914,0.0001121830827911151
eingekocht,1,8914,0.0001121830827911151
taugt,1,8914,0.0001121830827911151
feinerer,1,8914,0.0001121830827911151
verwend,1,8914,0.0001121830827911151
frühe,1,8914,0.0001121830827911151
behutsam,1,8914,0.0001121830827911151
altgemein,1,8914,0.0001121830827911151
leere,1,8914,0.0001121830827911151
flehen,1,8914,0.0001121830827911151
brotes,1,8914,0.0001121830827911151
aufgebraten,1,8914,0.0001121830827911151
sum,1,8914,0.0001121830827911151
gekauft,1,8914,0.0001121830827911151
gelblich,1,8914,0.0001121830827911151
neischmahlzeiten,1,8914,0.0001121830827911151
selleneblätter,1,8914,0.0001121830827911151
grün,1,8914,0.0001121830827911151
gewiegte,1,8914,0.0001121830827911151
vorstehend,1,8914,0.0001121830827911151
jahren,1,8914,0.0001121830827911151
wenigem,1,8914,0.0001121830827911151
fetten,1,8914,0.0001121830827911151
kartoffelsalat,1,8914,0.0001121830827911151
eiern,1,8914,0.0001121830827911151
bestrent,1,8914,0.0001121830827911151
reißt,1,8914,0.0001121830827911151
hellgrüne,1,8914,0.0001121830827911151
ausgebacken,1,8914,0.0001121830827911151
schichtweise,1,8914,0.0001121830827911151
«,1,8914,0.0001121830827911151
oft,1,8914,0.0001121830827911151
znletzt,1,8914,0.0001121830827911151
dunkler,1,8914,0.0001121830827911151
pier,1,8914,0.0001121830827911151
lumina,1,8914,0.0001121830827911151
knollen,1,8914,0.0001121830827911151
tem,1,8914,0.0001121830827911151
schwarz,1,8914,0.0001121830827911151
borsuppe,1,8914,0.0001121830827911151
kriegsfranzbrötchen,1,8914,0.0001121830827911151
grünem,1,8914,0.0001121830827911151
vorstehenden,1,8914,0.0001121830827911151
haselnuß,1,8914,0.0001121830827911151
ersetzen,1,8914,0.0001121830827911151
28,1,8914,0.0001121830827911151
nnt,1,8914,0.0001121830827911151
gelbe,1,8914,0.0001121830827911151
apfelsinenpudding,1,8914,0.0001121830827911151
eingegossen,1,8914,0.0001121830827911151
brotscheiben,1,8914,0.0001121830827911151
suppenklößchen,1,8914,0.0001121830827911151
befürchten,1,8914,0.0001121830827911151
beträufelt,1,8914,0.0001121830827911151
abschmatzen,1,8914,0.0001121830827911151
rosenkohlblätter,1,8914,0.0001121830827911151
einsalzen,1,8914,0.0001121830827911151
mitzu,1,8914,0.0001121830827911151
gefüllte,1,8914,0.0001121830827911151
bratofen,1,8914,0.0001121830827911151
uni,1,8914,0.0001121830827911151
hauptsache,1,8914,0.0001121830827911151
immerhin,1,8914,0.0001121830827911151
niehl,1,8914,0.0001121830827911151
rouladen,1,8914,0.0001121830827911151
hülsenfrüchte,1,8914,0.0001121830827911151
geneben,1,8914,0.0001121830827911151
rückgelassenen,1,8914,0.0001121830827911151
vielfach,1,8914,0.0001121830827911151
zweifeln,1,8914,0.0001121830827911151
abgekocht,1,8914,0.0001121830827911151
produkte,1,8914,0.0001121830827911151
gekacht,1,8914,0.0001121830827911151
pergamentpapier,1,8914,0.0001121830827911151
schrot,1,8914,0.0001121830827911151
oer,1,8914,0.0001121830827911151
lelbltersuiaene,1,8914,0.0001121830827911151
gerieben?,1,8914,0.0001121830827911151
nichi,1,8914,0.0001121830827911151
drauf,1,8914,0.0001121830827911151
gefülltes,1,8914,0.0001121830827911151
kopf,1,8914,0.0001121830827911151
entbrannte,1,8914,0.0001121830827911151
da^i,1,8914,0.0001121830827911151
fleischabfälle,1,8914,0.0001121830827911151
wechsele,1,8914,0.0001121830827911151
frisches,1,8914,0.0001121830827911151
e?,1,8914,0.0001121830827911151
vru,1,8914,0.0001121830827911151
samt,1,8914,0.0001121830827911151
seit,1,8914,0.0001121830827911151
rührkuchen,1,8914,0.0001121830827911151
lmjeuschrot,1,8914,0.0001121830827911151
papierhülle,1,8914,0.0001121830827911151
acker,1,8914,0.0001121830827911151
lernen,1,8914,0.0001121830827911151
verziert,1,8914,0.0001121830827911151
knoche,1,8914,0.0001121830827911151
derben,1,8914,0.0001121830827911151
sammen,1,8914,0.0001121830827911151
gewiegter,1,8914,0.0001121830827911151
hilft,1,8914,0.0001121830827911151
zerbrochen,1,8914,0.0001121830827911151
beigabe,1,8914,0.0001121830827911151
angaben,1,8914,0.0001121830827911151
bitteren,1,8914,0.0001121830827911151
angerichteten,1,8914,0.0001121830827911151
verschiedene,1,8914,0.0001121830827911151
ernten,1,8914,0.0001121830827911151
eßbar,1,8914,0.0001121830827911151
rollen,1,8914,0.0001121830827911151
wurzelwerk,1,8914,0.0001121830827911151
starke,1,8914,0.0001121830827911151
säumen,1,8914,0.0001121830827911151
heisjem,1,8914,0.0001121830827911151
steigt,1,8914,0.0001121830827911151
seingeschnittene,1,8914,0.0001121830827911151
feldrapünzchen,1,8914,0.0001121830827911151
mitberechnet,1,8914,0.0001121830827911151
grünlernen,1,8914,0.0001121830827911151
buttertunke,1,8914,0.0001121830827911151
keule,1,8914,0.0001121830827911151
ha,1,8914,0.0001121830827911151
abgeschlossen,1,8914,0.0001121830827911151
verringern,1,8914,0.0001121830827911151
trage,1,8914,0.0001121830827911151
zurechtgemacht,1,8914,0.0001121830827911151
bereilet,1,8914,0.0001121830827911151
toffel,1,8914,0.0001121830827911151
5iee,1,8914,0.0001121830827911151
kartoffelfchaum,1,8914,0.0001121830827911151
zugedeck,1,8914,0.0001121830827911151
zwischen,1,8914,0.0001121830827911151
sparsamen,1,8914,0.0001121830827911151
s>,1,8914,0.0001121830827911151
nommen,1,8914,0.0001121830827911151
kennt,1,8914,0.0001121830827911151
rahin,1,8914,0.0001121830827911151
deren,1,8914,0.0001121830827911151
formkuchen,1,8914,0.0001121830827911151
verbrauch,1,8914,0.0001121830827911151
erforderlichen,1,8914,0.0001121830827911151
irgend,1,8914,0.0001121830827911151
steifer,1,8914,0.0001121830827911151
weggelassen,1,8914,0.0001121830827911151
zarte,1,8914,0.0001121830827911151
nichl,1,8914,0.0001121830827911151
schnelles,1,8914,0.0001121830827911151
schadet,1,8914,0.0001121830827911151
