ngram,count,total_words,frequency
und,337,10663,0.031604614086092095
mit,227,10663,0.021288567945231172
l,226,10663,0.021194785707586983
die,190,10663,0.017818625152396135
1,162,10663,0.015192722498358811
i,158,10663,0.01481759354778205
in,157,10663,0.01472381131013786
2,152,10663,0.01425490012191691
werden,146,10663,0.013692206696051768
oder,131,10663,0.012285473131388915
der,126,10663,0.011816561943167964
man,121,10663,0.011347650754947014
kartoffeln,119,10663,0.011160086279658633
wasser,111,10663,0.01040982837850511
3,111,10663,0.01040982837850511
salz,107,10663,0.01003469942792835
wird,102,10663,0.0095657882397074
fett,102,10663,0.0095657882397074
4,76,10663,0.007127450060958455
das,73,10663,0.006846103348025884
sie,70,10663,0.006564756635093314
zu,66,10663,0.0061896276845165524
von,63,10663,0.005908280971583982
milch,62,10663,0.005814498733939792
zucker,62,10663,0.005814498733939792
zum,61,10663,0.005720716496295602
den,56,10663,0.005251805308074651
mehl,54,10663,0.00506424083278627
fleisch,50,10663,0.00468911188220951
dem,47,10663,0.004407765169276939
zwiebel,47,10663,0.004407765169276939
5,46,10663,0.0043139829316327484
ger,44,10663,0.004126418456344368
z,44,10663,0.004126418456344368
a,43,10663,0.004032636218700178
kann,42,10663,0.003938853981055988
pfeffer,42,10663,0.003938853981055988
für,41,10663,0.0038450717434117977
es,41,10663,0.0038450717434117977
pellkartoffeln,40,10663,0.0037512895057676076
pfd,39,10663,0.0036575072681234175
ist,38,10663,0.0035637250304792274
kartoffel,38,10663,0.0035637250304792274
gekocht,37,10663,0.003469942792835037
auf,36,10663,0.003376160555190847
std,36,10663,0.003376160555190847
nach,35,10663,0.003282378317546657
gemüse,33,10663,0.0030948138422582762
sind,33,10663,0.0030948138422582762
>,32,10663,0.003001031604614086
im,31,10663,0.002907249366969896
ii,29,10663,0.0027196848916815155
speck,29,10663,0.0027196848916815155
aus,29,10663,0.0027196848916815155
tl,29,10663,0.0027196848916815155
kochen,29,10663,0.0027196848916815155
auch,29,10663,0.0027196848916815155
pr,28,10663,0.0026259026540373254
kartoffelmehl,28,10663,0.0026259026540373254
eine,28,10663,0.0026259026540373254
durch,28,10663,0.0026259026540373254
dann,27,10663,0.002532120416393135
nnd,27,10663,0.002532120416393135
ein,27,10663,0.002532120416393135
des,25,10663,0.002344555941104755
^,25,10663,0.002344555941104755
bis,23,10663,0.0021569914658163742
obst,23,10663,0.0021569914658163742
an,23,10663,0.0021569914658163742
essig,22,10663,0.002063209228172184
gebraten,21,10663,0.001969426990527994
muß,21,10663,0.001969426990527994
nicht,21,10663,0.001969426990527994
kartoffelbrei,20,10663,0.0018756447528838038
8,20,10663,0.0018756447528838038
10,19,10663,0.0017818625152396137
wenn,19,10663,0.0017818625152396137
25,19,10663,0.0017818625152396137
6,19,10663,0.0017818625152396137
7,19,10663,0.0017818625152396137
zutaten,19,10663,0.0017818625152396137
suppe,19,10663,0.0017818625152396137
gar,19,10663,0.0017818625152396137
alle,18,10663,0.0016880802775954234
saure,18,10663,0.0016880802775954234
gew,18,10663,0.0016880802775954234
20,18,10663,0.0016880802775954234
reste,17,10663,0.0015942980399512331
können,17,10663,0.0015942980399512331
v,17,10663,0.0015942980399512331
beiguß,17,10663,0.0015942980399512331
hering,17,10663,0.0015942980399512331
23,17,10663,0.0015942980399512331
kartoffelsalat,17,10663,0.0015942980399512331
einer,16,10663,0.001500515802307043
sich,16,10663,0.001500515802307043
28,16,10663,0.001500515802307043
18,16,10663,0.001500515802307043
verwendet,16,10663,0.001500515802307043
15,16,10663,0.001500515802307043
kocht,16,10663,0.001500515802307043
einem,16,10663,0.001500515802307043
wie,15,10663,0.0014067335646628528
30,15,10663,0.0014067335646628528
gibt,15,10663,0.0014067335646628528
klöße,14,10663,0.0013129513270186627
13,14,10663,0.0013129513270186627
so,14,10663,0.0013129513270186627
kalt,14,10663,0.0013129513270186627
braun,14,10663,0.0013129513270186627
abgeschmeckt,14,10663,0.0013129513270186627
geschnitten,14,10663,0.0013129513270186627
bei,14,10663,0.0013129513270186627
ab,14,10663,0.0013129513270186627
ge,13,10663,0.0012191690893744724
läßt,13,10663,0.0012191690893744724
rohe,13,10663,0.0012191690893744724
gwk,13,10663,0.0012191690893744724
hirse,13,10663,0.0012191690893744724
k,13,10663,0.0012191690893744724
lorbl,13,10663,0.0012191690893744724
b,13,10663,0.0012191690893744724
form,13,10663,0.0012191690893744724
nur,13,10663,0.0012191690893744724
fisch,13,10663,0.0012191690893744724
masse,13,10663,0.0012191690893744724
brot,13,10663,0.0012191690893744724
zur,12,10663,0.0011253868517302824
gerichte,12,10663,0.0011253868517302824
gemacht,12,10663,0.0011253868517302824
gegräupe,12,10663,0.0011253868517302824
11,12,10663,0.0011253868517302824
g,12,10663,0.0011253868517302824
kaltem,12,10663,0.0011253868517302824
zimt,12,10663,0.0011253868517302824
weich,12,10663,0.0011253868517302824
reis,12,10663,0.0011253868517302824
geröstet,12,10663,0.0011253868517302824
als,12,10663,0.0011253868517302824
gegeben,12,10663,0.0011253868517302824
einen,12,10663,0.0011253868517302824
äpfel,12,10663,0.0011253868517302824
dazu,12,10663,0.0011253868517302824
eier,12,10663,0.0011253868517302824
ans,12,10663,0.0011253868517302824
uud,12,10663,0.0011253868517302824
grieß,12,10663,0.0011253868517302824
gebacken,11,10663,0.001031604614086092
suppen,11,10663,0.001031604614086092
27,11,10663,0.001031604614086092
abgewaschen,11,10663,0.001031604614086092
ersatz,11,10663,0.001031604614086092
24,11,10663,0.001031604614086092
daß,11,10663,0.001031604614086092
salzwasser,11,10663,0.001031604614086092
12,11,10663,0.001031604614086092
17,11,10663,0.001031604614086092
vor,11,10663,0.001031604614086092
29,11,10663,0.001031604614086092
kx,11,10663,0.001031604614086092
semmel,11,10663,0.001031604614086092
hergestellt,11,10663,0.001031604614086092
am,11,10663,0.001031604614086092
art,10,10663,0.0009378223764419019
14,10,10663,0.0009378223764419019
rohen,10,10663,0.0009378223764419019
gewürzen,10,10663,0.0009378223764419019
zwiebeln,10,10663,0.0009378223764419019
«,10,10663,0.0009378223764419019
ei,10,10663,0.0009378223764419019
einbrenne,10,10663,0.0009378223764419019
t,10,10663,0.0009378223764419019
nahrungsmittel,10,10663,0.0009378223764419019
schale,10,10663,0.0009378223764419019
heiß,10,10663,0.0009378223764419019
einfach,10,10663,0.0009378223764419019
fische,10,10663,0.0009378223764419019
diese,10,10663,0.0009378223764419019
backen,10,10663,0.0009378223764419019
heißem,10,10663,0.0009378223764419019
min,10,10663,0.0009378223764419019
9,9,10663,0.0008440401387977117
gelegt,9,10663,0.0008440401387977117
scheiben,9,10663,0.0008440401387977117
ohne,9,10663,0.0008440401387977117
26,9,10663,0.0008440401387977117
teig,9,10663,0.0008440401387977117
buttermilch,9,10663,0.0008440401387977117
brei,9,10663,0.0008440401387977117
seite,9,10663,0.0008440401387977117
vermischt,9,10663,0.0008440401387977117
honig,9,10663,0.0008440401387977117
schnee,9,10663,0.0008440401387977117
seiten,9,10663,0.0008440401387977117
x,9,10663,0.0008440401387977117
pell,9,10663,0.0008440401387977117
stellt,9,10663,0.0008440401387977117
alles,9,10663,0.0008440401387977117
allen,9,10663,0.0008440401387977117
gegossen,9,10663,0.0008440401387977117
noch,9,10663,0.0008440401387977117
frisches,9,10663,0.0008440401387977117
250,9,10663,0.0008440401387977117
d,9,10663,0.0008440401387977117
welche,8,10663,0.0007502579011535215
22,8,10663,0.0007502579011535215
kartoffelsuppe,8,10663,0.0007502579011535215
bündig,8,10663,0.0007502579011535215
sonntagefsen,8,10663,0.0007502579011535215
gek,8,10663,0.0007502579011535215
braten,8,10663,0.0007502579011535215
gut,8,10663,0.0007502579011535215
graupe,8,10663,0.0007502579011535215
gerührt,8,10663,0.0007502579011535215
kochkiste,8,10663,0.0007502579011535215
sauerkraut,8,10663,0.0007502579011535215
her,8,10663,0.0007502579011535215
sein,8,10663,0.0007502579011535215
sehr,8,10663,0.0007502579011535215
knapp,8,10663,0.0007502579011535215
um,8,10663,0.0007502579011535215
geschmack,8,10663,0.0007502579011535215
mohrrüben,8,10663,0.0007502579011535215
geh,8,10663,0.0007502579011535215
darin,8,10663,0.0007502579011535215
unter,8,10663,0.0007502579011535215
salat,8,10663,0.0007502579011535215
je,8,10663,0.0007502579011535215
geformt,8,10663,0.0007502579011535215
stockfisch,8,10663,0.0007502579011535215
stücke,7,10663,0.0006564756635093314
grütze,7,10663,0.0006564756635093314
ks,7,10663,0.0006564756635093314
wurst,7,10663,0.0006564756635093314
kartoffelklöße,7,10663,0.0006564756635093314
gesalzen,7,10663,0.0006564756635093314
gewürfelt,7,10663,0.0006564756635093314
nouvel,7,10663,0.0006564756635093314
darüber,7,10663,0.0006564756635093314
vorbereitete,7,10663,0.0006564756635093314
bohnen,7,10663,0.0006564756635093314
pflaumen,7,10663,0.0006564756635093314
fischgerichte,7,10663,0.0006564756635093314
flüssigkeit,7,10663,0.0006564756635093314
sparen,7,10663,0.0006564756635093314
resten,7,10663,0.0006564756635093314
statt,7,10663,0.0006564756635093314
käse,7,10663,0.0006564756635093314
gemischt,7,10663,0.0006564756635093314
beim,7,10663,0.0006564756635093314
langsam,7,10663,0.0006564756635093314
ver,6,10663,0.0005626934258651412
heringe,6,10663,0.0005626934258651412
herstellen,6,10663,0.0005626934258651412
getrocknetes,6,10663,0.0005626934258651412
da,6,10663,0.0005626934258651412
beigaben,6,10663,0.0005626934258651412
darf,6,10663,0.0005626934258651412
kuchen,6,10663,0.0005626934258651412
kochbeutel,6,10663,0.0005626934258651412
aufgesetzt,6,10663,0.0005626934258651412
stck,6,10663,0.0005626934258651412
salzkartoffeln,6,10663,0.0005626934258651412
er,6,10663,0.0005626934258651412
50,6,10663,0.0005626934258651412
reichlich,6,10663,0.0005626934258651412
zitronenschale,6,10663,0.0005626934258651412
hell,6,10663,0.0005626934258651412
verdickt,6,10663,0.0005626934258651412
beigüsse,6,10663,0.0005626934258651412
bereitet,6,10663,0.0005626934258651412
klößen,6,10663,0.0005626934258651412
pf,6,10663,0.0005626934258651412
19,6,10663,0.0005626934258651412
helle,6,10663,0.0005626934258651412
flocken,6,10663,0.0005626934258651412
gesch,6,10663,0.0005626934258651412
verschiedensten,6,10663,0.0005626934258651412
schnittlauch,6,10663,0.0005626934258651412
zeit,6,10663,0.0005626934258651412
breslau,6,10663,0.0005626934258651412
müssen,6,10663,0.0005626934258651412
öl,6,10663,0.0005626934258651412
100,6,10663,0.0005626934258651412
schnell,6,10663,0.0005626934258651412
klippfisch,6,10663,0.0005626934258651412
hülsenfrüchte,6,10663,0.0005626934258651412
zubereitung,6,10663,0.0005626934258651412
hinein,6,10663,0.0005626934258651412
oben,5,10663,0.00046891118822095095
ihn,5,10663,0.00046891118822095095
anrühren,5,10663,0.00046891118822095095
abgestochen,5,10663,0.00046891118822095095
setzt,5,10663,0.00046891118822095095
entweder,5,10663,0.00046891118822095095
hase,5,10663,0.00046891118822095095
speise,5,10663,0.00046891118822095095
vorhandenen,5,10663,0.00046891118822095095
geriebenen,5,10663,0.00046891118822095095
benutzt,5,10663,0.00046891118822095095
dieser,5,10663,0.00046891118822095095
verwendung,5,10663,0.00046891118822095095
wir,5,10663,0.00046891118822095095
tag,5,10663,0.00046891118822095095
legt,5,10663,0.00046891118822095095
warm,5,10663,0.00046891118822095095
angerührt,5,10663,0.00046891118822095095
ig,5,10663,0.00046891118822095095
vanille,5,10663,0.00046891118822095095
geschüttet,5,10663,0.00046891118822095095
immer,5,10663,0.00046891118822095095
entfernt,5,10663,0.00046891118822095095
beiden,5,10663,0.00046891118822095095
feuer,5,10663,0.00046891118822095095
rechnet,5,10663,0.00046891118822095095
bratkartoffeln,5,10663,0.00046891118822095095
etwa,5,10663,0.00046891118822095095
zuletzt,5,10663,0.00046891118822095095
kleine,5,10663,0.00046891118822095095
sobald,5,10663,0.00046891118822095095
süße,5,10663,0.00046891118822095095
reisbrei,5,10663,0.00046891118822095095
salz?,5,10663,0.00046891118822095095
brühe,5,10663,0.00046891118822095095
ganz,5,10663,0.00046891118822095095
jede,5,10663,0.00046891118822095095
falscher,5,10663,0.00046891118822095095
verwenden,5,10663,0.00046891118822095095
besonders,5,10663,0.00046891118822095095
dazugegeben,5,10663,0.00046891118822095095
aufgekocht,5,10663,0.00046891118822095095
fleischgerichte,5,10663,0.00046891118822095095
tunken,5,10663,0.00046891118822095095
kz,5,10663,0.00046891118822095095
dies,5,10663,0.00046891118822095095
auswahl,5,10663,0.00046891118822095095
mostrichbeiguß,5,10663,0.00046891118822095095
seefische,5,10663,0.00046891118822095095
r,5,10663,0.00046891118822095095
äpfeln,5,10663,0.00046891118822095095
mischung,5,10663,0.00046891118822095095
petersilie,5,10663,0.00046891118822095095
rindfleisch,5,10663,0.00046891118822095095
geschmort,5,10663,0.00046891118822095095
beignß,4,10663,0.00037512895057676077
gebr,4,10663,0.00037512895057676077
weise,4,10663,0.00037512895057676077
gestrichen,4,10663,0.00037512895057676077
einmal,4,10663,0.00037512895057676077
schalen,4,10663,0.00037512895057676077
hausfrau,4,10663,0.00037512895057676077
schokolade,4,10663,0.00037512895057676077
salate,4,10663,0.00037512895057676077
gewürfelte,4,10663,0.00037512895057676077
rühren,4,10663,0.00037512895057676077
damit,4,10663,0.00037512895057676077
warmbier,4,10663,0.00037512895057676077
nachdem,4,10663,0.00037512895057676077
mostrich,4,10663,0.00037512895057676077
weil,4,10663,0.00037512895057676077
haushaltungsunterricht,4,10663,0.00037512895057676077
kochende,4,10663,0.00037512895057676077
geweicht,4,10663,0.00037512895057676077
roh,4,10663,0.00037512895057676077
sparsame,4,10663,0.00037512895057676077
21,4,10663,0.00037512895057676077
frisch,4,10663,0.00037512895057676077
vorher,4,10663,0.00037512895057676077
schweine,4,10663,0.00037512895057676077
16,4,10663,0.00037512895057676077
dnrch,4,10663,0.00037512895057676077
genügend,4,10663,0.00037512895057676077
gemüsesuppe,4,10663,0.00037512895057676077
mir,4,10663,0.00037512895057676077
psd,4,10663,0.00037512895057676077
weizenmehl,4,10663,0.00037512895057676077
speisezettel,4,10663,0.00037512895057676077
würzen,4,10663,0.00037512895057676077
anderen,4,10663,0.00037512895057676077
eingeweicht,4,10663,0.00037512895057676077
angerichtet,4,10663,0.00037512895057676077
teller,4,10663,0.00037512895057676077
0,4,10663,0.00037512895057676077
fleischbrötchen,4,10663,0.00037512895057676077
gurke,4,10663,0.00037512895057676077
löffel,4,10663,0.00037512895057676077
vierteljahr,4,10663,0.00037512895057676077
frauen,4,10663,0.00037512895057676077
füllt,4,10663,0.00037512895057676077
ihr,4,10663,0.00037512895057676077
vom,4,10663,0.00037512895057676077
register,4,10663,0.00037512895057676077
lage,4,10663,0.00037512895057676077
sparsamkeit,4,10663,0.00037512895057676077
schneidet,4,10663,0.00037512895057676077
40,4,10663,0.00037512895057676077
fleischstücke,4,10663,0.00037512895057676077
gebratene,4,10663,0.00037512895057676077
vorgekocht,4,10663,0.00037512895057676077
marmelade,4,10663,0.00037512895057676077
nahrung,4,10663,0.00037512895057676077
kirschen,4,10663,0.00037512895057676077
schmeckt,4,10663,0.00037512895057676077
beigiisse,4,10663,0.00037512895057676077
zubereitet,4,10663,0.00037512895057676077
gelöscht,4,10663,0.00037512895057676077
spinat,4,10663,0.00037512895057676077
bestreut,4,10663,0.00037512895057676077
sondern,4,10663,0.00037512895057676077
besten,4,10663,0.00037512895057676077
gerieben,4,10663,0.00037512895057676077
gemüsesalate,4,10663,0.00037512895057676077
lange,4,10663,0.00037512895057676077
usw,4,10663,0.00037512895057676077
heißen,4,10663,0.00037512895057676077
geschält,4,10663,0.00037512895057676077
mehr,4,10663,0.00037512895057676077
ofen,4,10663,0.00037512895057676077
während,4,10663,0.00037512895057676077
worden,4,10663,0.00037512895057676077
kochendes,4,10663,0.00037512895057676077
wieder,4,10663,0.00037512895057676077
pfanne,4,10663,0.00037512895057676077
dürfen,4,10663,0.00037512895057676077
sieb,4,10663,0.00037512895057676077
graupen,4,10663,0.00037512895057676077
zugedeckt,4,10663,0.00037512895057676077
person,4,10663,0.00037512895057676077
mandeln,4,10663,0.00037512895057676077
mus,4,10663,0.00037512895057676077
andere,4,10663,0.00037512895057676077
kaninchenklein,4,10663,0.00037512895057676077
alte,4,10663,0.00037512895057676077
darunter,4,10663,0.00037512895057676077
gekochten,4,10663,0.00037512895057676077
indem,4,10663,0.00037512895057676077
gestellt,4,10663,0.00037512895057676077
angebraten,4,10663,0.00037512895057676077
marmeladen,4,10663,0.00037512895057676077
kl,4,10663,0.00037512895057676077
kakao,4,10663,0.00037512895057676077
klopse,4,10663,0.00037512895057676077
1^,3,10663,0.0002813467129325706
fischen,3,10663,0.0002813467129325706
voraussichtlich,3,10663,0.0002813467129325706
tier,3,10663,0.0002813467129325706
voll,3,10663,0.0002813467129325706
rührt,3,10663,0.0002813467129325706
weiße,3,10663,0.0002813467129325706
gerichten,3,10663,0.0002813467129325706
topf,3,10663,0.0002813467129325706
mehlklößen,3,10663,0.0002813467129325706
rüböl,3,10663,0.0002813467129325706
nationalen,3,10663,0.0002813467129325706
heringssalat,3,10663,0.0002813467129325706
übersicht,3,10663,0.0002813467129325706
sirup,3,10663,0.0002813467129325706
hälfte,3,10663,0.0002813467129325706
kapernbeiguß,3,10663,0.0002813467129325706
c,3,10663,0.0002813467129325706
arbeit,3,10663,0.0002813467129325706
geben,3,10663,0.0002813467129325706
pflanzenfette,3,10663,0.0002813467129325706
leitfaden,3,10663,0.0002813467129325706
kalten,3,10663,0.0002813467129325706
holzwolle,3,10663,0.0002813467129325706
blattsalat,3,10663,0.0002813467129325706
erdrüben,3,10663,0.0002813467129325706
dunkel,3,10663,0.0002813467129325706
nährstoffe,3,10663,0.0002813467129325706
fortbildungsschulen,3,10663,0.0002813467129325706
wenig,3,10663,0.0002813467129325706
ob,3,10663,0.0002813467129325706
eischnee,3,10663,0.0002813467129325706
mahlzeit,3,10663,0.0002813467129325706
125,3,10663,0.0002813467129325706
zwiebelbeiguß,3,10663,0.0002813467129325706
gewässert,3,10663,0.0002813467129325706
vs,3,10663,0.0002813467129325706
viel,3,10663,0.0002813467129325706
werner,3,10663,0.0002813467129325706
kaldaunen,3,10663,0.0002813467129325706
knochen,3,10663,0.0002813467129325706
gedämpft,3,10663,0.0002813467129325706
vt,3,10663,0.0002813467129325706
grüne,3,10663,0.0002813467129325706
boden,3,10663,0.0002813467129325706
enthalten,3,10663,0.0002813467129325706
kaninchen,3,10663,0.0002813467129325706
gewürz,3,10663,0.0002813467129325706
reibt,3,10663,0.0002813467129325706
gegen,3,10663,0.0002813467129325706
röstet,3,10663,0.0002813467129325706
asche,3,10663,0.0002813467129325706
holz,3,10663,0.0002813467129325706
tisch,3,10663,0.0002813467129325706
eingelegt,3,10663,0.0002813467129325706
solche,3,10663,0.0002813467129325706
übrigen,3,10663,0.0002813467129325706
<,3,10663,0.0002813467129325706
sellerie,3,10663,0.0002813467129325706
kochendem,3,10663,0.0002813467129325706
petersilien,3,10663,0.0002813467129325706
kerne,3,10663,0.0002813467129325706
dadurch,3,10663,0.0002813467129325706
butter,3,10663,0.0002813467129325706
diesen,3,10663,0.0002813467129325706
kartoffelbrot,3,10663,0.0002813467129325706
verrührt,3,10663,0.0002813467129325706
fischsuppe,3,10663,0.0002813467129325706
kochzeit,3,10663,0.0002813467129325706
kinder,3,10663,0.0002813467129325706
kabeljau,3,10663,0.0002813467129325706
frucht,3,10663,0.0002813467129325706
bratwurst,3,10663,0.0002813467129325706
hackfleisch,3,10663,0.0002813467129325706
eisig,3,10663,0.0002813467129325706
weißkraut,3,10663,0.0002813467129325706
muskatnuß,3,10663,0.0002813467129325706
dieselben,3,10663,0.0002813467129325706
länge,3,10663,0.0002813467129325706
hammel,3,10663,0.0002813467129325706
pökelbraten,3,10663,0.0002813467129325706
kochbuch,3,10663,0.0002813467129325706
schellfisch,3,10663,0.0002813467129325706
altes,3,10663,0.0002813467129325706
erläuterungen,3,10663,0.0002813467129325706
nelken,3,10663,0.0002813467129325706
hellbraun,3,10663,0.0002813467129325706
heißt,3,10663,0.0002813467129325706
beides,3,10663,0.0002813467129325706
wurzeln,3,10663,0.0002813467129325706
künstlicher,3,10663,0.0002813467129325706
gereinigt,3,10663,0.0002813467129325706
linsen,3,10663,0.0002813467129325706
36,3,10663,0.0002813467129325706
kart,3,10663,0.0002813467129325706
gesetzt,3,10663,0.0002813467129325706
einfache,3,10663,0.0002813467129325706
be,3,10663,0.0002813467129325706
rote,3,10663,0.0002813467129325706
dicke,3,10663,0.0002813467129325706
gericht,3,10663,0.0002813467129325706
neis,3,10663,0.0002813467129325706
mischen,3,10663,0.0002813467129325706
hinzu,3,10663,0.0002813467129325706
dampf,3,10663,0.0002813467129325706
geschmorte,3,10663,0.0002813467129325706
vorhanden,3,10663,0.0002813467129325706
kartosfelkuchen,3,10663,0.0002813467129325706
fein,3,10663,0.0002813467129325706
dick,3,10663,0.0002813467129325706
angerührtes,3,10663,0.0002813467129325706
verschiedene,3,10663,0.0002813467129325706
ka,3,10663,0.0002813467129325706
geflügel,3,10663,0.0002813467129325706
obstsuppen,3,10663,0.0002813467129325706
süß,3,10663,0.0002813467129325706
abgekühlt,3,10663,0.0002813467129325706
spart,3,10663,0.0002813467129325706
küche,3,10663,0.0002813467129325706
bier,3,10663,0.0002813467129325706
gießt,3,10663,0.0002813467129325706
forderung,3,10663,0.0002813467129325706
blaubeeren,3,10663,0.0002813467129325706
vorbereitet,3,10663,0.0002813467129325706
pflaumenmus,3,10663,0.0002813467129325706
apfelmus,3,10663,0.0002813467129325706
dampfendem,3,10663,0.0002813467129325706
daher,3,10663,0.0002813467129325706
hierzu,3,10663,0.0002813467129325706
vorrat,3,10663,0.0002813467129325706
bearbeitet,3,10663,0.0002813467129325706
h,3,10663,0.0002813467129325706
brotsuppe,3,10663,0.0002813467129325706
gefüllt,3,10663,0.0002813467129325706
dünn,3,10663,0.0002813467129325706
1913,3,10663,0.0002813467129325706
gescheibt,3,10663,0.0002813467129325706
geriebene,3,10663,0.0002813467129325706
umhüllt,3,10663,0.0002813467129325706
verändert,3,10663,0.0002813467129325706
mathilde,3,10663,0.0002813467129325706
feuerung,3,10663,0.0002813467129325706
teils,3,10663,0.0002813467129325706
mischfett,3,10663,0.0002813467129325706
mehlklöße,3,10663,0.0002813467129325706
kaffee,3,10663,0.0002813467129325706
über,3,10663,0.0002813467129325706
zweite,3,10663,0.0002813467129325706
schweinebraten,3,10663,0.0002813467129325706
warmer,3,10663,0.0002813467129325706
morgens,3,10663,0.0002813467129325706
bratfisch,3,10663,0.0002813467129325706
v«,3,10663,0.0002813467129325706
speisen,3,10663,0.0002813467129325706
heiße,3,10663,0.0002813467129325706
ausgesetzt,3,10663,0.0002813467129325706
früchte,3,10663,0.0002813467129325706
iz,3,10663,0.0002813467129325706
mischt,3,10663,0.0002813467129325706
gebracht,3,10663,0.0002813467129325706
grünkohl,3,10663,0.0002813467129325706
hierbei,3,10663,0.0002813467129325706
schaumig,3,10663,0.0002813467129325706
herausgegeben,3,10663,0.0002813467129325706
buchweizen,2,10663,0.00018756447528838038
fertigt,2,10663,0.00018756447528838038
ausgekühlt,2,10663,0.00018756447528838038
anschluß,2,10663,0.00018756447528838038
geteilt,2,10663,0.00018756447528838038
hand,2,10663,0.00018756447528838038
pilzsuppe,2,10663,0.00018756447528838038
erste,2,10663,0.00018756447528838038
kartoffelsuppen,2,10663,0.00018756447528838038
tüchern,2,10663,0.00018756447528838038
mittelgroße,2,10663,0.00018756447528838038
billig,2,10663,0.00018756447528838038
tomatensuppe,2,10663,0.00018756447528838038
labskaus,2,10663,0.00018756447528838038
vaterlandes,2,10663,0.00018756447528838038
fischbrötchen,2,10663,0.00018756447528838038
vielen,2,10663,0.00018756447528838038
aber,2,10663,0.00018756447528838038
april,2,10663,0.00018756447528838038
städtischen,2,10663,0.00018756447528838038
kleiner,2,10663,0.00018756447528838038
lengfisch,2,10663,0.00018756447528838038
kartoffelaufläufe,2,10663,0.00018756447528838038
erbsen,2,10663,0.00018756447528838038
frau,2,10663,0.00018756447528838038
holländische,2,10663,0.00018756447528838038
fischreste,2,10663,0.00018756447528838038
"""",2,10663,0.00018756447528838038
schinkenresten,2,10663,0.00018756447528838038
rurze,2,10663,0.00018756447528838038
würfel,2,10663,0.00018756447528838038
mal,2,10663,0.00018756447528838038
durchziehen,2,10663,0.00018756447528838038
kartoffelpuffer,2,10663,0.00018756447528838038
bemerkung,2,10663,0.00018756447528838038
haferflocken,2,10663,0.00018756447528838038
gefcheibt,2,10663,0.00018756447528838038
ergibt,2,10663,0.00018756447528838038
zitronen,2,10663,0.00018756447528838038
jedem,2,10663,0.00018756447528838038
kresse,2,10663,0.00018756447528838038
gemiise,2,10663,0.00018756447528838038
kartoffelbreireste,2,10663,0.00018756447528838038
waschbaren,2,10663,0.00018756447528838038
selbst,2,10663,0.00018756447528838038
ziehen,2,10663,0.00018756447528838038
kartoffelplinsen,2,10663,0.00018756447528838038
miteinander,2,10663,0.00018756447528838038
lassen,2,10663,0.00018756447528838038
flcischbrötchen,2,10663,0.00018756447528838038
vi,2,10663,0.00018756447528838038
beachten,2,10663,0.00018756447528838038
snppe,2,10663,0.00018756447528838038
heringsbeiguß,2,10663,0.00018756447528838038
teurer,2,10663,0.00018756447528838038
große,2,10663,0.00018756447528838038
semmelklöße,2,10663,0.00018756447528838038
beigusses,2,10663,0.00018756447528838038
vanillezucker,2,10663,0.00018756447528838038
liegen,2,10663,0.00018756447528838038
brann,2,10663,0.00018756447528838038
rhabarber,2,10663,0.00018756447528838038
ebenso,2,10663,0.00018756447528838038
hirsesuppe,2,10663,0.00018756447528838038
nimmt,2,10663,0.00018756447528838038
letzten,2,10663,0.00018756447528838038
teilt,2,10663,0.00018756447528838038
solange,2,10663,0.00018756447528838038
hirt,2,10663,0.00018756447528838038
kochwasser,2,10663,0.00018756447528838038
kartosfelauslauf,2,10663,0.00018756447528838038
weißkäse,2,10663,0.00018756447528838038
künstlichen,2,10663,0.00018756447528838038
halb,2,10663,0.00018756447528838038
erhitzt,2,10663,0.00018756447528838038
iu,2,10663,0.00018756447528838038
fiir,2,10663,0.00018756447528838038
kriegskost,2,10663,0.00018756447528838038
grießbrei,2,10663,0.00018756447528838038
dämpfer,2,10663,0.00018756447528838038
gräten,2,10663,0.00018756447528838038
halbgar,2,10663,0.00018756447528838038
herstellung,2,10663,0.00018756447528838038
kaltes,2,10663,0.00018756447528838038
weiß,2,10663,0.00018756447528838038
zerteilt,2,10663,0.00018756447528838038
dauu,2,10663,0.00018756447528838038
pergamentpapier,2,10663,0.00018756447528838038
teil,2,10663,0.00018756447528838038
milchreisbrei,2,10663,0.00018756447528838038
gurken,2,10663,0.00018756447528838038
welches,2,10663,0.00018756447528838038
nun,2,10663,0.00018756447528838038
salzheringe,2,10663,0.00018756447528838038
milchhirsebrei,2,10663,0.00018756447528838038
getreidesuppen,2,10663,0.00018756447528838038
pseffer,2,10663,0.00018756447528838038
bereiten,2,10663,0.00018756447528838038
möglichst,2,10663,0.00018756447528838038
friedrich,2,10663,0.00018756447528838038
angegeben,2,10663,0.00018756447528838038
kostet,2,10663,0.00018756447528838038
erkaltet,2,10663,0.00018756447528838038
notwendig,2,10663,0.00018756447528838038
bündigmachen,2,10663,0.00018756447528838038
kartoffelsalate,2,10663,0.00018756447528838038
sammeln,2,10663,0.00018756447528838038
backobst,2,10663,0.00018756447528838038
blau,2,10663,0.00018756447528838038
gehackt,2,10663,0.00018756447528838038
lett,2,10663,0.00018756447528838038
genießen,2,10663,0.00018756447528838038
pastete,2,10663,0.00018756447528838038
feit,2,10663,0.00018756447528838038
geschichtet,2,10663,0.00018756447528838038
spinatbeiguß,2,10663,0.00018756447528838038
mischungen,2,10663,0.00018756447528838038
streifen,2,10663,0.00018756447528838038
nächsten,2,10663,0.00018756447528838038
1v,2,10663,0.00018756447528838038
diesem,2,10663,0.00018756447528838038
pudding,2,10663,0.00018756447528838038
pfund,2,10663,0.00018756447528838038
spitze,2,10663,0.00018756447528838038
bisher,2,10663,0.00018756447528838038
soll,2,10663,0.00018756447528838038
fischsalate,2,10663,0.00018756447528838038
kohl,2,10663,0.00018756447528838038
schnittlauchbeiguß,2,10663,0.00018756447528838038
schülerinnen,2,10663,0.00018756447528838038
kartoffelauflauf,2,10663,0.00018756447528838038
wohlschmeckende,2,10663,0.00018756447528838038
rundung,2,10663,0.00018756447528838038
tage,2,10663,0.00018756447528838038
lungensuppe,2,10663,0.00018756447528838038
topfe,2,10663,0.00018756447528838038
kartoffelkoteletten,2,10663,0.00018756447528838038
ihnen,2,10663,0.00018756447528838038
überstreuen,2,10663,0.00018756447528838038
ausgenommen,2,10663,0.00018756447528838038
zerkleinerte,2,10663,0.00018756447528838038
bauernessen,2,10663,0.00018756447528838038
verschiedener,2,10663,0.00018756447528838038
finden,2,10663,0.00018756447528838038
1914,2,10663,0.00018756447528838038
kartoffelpastcle,2,10663,0.00018756447528838038
getrieben,2,10663,0.00018756447528838038
derber,2,10663,0.00018756447528838038
beigus,2,10663,0.00018756447528838038
wasserbade,2,10663,0.00018756447528838038
fest,2,10663,0.00018756447528838038
<z,2,10663,0.00018756447528838038
hannoversch,2,10663,0.00018756447528838038
geschmeckt,2,10663,0.00018756447528838038
getaucht,2,10663,0.00018756447528838038
dünne,2,10663,0.00018756447528838038
abend,2,10663,0.00018756447528838038
schälen,2,10663,0.00018756447528838038
beigllsse,2,10663,0.00018756447528838038
erhalten,2,10663,0.00018756447528838038
beigabe,2,10663,0.00018756447528838038
vorbereiteten,2,10663,0.00018756447528838038
sowie,2,10663,0.00018756447528838038
abgegossen,2,10663,0.00018756447528838038
bettelmann,2,10663,0.00018756447528838038
auflage,2,10663,0.00018756447528838038
stets,2,10663,0.00018756447528838038
dienen,2,10663,0.00018756447528838038
hauptgericht,2,10663,0.00018756447528838038
seefischgerichte,2,10663,0.00018756447528838038
euter,2,10663,0.00018756447528838038
abbildungen,2,10663,0.00018756447528838038
löscht,2,10663,0.00018756447528838038
ankochen,2,10663,0.00018756447528838038
flußfische,2,10663,0.00018756447528838038
richtig,2,10663,0.00018756447528838038
zwei,2,10663,0.00018756447528838038
besonderer,2,10663,0.00018756447528838038
anwenden,2,10663,0.00018756447528838038
bestreuen,2,10663,0.00018756447528838038
gebrüht,2,10663,0.00018756447528838038
geschälte,2,10663,0.00018756447528838038
palmin,2,10663,0.00018756447528838038
wildsuppe,2,10663,0.00018756447528838038
fleisches,2,10663,0.00018756447528838038
nie,2,10663,0.00018756447528838038
>8,2,10663,0.00018756447528838038
apfelkartoffeln,2,10663,0.00018756447528838038
gehen,2,10663,0.00018756447528838038
rippen,2,10663,0.00018756447528838038
fruchtsaft,2,10663,0.00018756447528838038
39,2,10663,0.00018756447528838038
om,2,10663,0.00018756447528838038
jeden,2,10663,0.00018756447528838038
brühklöße,2,10663,0.00018756447528838038
preise,2,10663,0.00018756447528838038
sonst,2,10663,0.00018756447528838038
ehe,2,10663,0.00018756447528838038
mau,2,10663,0.00018756447528838038
sehen,2,10663,0.00018756447528838038
beschöpfen,2,10663,0.00018756447528838038
bratenbeiguß,2,10663,0.00018756447528838038
dic,2,10663,0.00018756447528838038
kalter,2,10663,0.00018756447528838038
gegessen,2,10663,0.00018756447528838038
zusammen,2,10663,0.00018756447528838038
biersuppe,2,10663,0.00018756447528838038
heißes,2,10663,0.00018756447528838038
dunkle,2,10663,0.00018756447528838038
juni,2,10663,0.00018756447528838038
februar,2,10663,0.00018756447528838038
45,2,10663,0.00018756447528838038
verschiedenes,2,10663,0.00018756447528838038
dritte,2,10663,0.00018756447528838038
erneuert,2,10663,0.00018756447528838038
ferdinand,2,10663,0.00018756447528838038
siehe,2,10663,0.00018756447528838038
soviel,2,10663,0.00018756447528838038
stellen,2,10663,0.00018756447528838038
grünkernmehl,2,10663,0.00018756447528838038
iv,2,10663,0.00018756447528838038
päckchen,2,10663,0.00018756447528838038
grüner,2,10663,0.00018756447528838038
indische,2,10663,0.00018756447528838038
herd,2,10663,0.00018756447528838038
sahne,2,10663,0.00018756447528838038
150,2,10663,0.00018756447528838038
praktischen,2,10663,0.00018756447528838038
klein,2,10663,0.00018756447528838038
haben,2,10663,0.00018756447528838038
speckbeiguß,2,10663,0.00018756447528838038
gekochtes,2,10663,0.00018756447528838038
60,2,10663,0.00018756447528838038
pilzbeiguß,2,10663,0.00018756447528838038
st,2,10663,0.00018756447528838038
dämpf,2,10663,0.00018756447528838038
31,2,10663,0.00018756447528838038
dein,2,10663,0.00018756447528838038
expl,2,10663,0.00018756447528838038
blumenkohl,2,10663,0.00018756447528838038
genommen,2,10663,0.00018756447528838038
frische,2,10663,0.00018756447528838038
gewürze,2,10663,0.00018756447528838038
geklopft,2,10663,0.00018756447528838038
pfg,2,10663,0.00018756447528838038
schüttet,2,10663,0.00018756447528838038
garkochen,2,10663,0.00018756447528838038
zugegeben,2,10663,0.00018756447528838038
gargekocht,2,10663,0.00018756447528838038
hält,2,10663,0.00018756447528838038
käsetorte,2,10663,0.00018756447528838038
ausstrich,2,10663,0.00018756447528838038
niemals,2,10663,0.00018756447528838038
rüben,2,10663,0.00018756447528838038
derselben,2,10663,0.00018756447528838038
dauerwaren,2,10663,0.00018756447528838038
fleifchmühle,2,10663,0.00018756447528838038
rinder,2,10663,0.00018756447528838038
räucherspeck,2,10663,0.00018756447528838038
verständnis,2,10663,0.00018756447528838038
anreiben,2,10663,0.00018756447528838038
gebraucht,2,10663,0.00018756447528838038
mnß,2,10663,0.00018756447528838038
will,2,10663,0.00018756447528838038
zncker,2,10663,0.00018756447528838038
abger,2,10663,0.00018756447528838038
schweinefleisch,2,10663,0.00018756447528838038
69,2,10663,0.00018756447528838038
schon,2,10663,0.00018756447528838038
gerieb,2,10663,0.00018756447528838038
zieht,2,10663,0.00018756447528838038
restverwendung,2,10663,0.00018756447528838038
eingekocht,2,10663,0.00018756447528838038
59,2,10663,0.00018756447528838038
bedeckt,2,10663,0.00018756447528838038
lacken,2,10663,0.00018756447528838038
jas,2,10663,0.00018756447528838038
übergössen,2,10663,0.00018756447528838038
gemüsegerichte,2,10663,0.00018756447528838038
geschehen,2,10663,0.00018756447528838038
getreidesuppcn,2,10663,0.00018756447528838038
kohlen,2,10663,0.00018756447528838038
kartoffelschäler,2,10663,0.00018756447528838038
geriebenes,2,10663,0.00018756447528838038
starkem,2,10663,0.00018756447528838038
gedämpftes,2,10663,0.00018756447528838038
apfel,2,10663,0.00018756447528838038
stark,2,10663,0.00018756447528838038
ungeteilt,2,10663,0.00018756447528838038
speckscheiben,2,10663,0.00018756447528838038
deutsche,2,10663,0.00018756447528838038
löst,2,10663,0.00018756447528838038
vanillenbeiguß,2,10663,0.00018756447528838038
nud,2,10663,0.00018756447528838038
trocken,2,10663,0.00018756447528838038
tert,2,10663,0.00018756447528838038
vorbereitung,2,10663,0.00018756447528838038
gerösteten,2,10663,0.00018756447528838038
säubern,2,10663,0.00018756447528838038
winterobst,2,10663,0.00018756447528838038
gemüsen,2,10663,0.00018756447528838038
sollen,2,10663,0.00018756447528838038
wohlschmeckend,2,10663,0.00018756447528838038
mittags,2,10663,0.00018756447528838038
zerteilten,2,10663,0.00018756447528838038
l>,2,10663,0.00018756447528838038
kaninchenbraten,2,10663,0.00018756447528838038
stück,2,10663,0.00018756447528838038
fettes,2,10663,0.00018756447528838038
schriften,2,10663,0.00018756447528838038
kar,2,10663,0.00018756447528838038
berücksichtigung,2,10663,0.00018756447528838038
hage,2,10663,0.00018756447528838038
hülsenfrüchten,2,10663,0.00018756447528838038
rasch,2,10663,0.00018756447528838038
dagegen,2,10663,0.00018756447528838038
fällen,2,10663,0.00018756447528838038
gewiirze,2,10663,0.00018756447528838038
deckel,2,10663,0.00018756447528838038
mitwirkung,2,10663,0.00018756447528838038
lagert,2,10663,0.00018756447528838038
dampfenden,2,10663,0.00018756447528838038
kriegszeit,2,10663,0.00018756447528838038
krieges,2,10663,0.00018756447528838038
kraut,2,10663,0.00018756447528838038
flockenklöße,2,10663,0.00018756447528838038
jetzt,2,10663,0.00018756447528838038
brenne,2,10663,0.00018756447528838038
schrotbrot,2,10663,0.00018756447528838038
seelachs,2,10663,0.00018756447528838038
dabei,2,10663,0.00018756447528838038
guten,2,10663,0.00018756447528838038
aller,2,10663,0.00018756447528838038
mehle,2,10663,0.00018756447528838038
richtet,2,10663,0.00018756447528838038
gehäutet,2,10663,0.00018756447528838038
getrocknet,2,10663,0.00018756447528838038
nahrhafte,2,10663,0.00018756447528838038
heringskartoffeln,2,10663,0.00018756447528838038
steif,2,10663,0.00018756447528838038
verdicken,2,10663,0.00018756447528838038
maisklöße,2,10663,0.00018756447528838038
herings,2,10663,0.00018756447528838038
fischsalat,2,10663,0.00018756447528838038
blutwurst,2,10663,0.00018756447528838038
gehüllt,2,10663,0.00018756447528838038
angerührtem,2,10663,0.00018756447528838038
stachelbeeren,2,10663,0.00018756447528838038
holländisch,2,10663,0.00018756447528838038
kuheuter,2,10663,0.00018756447528838038
gekochte,2,10663,0.00018756447528838038
etwas,2,10663,0.00018756447528838038
pflaumenklöße,2,10663,0.00018756447528838038
angegossen,2,10663,0.00018756447528838038
minuten,2,10663,0.00018756447528838038
bittere,2,10663,0.00018756447528838038
geschmortes,2,10663,0.00018756447528838038
kochvorschriften,2,10663,0.00018756447528838038
obstmus,2,10663,0.00018756447528838038
lagenweise,2,10663,0.00018756447528838038
eingestellt,2,10663,0.00018756447528838038
berechnet,2,10663,0.00018756447528838038
toffeln,2,10663,0.00018756447528838038
ps,2,10663,0.00018756447528838038
kaufen,2,10663,0.00018756447528838038
hammelbraten,2,10663,0.00018756447528838038
32,2,10663,0.00018756447528838038
hammelfleisch,2,10663,0.00018756447528838038
wild,2,10663,0.00018756447528838038
pellkartoffel,2,10663,0.00018756447528838038
kochens,2,10663,0.00018756447528838038
darum,2,10663,0.00018756447528838038
znm,2,10663,0.00018756447528838038
erst,2,10663,0.00018756447528838038
meer,2,10663,0.00018756447528838038
verlagsbuchhandlung,2,10663,0.00018756447528838038
rinderbraten,2,10663,0.00018756447528838038
auskochen,2,10663,0.00018756447528838038
sauer,2,10663,0.00018756447528838038
verbrauch,2,10663,0.00018756447528838038
wo,2,10663,0.00018756447528838038
35,2,10663,0.00018756447528838038
°,2,10663,0.00018756447528838038
bäckt,2,10663,0.00018756447528838038
vegetarisch,2,10663,0.00018756447528838038
zahl,2,10663,0.00018756447528838038
geputzt,2,10663,0.00018756447528838038
derb,1,10663,9.378223764419019e-05
eingelegtes,1,10663,9.378223764419019e-05
martini,1,10663,9.378223764419019e-05
ole,1,10663,9.378223764419019e-05
v2,1,10663,9.378223764419019e-05
geschlingesuppe,1,10663,9.378223764419019e-05
knorrluppe,1,10663,9.378223764419019e-05
frühjahr,1,10663,9.378223764419019e-05
bratenbeigußrest,1,10663,9.378223764419019e-05
rindsleber,1,10663,9.378223764419019e-05
schalenmasse,1,10663,9.378223764419019e-05
unsere,1,10663,9.378223764419019e-05
öle,1,10663,9.378223764419019e-05
mischling,1,10663,9.378223764419019e-05
all,1,10663,9.378223764419019e-05
gegräupesuppe,1,10663,9.378223764419019e-05
belieben,1,10663,9.378223764419019e-05
<breirest>,1,10663,9.378223764419019e-05
gauz,1,10663,9.378223764419019e-05
briketts,1,10663,9.378223764419019e-05
ton,1,10663,9.378223764419019e-05
strunk,1,10663,9.378223764419019e-05
meerrettich,1,10663,9.378223764419019e-05
gewiegtes,1,10663,9.378223764419019e-05
runder,1,10663,9.378223764419019e-05
hitze,1,10663,9.378223764419019e-05
wesent,1,10663,9.378223764419019e-05
kartoffclmelilauslauf,1,10663,9.378223764419019e-05
aufgestellten,1,10663,9.378223764419019e-05
färbt,1,10663,9.378223764419019e-05
fach,1,10663,9.378223764419019e-05
rcstcrverwendunz,1,10663,9.378223764419019e-05
saucrampsersuppe,1,10663,9.378223764419019e-05
öffnung,1,10663,9.378223764419019e-05
sür,1,10663,9.378223764419019e-05
losach,1,10663,9.378223764419019e-05
fette,1,10663,9.378223764419019e-05
dickgerührt,1,10663,9.378223764419019e-05
gemahlen,1,10663,9.378223764419019e-05
waren,1,10663,9.378223764419019e-05
fischbrühe,1,10663,9.378223764419019e-05
sowil^,1,10663,9.378223764419019e-05
bllndiginachen,1,10663,9.378223764419019e-05
blaubeersuppe,1,10663,9.378223764419019e-05
stehen,1,10663,9.378223764419019e-05
angebaut,1,10663,9.378223764419019e-05
schäumt,1,10663,9.378223764419019e-05
zeiten,1,10663,9.378223764419019e-05
beschränkt,1,10663,9.378223764419019e-05
fuppe,1,10663,9.378223764419019e-05
backpflaumen,1,10663,9.378223764419019e-05
frischen,1,10663,9.378223764419019e-05
sämig,1,10663,9.378223764419019e-05
häuslichen,1,10663,9.378223764419019e-05
tropsenprobe,1,10663,9.378223764419019e-05
überall,1,10663,9.378223764419019e-05
begossen,1,10663,9.378223764419019e-05
tiefen,1,10663,9.378223764419019e-05
wenigstens,1,10663,9.378223764419019e-05
küchenabfülle,1,10663,9.378223764419019e-05
knoblauchwurst,1,10663,9.378223764419019e-05
richtung,1,10663,9.378223764419019e-05
wiirzelsuppe,1,10663,9.378223764419019e-05
wintergemüse,1,10663,9.378223764419019e-05
restverwendnng,1,10663,9.378223764419019e-05
angabe,1,10663,9.378223764419019e-05
nen,1,10663,9.378223764419019e-05
aps,1,10663,9.378223764419019e-05
wiegt,1,10663,9.378223764419019e-05
4g,1,10663,9.378223764419019e-05
sast,1,10663,9.378223764419019e-05
filgt,1,10663,9.378223764419019e-05
leuerungs,1,10663,9.378223764419019e-05
kochenden,1,10663,9.378223764419019e-05
bessere,1,10663,9.378223764419019e-05
verlesen,1,10663,9.378223764419019e-05
milchspeise,1,10663,9.378223764419019e-05
"„klein""",1,10663,9.378223764419019e-05
kartoffelpaftetc,1,10663,9.378223764419019e-05
kllrbissuppe,1,10663,9.378223764419019e-05
fortwährendem,1,10663,9.378223764419019e-05
oberschlcsischer,1,10663,9.378223764419019e-05
steint,1,10663,9.378223764419019e-05
hingestellt,1,10663,9.378223764419019e-05
bidars,1,10663,9.378223764419019e-05
nimmer,1,10663,9.378223764419019e-05
taube,1,10663,9.378223764419019e-05
verschiedenen,1,10663,9.378223764419019e-05
passend,1,10663,9.378223764419019e-05
vorgericht,1,10663,9.378223764419019e-05
stuuden,1,10663,9.378223764419019e-05
zerpflückt,1,10663,9.378223764419019e-05
spicken,1,10663,9.378223764419019e-05
eingekochte,1,10663,9.378223764419019e-05
gem,1,10663,9.378223764419019e-05
bntter,1,10663,9.378223764419019e-05
zustande,1,10663,9.378223764419019e-05
kleinertes,1,10663,9.378223764419019e-05
überlegt,1,10663,9.378223764419019e-05
größeren,1,10663,9.378223764419019e-05
liemann,1,10663,9.378223764419019e-05
rinderfleck,1,10663,9.378223764419019e-05
wurzel,1,10663,9.378223764419019e-05
butten,1,10663,9.378223764419019e-05
voraussicht,1,10663,9.378223764419019e-05
verfasserin,1,10663,9.378223764419019e-05
schell,1,10663,9.378223764419019e-05
41,1,10663,9.378223764419019e-05
breitet,1,10663,9.378223764419019e-05
mühle,1,10663,9.378223764419019e-05
hanssran,1,10663,9.378223764419019e-05
gewickelt,1,10663,9.378223764419019e-05
ißt,1,10663,9.378223764419019e-05
gewiirfelt,1,10663,9.378223764419019e-05
fleifch,1,10663,9.378223764419019e-05
deu,1,10663,9.378223764419019e-05
schlesisch,1,10663,9.378223764419019e-05
gewaschen,1,10663,9.378223764419019e-05
kartoffelniehlspeise,1,10663,9.378223764419019e-05
schriftstellerertrag,1,10663,9.378223764419019e-05
mitwirken,1,10663,9.378223764419019e-05
ersten,1,10663,9.378223764419019e-05
fleischfaser,1,10663,9.378223764419019e-05
birnen,1,10663,9.378223764419019e-05
äreisschulinspektor,1,10663,9.378223764419019e-05
gedrückt,1,10663,9.378223764419019e-05
geslügelsuppe,1,10663,9.378223764419019e-05
apfelsinenmarmelade,1,10663,9.378223764419019e-05
ausgebrateu,1,10663,9.378223764419019e-05
ei>,1,10663,9.378223764419019e-05
müsen,1,10663,9.378223764419019e-05
kraul,1,10663,9.378223764419019e-05
wißt,1,10663,9.378223764419019e-05
sparsam,1,10663,9.378223764419019e-05
rührtem,1,10663,9.378223764419019e-05
stllck,1,10663,9.378223764419019e-05
mählich,1,10663,9.378223764419019e-05
bald,1,10663,9.378223764419019e-05
deren,1,10663,9.378223764419019e-05
äer,1,10663,9.378223764419019e-05
apfelklößen,1,10663,9.378223764419019e-05
bebindet,1,10663,9.378223764419019e-05
geheftet,1,10663,9.378223764419019e-05
aouvel,1,10663,9.378223764419019e-05
abkochwasser,1,10663,9.378223764419019e-05
stroh,1,10663,9.378223764419019e-05
fall,1,10663,9.378223764419019e-05
t?,1,10663,9.378223764419019e-05
vorhandenes,1,10663,9.378223764419019e-05
meerrettigveiguß,1,10663,9.378223764419019e-05
buchweizenmehl,1,10663,9.378223764419019e-05
schmor,1,10663,9.378223764419019e-05
fleischsuppe,1,10663,9.378223764419019e-05
roher,1,10663,9.378223764419019e-05
war,1,10663,9.378223764419019e-05
zapfelsincn,1,10663,9.378223764419019e-05
geschn,1,10663,9.378223764419019e-05
fleischresten,1,10663,9.378223764419019e-05
versucht,1,10663,9.378223764419019e-05
umsonst,1,10663,9.378223764419019e-05
einlegen,1,10663,9.378223764419019e-05
kartoffelkuchen,1,10663,9.378223764419019e-05
übermitteln,1,10663,9.378223764419019e-05
dauermaren,1,10663,9.378223764419019e-05
gemüsesuppen,1,10663,9.378223764419019e-05
näht,1,10663,9.378223764419019e-05
schwenken,1,10663,9.378223764419019e-05
haushaltungsschulen,1,10663,9.378223764419019e-05
wechsel,1,10663,9.378223764419019e-05
dafür,1,10663,9.378223764419019e-05
vorkochzeit,1,10663,9.378223764419019e-05
gezogen,1,10663,9.378223764419019e-05
arten,1,10663,9.378223764419019e-05
verkocht,1,10663,9.378223764419019e-05
gerstenflocken,1,10663,9.378223764419019e-05
rapsöl,1,10663,9.378223764419019e-05
kleineres,1,10663,9.378223764419019e-05
ivo,1,10663,9.378223764419019e-05
sparsamste,1,10663,9.378223764419019e-05
umrühren,1,10663,9.378223764419019e-05
durchgesehene,1,10663,9.378223764419019e-05
x^it^rdesit?,1,10663,9.378223764419019e-05
ebenfalls,1,10663,9.378223764419019e-05
zwiebelwllrfel,1,10663,9.378223764419019e-05
zi,1,10663,9.378223764419019e-05
wiehl,1,10663,9.378223764419019e-05
kleinere,1,10663,9.378223764419019e-05
verbindet,1,10663,9.378223764419019e-05
zun?,1,10663,9.378223764419019e-05
wohlschmeckender,1,10663,9.378223764419019e-05
gerechnet,1,10663,9.378223764419019e-05
geschenkt,1,10663,9.378223764419019e-05
geriihrt,1,10663,9.378223764419019e-05
ihrem,1,10663,9.378223764419019e-05
hafergrütze,1,10663,9.378223764419019e-05
kartoffelkloße,1,10663,9.378223764419019e-05
erreicht,1,10663,9.378223764419019e-05
männer,1,10663,9.378223764419019e-05
obstbeiguß,1,10663,9.378223764419019e-05
suppeugemüse,1,10663,9.378223764419019e-05
3l,1,10663,9.378223764419019e-05
preisen,1,10663,9.378223764419019e-05
eingebrannte,1,10663,9.378223764419019e-05
sommer,1,10663,9.378223764419019e-05
tapferkeit,1,10663,9.378223764419019e-05
einteilung,1,10663,9.378223764419019e-05
schotensuppe,1,10663,9.378223764419019e-05
kalbfleisch,1,10663,9.378223764419019e-05
kartoffelu,1,10663,9.378223764419019e-05
aufbewahrung,1,10663,9.378223764419019e-05
verständ,1,10663,9.378223764419019e-05
getränke,1,10663,9.378223764419019e-05
116,1,10663,9.378223764419019e-05
eiweiß,1,10663,9.378223764419019e-05
begießen,1,10663,9.378223764419019e-05
volksschulen,1,10663,9.378223764419019e-05
sud,1,10663,9.378223764419019e-05
kriegstost,1,10663,9.378223764419019e-05
karloffelklofze,1,10663,9.378223764419019e-05
genannt,1,10663,9.378223764419019e-05
weichen,1,10663,9.378223764419019e-05
messer,1,10663,9.378223764419019e-05
kartofselkuchen,1,10663,9.378223764419019e-05
rindersleck,1,10663,9.378223764419019e-05
blaubeer,1,10663,9.378223764419019e-05
nis,1,10663,9.378223764419019e-05
pflanze,1,10663,9.378223764419019e-05
gebräuchliche,1,10663,9.378223764419019e-05
dcu,1,10663,9.378223764419019e-05
fortgelassen,1,10663,9.378223764419019e-05
brilhcn,1,10663,9.378223764419019e-05
hinzugeben,1,10663,9.378223764419019e-05
radtke,1,10663,9.378223764419019e-05
obstbeigüssc,1,10663,9.378223764419019e-05
kleingcschlagen,1,10663,9.378223764419019e-05
wissen,1,10663,9.378223764419019e-05
kaninchenrest,1,10663,9.378223764419019e-05
abfälle,1,10663,9.378223764419019e-05
rostet,1,10663,9.378223764419019e-05
rochvorschristen,1,10663,9.378223764419019e-05
stelle,1,10663,9.378223764419019e-05
noggenmchl,1,10663,9.378223764419019e-05
roggenklößcn,1,10663,9.378223764419019e-05
kartoffelresten,1,10663,9.378223764419019e-05
stechen,1,10663,9.378223764419019e-05
toten,1,10663,9.378223764419019e-05
gerade,1,10663,9.378223764419019e-05
gewiegtem,1,10663,9.378223764419019e-05
vorteilhafter,1,10663,9.378223764419019e-05
anhang,1,10663,9.378223764419019e-05
niid,1,10663,9.378223764419019e-05
wertvolles,1,10663,9.378223764419019e-05
uppe,1,10663,9.378223764419019e-05
einkocht,1,10663,9.378223764419019e-05
versehen,1,10663,9.378223764419019e-05
sonders,1,10663,9.378223764419019e-05
kartoffelreste,1,10663,9.378223764419019e-05
nest,1,10663,9.378223764419019e-05
<huhn,1,10663,9.378223764419019e-05
daner,1,10663,9.378223764419019e-05
durchgegosseu,1,10663,9.378223764419019e-05
herausgesucht,1,10663,9.378223764419019e-05
alösze,1,10663,9.378223764419019e-05
glasschüssel,1,10663,9.378223764419019e-05
mohrrübenmarmelade,1,10663,9.378223764419019e-05
träufelt,1,10663,9.378223764419019e-05
entstielt,1,10663,9.378223764419019e-05
zz,1,10663,9.378223764419019e-05
laden,1,10663,9.378223764419019e-05
flocienbrei,1,10663,9.378223764419019e-05
kein,1,10663,9.378223764419019e-05
i«,1,10663,9.378223764419019e-05
cw,1,10663,9.378223764419019e-05
kss,1,10663,9.378223764419019e-05
s00,1,10663,9.378223764419019e-05
geringerer,1,10663,9.378223764419019e-05
aricgspflicbten,1,10663,9.378223764419019e-05
bedeutet,1,10663,9.378223764419019e-05
i^,1,10663,9.378223764419019e-05
auslage,1,10663,9.378223764419019e-05
ablöschen,1,10663,9.378223764419019e-05
karloffelmehltorte,1,10663,9.378223764419019e-05
kartoffelbällchen,1,10663,9.378223764419019e-05
eingelegtem,1,10663,9.378223764419019e-05
zerteilte,1,10663,9.378223764419019e-05
erdrllben,1,10663,9.378223764419019e-05
speckbeignß,1,10663,9.378223764419019e-05
dezember,1,10663,9.378223764419019e-05
fettnun,1,10663,9.378223764419019e-05
zeitungs,1,10663,9.378223764419019e-05
kapern,1,10663,9.378223764419019e-05
grnndsuppe,1,10663,9.378223764419019e-05
ernte,1,10663,9.378223764419019e-05
schlechter,1,10663,9.378223764419019e-05
juli,1,10663,9.378223764419019e-05
zusammenbinden,1,10663,9.378223764419019e-05
rippe,1,10663,9.378223764419019e-05
marme,1,10663,9.378223764419019e-05
größeres,1,10663,9.378223764419019e-05
abgewaschenen,1,10663,9.378223764419019e-05
umdrehen,1,10663,9.378223764419019e-05
dicker,1,10663,9.378223764419019e-05
dillkanoffelu,1,10663,9.378223764419019e-05
langen,1,10663,9.378223764419019e-05
nachsehen,1,10663,9.378223764419019e-05
borkockzeit,1,10663,9.378223764419019e-05
probekloß,1,10663,9.378223764419019e-05
zeituugsblätter,1,10663,9.378223764419019e-05
teelöffel,1,10663,9.378223764419019e-05
kissen,1,10663,9.378223764419019e-05
abgelöscht,1,10663,9.378223764419019e-05
duust,1,10663,9.378223764419019e-05
braunrösten,1,10663,9.378223764419019e-05
beigüssen,1,10663,9.378223764419019e-05
ci,1,10663,9.378223764419019e-05
erwärmtes,1,10663,9.378223764419019e-05
schnittlanchbeiguß,1,10663,9.378223764419019e-05
rinderflecke,1,10663,9.378223764419019e-05
gerichtet,1,10663,9.378223764419019e-05
knüllen,1,10663,9.378223764419019e-05
verbraucht,1,10663,9.378223764419019e-05
kriegskochkurseu,1,10663,9.378223764419019e-05
abgebrannt,1,10663,9.378223764419019e-05
suppcn,1,10663,9.378223764419019e-05
vorschrift,1,10663,9.378223764419019e-05
peterfilicnbeignß,1,10663,9.378223764419019e-05
miidcheu,1,10663,9.378223764419019e-05
unbranchbar,1,10663,9.378223764419019e-05
kopf,1,10663,9.378223764419019e-05
chen,1,10663,9.378223764419019e-05
gescheibte,1,10663,9.378223764419019e-05
aufzugeben,1,10663,9.378223764419019e-05
deutschelrauenundmädchen,1,10663,9.378223764419019e-05
januar,1,10663,9.378223764419019e-05
gcflügelsuppe,1,10663,9.378223764419019e-05
vorteilhast,1,10663,9.378223764419019e-05
heringsklopfe,1,10663,9.378223764419019e-05
zugebunden,1,10663,9.378223764419019e-05
einzeln,1,10663,9.378223764419019e-05
hergestellter,1,10663,9.378223764419019e-05
richte,1,10663,9.378223764419019e-05
zukämpfen,1,10663,9.378223764419019e-05
aartosfelgerichte,1,10663,9.378223764419019e-05
hilfsschülerinnen,1,10663,9.378223764419019e-05
gedampft,1,10663,9.378223764419019e-05
milche,1,10663,9.378223764419019e-05
weichgedünster,1,10663,9.378223764419019e-05
65,1,10663,9.378223764419019e-05
erhitztem,1,10663,9.378223764419019e-05
beiglissen,1,10663,9.378223764419019e-05
vorschriften,1,10663,9.378223764419019e-05
zg,1,10663,9.378223764419019e-05
scheht,1,10663,9.378223764419019e-05
häufigem,1,10663,9.378223764419019e-05
prinzeßkanoffeln,1,10663,9.378223764419019e-05
fischpastete,1,10663,9.378223764419019e-05
zerkleinert,1,10663,9.378223764419019e-05
kloßwasser,1,10663,9.378223764419019e-05
benutzen,1,10663,9.378223764419019e-05
oftmaligen,1,10663,9.378223764419019e-05
stachelbeer,1,10663,9.378223764419019e-05
kt,1,10663,9.378223764419019e-05
>i,1,10663,9.378223764419019e-05
kartoffelbreireis,1,10663,9.378223764419019e-05
fruchtbrei,1,10663,9.378223764419019e-05
verschließbar,1,10663,9.378223764419019e-05
lübeck,1,10663,9.378223764419019e-05
hüllt,1,10663,9.378223764419019e-05
zerkochte,1,10663,9.378223764419019e-05
kommen,1,10663,9.378223764419019e-05
ähnliches^,1,10663,9.378223764419019e-05
zuerst,1,10663,9.378223764419019e-05
gesehene,1,10663,9.378223764419019e-05
kochunterricht,1,10663,9.378223764419019e-05
verschl,1,10663,9.378223764419019e-05
37,1,10663,9.378223764419019e-05
speckkartoffelsuppe,1,10663,9.378223764419019e-05
solchem,1,10663,9.378223764419019e-05
^2,1,10663,9.378223764419019e-05
hat,1,10663,9.378223764419019e-05
verlin,1,10663,9.378223764419019e-05
gebratenes,1,10663,9.378223764419019e-05
zerschnittenes,1,10663,9.378223764419019e-05
mittelderbe,1,10663,9.378223764419019e-05
sanerkohlsuppe,1,10663,9.378223764419019e-05
behält,1,10663,9.378223764419019e-05
herstellt,1,10663,9.378223764419019e-05
eiu,1,10663,9.378223764419019e-05
größten,1,10663,9.378223764419019e-05
bichl,1,10663,9.378223764419019e-05
63,1,10663,9.378223764419019e-05
neiaüsse,1,10663,9.378223764419019e-05
500,1,10663,9.378223764419019e-05
dazwischen,1,10663,9.378223764419019e-05
1^2,1,10663,9.378223764419019e-05
ihre,1,10663,9.378223764419019e-05
fleischgericht,1,10663,9.378223764419019e-05
dauert,1,10663,9.378223764419019e-05
korken,1,10663,9.378223764419019e-05
schnelleren,1,10663,9.378223764419019e-05
feine,1,10663,9.378223764419019e-05
kaninchenfleisch,1,10663,9.378223764419019e-05
sort,1,10663,9.378223764419019e-05
fleischdauerwaren,1,10663,9.378223764419019e-05
vc>n,1,10663,9.378223764419019e-05
ersetzt,1,10663,9.378223764419019e-05
lorbeerbl,1,10663,9.378223764419019e-05
roggen,1,10663,9.378223764419019e-05
hackfleischspeisen,1,10663,9.378223764419019e-05
dazugerührt,1,10663,9.378223764419019e-05
apfelsincnmarmclade,1,10663,9.378223764419019e-05
bestehen,1,10663,9.378223764419019e-05
tierische,1,10663,9.378223764419019e-05
schmoren,1,10663,9.378223764419019e-05
peter,1,10663,9.378223764419019e-05
hoffe,1,10663,9.378223764419019e-05
lorbeerblatt,1,10663,9.378223764419019e-05
davon,1,10663,9.378223764419019e-05
nährwert,1,10663,9.378223764419019e-05
haben^,1,10663,9.378223764419019e-05
gutes,1,10663,9.378223764419019e-05
see,1,10663,9.378223764419019e-05
butterinilchsnppc,1,10663,9.378223764419019e-05
schaden,1,10663,9.378223764419019e-05
196,1,10663,9.378223764419019e-05
zn,1,10663,9.378223764419019e-05
vielfach,1,10663,9.378223764419019e-05
1s1z,1,10663,9.378223764419019e-05
2v,1,10663,9.378223764419019e-05
stsstsdidliotliek,1,10663,9.378223764419019e-05
abgezogenen,1,10663,9.378223764419019e-05
halten,1,10663,9.378223764419019e-05
märz,1,10663,9.378223764419019e-05
feuern,1,10663,9.378223764419019e-05
hineingezogen,1,10663,9.378223764419019e-05
napfkuchenform,1,10663,9.378223764419019e-05
erschien,1,10663,9.378223764419019e-05
derbem,1,10663,9.378223764419019e-05
holzgeftellcn,1,10663,9.378223764419019e-05
>50,1,10663,9.378223764419019e-05
kiste,1,10663,9.378223764419019e-05
eingefaltet,1,10663,9.378223764419019e-05
eidotter,1,10663,9.378223764419019e-05
daneben,1,10663,9.378223764419019e-05
weiterkochen,1,10663,9.378223764419019e-05
hirsch,1,10663,9.378223764419019e-05
öder,1,10663,9.378223764419019e-05
leber,1,10663,9.378223764419019e-05
bereitete,1,10663,9.378223764419019e-05
zubereiten,1,10663,9.378223764419019e-05
geschenk,1,10663,9.378223764419019e-05
graupensuppe,1,10663,9.378223764419019e-05
prätorius,1,10663,9.378223764419019e-05
38,1,10663,9.378223764419019e-05
zluflockerungsinittel,1,10663,9.378223764419019e-05
überschusses,1,10663,9.378223764419019e-05
42,1,10663,9.378223764419019e-05
brauchen,1,10663,9.378223764419019e-05
hiv,1,10663,9.378223764419019e-05
eindringen,1,10663,9.378223764419019e-05
entfernen,1,10663,9.378223764419019e-05
quarkklößeinitzuckerund,1,10663,9.378223764419019e-05
erbsensuppe,1,10663,9.378223764419019e-05
seitlich,1,10663,9.378223764419019e-05
bedarf,1,10663,9.378223764419019e-05
bruchreis,1,10663,9.378223764419019e-05
wascht,1,10663,9.378223764419019e-05
würze,1,10663,9.378223764419019e-05
ausgeschnitten,1,10663,9.378223764419019e-05
dichien,1,10663,9.378223764419019e-05
2k,1,10663,9.378223764419019e-05
wiutergemüse,1,10663,9.378223764419019e-05
untereinander,1,10663,9.378223764419019e-05
verdünnt,1,10663,9.378223764419019e-05
heißer,1,10663,9.378223764419019e-05
89,1,10663,9.378223764419019e-05
kartossel,1,10663,9.378223764419019e-05
wirtschaften,1,10663,9.378223764419019e-05
kochbentel,1,10663,9.378223764419019e-05
einzelnen,1,10663,9.378223764419019e-05
zer,1,10663,9.378223764419019e-05
sld,1,10663,9.378223764419019e-05
zerschnittene,1,10663,9.378223764419019e-05
herz,1,10663,9.378223764419019e-05
flockenbrei,1,10663,9.378223764419019e-05
getrockneten,1,10663,9.378223764419019e-05
heringsklopsc,1,10663,9.378223764419019e-05
erfahrungen,1,10663,9.378223764419019e-05
entgrätet,1,10663,9.378223764419019e-05
mostrichmischung,1,10663,9.378223764419019e-05
flamme,1,10663,9.378223764419019e-05
gemüseresten,1,10663,9.378223764419019e-05
inngekocht,1,10663,9.378223764419019e-05
fcucrungsmaterial,1,10663,9.378223764419019e-05
prinzeßkartoffeln,1,10663,9.378223764419019e-05
öfterem,1,10663,9.378223764419019e-05
abgießen,1,10663,9.378223764419019e-05
material,1,10663,9.378223764419019e-05
brühen,1,10663,9.378223764419019e-05
geschnittenen,1,10663,9.378223764419019e-05
ion,1,10663,9.378223764419019e-05
heringsbeignß,1,10663,9.378223764419019e-05
flossen,1,10663,9.378223764419019e-05
bällchen,1,10663,9.378223764419019e-05
johannis,1,10663,9.378223764419019e-05
resteverwendung,1,10663,9.378223764419019e-05
möglich,1,10663,9.378223764419019e-05
häufigein,1,10663,9.378223764419019e-05
semmelbröckchen,1,10663,9.378223764419019e-05
zuvielverbranch,1,10663,9.378223764419019e-05
honigmittel,1,10663,9.378223764419019e-05
mädchen,1,10663,9.378223764419019e-05
aufgefüllt,1,10663,9.378223764419019e-05
schweinebauch,1,10663,9.378223764419019e-05
abgedampft,1,10663,9.378223764419019e-05
kartosseln,1,10663,9.378223764419019e-05
peine,1,10663,9.378223764419019e-05
120,1,10663,9.378223764419019e-05
svlcher,1,10663,9.378223764419019e-05
täglichen,1,10663,9.378223764419019e-05
bohnensuppe,1,10663,9.378223764419019e-05
kriegskuchen,1,10663,9.378223764419019e-05
gewürfelten,1,10663,9.378223764419019e-05
log,1,10663,9.378223764419019e-05
blätter,1,10663,9.378223764419019e-05
75,1,10663,9.378223764419019e-05
welschkraut,1,10663,9.378223764419019e-05
letzteres,1,10663,9.378223764419019e-05
eisernen,1,10663,9.378223764419019e-05
gewürzkörner,1,10663,9.378223764419019e-05
klopft,1,10663,9.378223764419019e-05
geschlinge,1,10663,9.378223764419019e-05
bebnnden,1,10663,9.378223764419019e-05
castner,1,10663,9.378223764419019e-05
erfand,1,10663,9.378223764419019e-05
obstes,1,10663,9.378223764419019e-05
schalenlartoffel,1,10663,9.378223764419019e-05
kloß,1,10663,9.378223764419019e-05
geschlossen,1,10663,9.378223764419019e-05
gegräupefpeifen,1,10663,9.378223764419019e-05
2g,1,10663,9.378223764419019e-05
92,1,10663,9.378223764419019e-05
schulgebrauch,1,10663,9.378223764419019e-05
nindslcber,1,10663,9.378223764419019e-05
schinkenlartoffeln,1,10663,9.378223764419019e-05
kochtage,1,10663,9.378223764419019e-05
holzkiste,1,10663,9.378223764419019e-05
franeu,1,10663,9.378223764419019e-05
stnckes,1,10663,9.378223764419019e-05
mahl,1,10663,9.378223764419019e-05
flußfischen,1,10663,9.378223764419019e-05
unserer,1,10663,9.378223764419019e-05
getreideslippen,1,10663,9.378223764419019e-05
hagebutten,1,10663,9.378223764419019e-05
einzelne,1,10663,9.378223764419019e-05
mittagessen,1,10663,9.378223764419019e-05
for,1,10663,9.378223764419019e-05
essigwasser,1,10663,9.378223764419019e-05
treibt,1,10663,9.378223764419019e-05
letztere,1,10663,9.378223764419019e-05
schnitten,1,10663,9.378223764419019e-05
seiner,1,10663,9.378223764419019e-05
weicht,1,10663,9.378223764419019e-05
kartoffelstllcken,1,10663,9.378223764419019e-05
neue,1,10663,9.378223764419019e-05
geriebenem,1,10663,9.378223764419019e-05
getrocknetem,1,10663,9.378223764419019e-05
schäler,1,10663,9.378223764419019e-05
gehackte,1,10663,9.378223764419019e-05
vorbel?alten,1,10663,9.378223764419019e-05
fiud,1,10663,9.378223764419019e-05
rosenkohlsuppe,1,10663,9.378223764419019e-05
gneßklöße,1,10663,9.378223764419019e-05
verrührten,1,10663,9.378223764419019e-05
absticht,1,10663,9.378223764419019e-05
grüt,1,10663,9.378223764419019e-05
cl,1,10663,9.378223764419019e-05
nr,1,10663,9.378223764419019e-05
später,1,10663,9.378223764419019e-05
blatt,1,10663,9.378223764419019e-05
eingesetzt,1,10663,9.378223764419019e-05
städt,1,10663,9.378223764419019e-05
fruchtabfälle,1,10663,9.378223764419019e-05
einlage,1,10663,9.378223764419019e-05
frischer,1,10663,9.378223764419019e-05
zeigen,1,10663,9.378223764419019e-05
gesäubert,1,10663,9.378223764419019e-05
reichel,1,10663,9.378223764419019e-05
geschützt,1,10663,9.378223764419019e-05
ausreichend,1,10663,9.378223764419019e-05
koch,1,10663,9.378223764419019e-05
recbnet,1,10663,9.378223764419019e-05
keinen,1,10663,9.378223764419019e-05
beständigem,1,10663,9.378223764419019e-05
gebräunt,1,10663,9.378223764419019e-05
teil?,1,10663,9.378223764419019e-05
roten,1,10663,9.378223764419019e-05
starken,1,10663,9.378223764419019e-05
papiers,1,10663,9.378223764419019e-05
<1,1,10663,9.378223764419019e-05
herstelleu,1,10663,9.378223764419019e-05
abendtisch,1,10663,9.378223764419019e-05
kartoffelgerichte,1,10663,9.378223764419019e-05
fischresten,1,10663,9.378223764419019e-05
grützsnppe,1,10663,9.378223764419019e-05
k>,1,10663,9.378223764419019e-05
flüssiges,1,10663,9.378223764419019e-05
alleingericht,1,10663,9.378223764419019e-05
kartosfelmehlpudding,1,10663,9.378223764419019e-05
apfelsinen,1,10663,9.378223764419019e-05
gelenkband,1,10663,9.378223764419019e-05
"kochbuches""",1,10663,9.378223764419019e-05
gekühlte,1,10663,9.378223764419019e-05
dreifingerbreite,1,10663,9.378223764419019e-05
gntz,1,10663,9.378223764419019e-05
zudem,1,10663,9.378223764419019e-05
magermilch,1,10663,9.378223764419019e-05
it,1,10663,9.378223764419019e-05
universitäts,1,10663,9.378223764419019e-05
beide,1,10663,9.378223764419019e-05
ent,1,10663,9.378223764419019e-05
abgelesene,1,10663,9.378223764419019e-05
iso,1,10663,9.378223764419019e-05
gest,1,10663,9.378223764419019e-05
inittagtisch,1,10663,9.378223764419019e-05
kartoffelpastcten,1,10663,9.378223764419019e-05
bedient,1,10663,9.378223764419019e-05
frühlingskräutern,1,10663,9.378223764419019e-05
geinüsereste,1,10663,9.378223764419019e-05
durchgerührt,1,10663,9.378223764419019e-05
obsl,1,10663,9.378223764419019e-05
faulige,1,10663,9.378223764419019e-05
knoblauch,1,10663,9.378223764419019e-05
hinans,1,10663,9.378223764419019e-05
huiein,1,10663,9.378223764419019e-05
gelüftet,1,10663,9.378223764419019e-05
49,1,10663,9.378223764419019e-05
geputztes,1,10663,9.378223764419019e-05
kriegs,1,10663,9.378223764419019e-05
zeigt,1,10663,9.378223764419019e-05
besteil,1,10663,9.378223764419019e-05
odst,1,10663,9.378223764419019e-05
doch,1,10663,9.378223764419019e-05
otto,1,10663,9.378223764419019e-05
fleischklöße,1,10663,9.378223764419019e-05
ärmsten,1,10663,9.378223764419019e-05
ll,1,10663,9.378223764419019e-05
nahrhaftesten,1,10663,9.378223764419019e-05
rhabarbersuppe,1,10663,9.378223764419019e-05
ofentür,1,10663,9.378223764419019e-05
is,1,10663,9.378223764419019e-05
einschränkung,1,10663,9.378223764419019e-05
mohr,1,10663,9.378223764419019e-05
goldbarsch,1,10663,9.378223764419019e-05
schält,1,10663,9.378223764419019e-05
hinschafft,1,10663,9.378223764419019e-05
obstiuus,1,10663,9.378223764419019e-05
vorrichtung,1,10663,9.378223764419019e-05
buttermilchsuppe,1,10663,9.378223764419019e-05
opfer,1,10663,9.378223764419019e-05
zugesetzt,1,10663,9.378223764419019e-05
resie,1,10663,9.378223764419019e-05
ihrerseits,1,10663,9.378223764419019e-05
danach,1,10663,9.378223764419019e-05
kk,1,10663,9.378223764419019e-05
sofern,1,10663,9.378223764419019e-05
kleinfleisch,1,10663,9.378223764419019e-05
schiissel,1,10663,9.378223764419019e-05
lunge,1,10663,9.378223764419019e-05
tongeschirr,1,10663,9.378223764419019e-05
sage,1,10663,9.378223764419019e-05
wurdeu,1,10663,9.378223764419019e-05
außer,1,10663,9.378223764419019e-05
einsüllen,1,10663,9.378223764419019e-05
beachtung,1,10663,9.378223764419019e-05
obstbeigüsse,1,10663,9.378223764419019e-05
jeder,1,10663,9.378223764419019e-05
bereit,1,10663,9.378223764419019e-05
ausreichende,1,10663,9.378223764419019e-05
krautpudding,1,10663,9.378223764419019e-05
wachseuem,1,10663,9.378223764419019e-05
gemüseresteu,1,10663,9.378223764419019e-05
vorkochen,1,10663,9.378223764419019e-05
mittagtisch,1,10663,9.378223764419019e-05
abcndtisch,1,10663,9.378223764419019e-05
fetl,1,10663,9.378223764419019e-05
deutschland,1,10663,9.378223764419019e-05
kotelette,1,10663,9.378223764419019e-05
1912,1,10663,9.378223764419019e-05
gcinüsesuppen,1,10663,9.378223764419019e-05
geteilten,1,10663,9.378223764419019e-05
durchgeschnitten,1,10663,9.378223764419019e-05
^ie,1,10663,9.378223764419019e-05
gebratner,1,10663,9.378223764419019e-05
herausnehmen,1,10663,9.378223764419019e-05
schmorkartoffeln,1,10663,9.378223764419019e-05
beigegeben,1,10663,9.378223764419019e-05
petersilienbeiquß,1,10663,9.378223764419019e-05
dämpfen,1,10663,9.378223764419019e-05
knapper,1,10663,9.378223764419019e-05
aartosfeln,1,10663,9.378223764419019e-05
fischrestvcrwendung,1,10663,9.378223764419019e-05
tscgriiupeipcisen,1,10663,9.378223764419019e-05
fleischklößchen,1,10663,9.378223764419019e-05
rindslebcr,1,10663,9.378223764419019e-05
steintöpfen,1,10663,9.378223764419019e-05
mieses,1,10663,9.378223764419019e-05
erklärt,1,10663,9.378223764419019e-05
würzt,1,10663,9.378223764419019e-05
spinaisuppe,1,10663,9.378223764419019e-05
beliebige,1,10663,9.378223764419019e-05
nochmals,1,10663,9.378223764419019e-05
salzkartoffel,1,10663,9.378223764419019e-05
zerschnitten,1,10663,9.378223764419019e-05
zerkleinern,1,10663,9.378223764419019e-05
traten,1,10663,9.378223764419019e-05
folgendes,1,10663,9.378223764419019e-05
aufgenäht,1,10663,9.378223764419019e-05
oberschlesiiche,1,10663,9.378223764419019e-05
beschaffenheit,1,10663,9.378223764419019e-05
einrichtung,1,10663,9.378223764419019e-05
erpl,1,10663,9.378223764419019e-05
l>0,1,10663,9.378223764419019e-05
ruf,1,10663,9.378223764419019e-05
gehacktes,1,10663,9.378223764419019e-05
gesalzenen,1,10663,9.378223764419019e-05
grießklöße,1,10663,9.378223764419019e-05
seefischfleisch,1,10663,9.378223764419019e-05
kirschensuppe,1,10663,9.378223764419019e-05
krämersuppe,1,10663,9.378223764419019e-05
einige,1,10663,9.378223764419019e-05
abgezogen,1,10663,9.378223764419019e-05
geträufelt,1,10663,9.378223764419019e-05
derungen,1,10663,9.378223764419019e-05
rosinen,1,10663,9.378223764419019e-05
einfachste,1,10663,9.378223764419019e-05
rot,1,10663,9.378223764419019e-05
entkernt,1,10663,9.378223764419019e-05
durchgeschlagen,1,10663,9.378223764419019e-05
fertige,1,10663,9.378223764419019e-05
quellen,1,10663,9.378223764419019e-05
wendet,1,10663,9.378223764419019e-05
zitrone,1,10663,9.378223764419019e-05
schmählichen,1,10663,9.378223764419019e-05
hirsebrei,1,10663,9.378223764419019e-05
gestanden,1,10663,9.378223764419019e-05
mäßiger,1,10663,9.378223764419019e-05
krone,1,10663,9.378223764419019e-05
größe,1,10663,9.378223764419019e-05
ü0,1,10663,9.378223764419019e-05
eingehüllt,1,10663,9.378223764419019e-05
unterscheidet,1,10663,9.378223764419019e-05
^zitronenschale,1,10663,9.378223764419019e-05
harz,1,10663,9.378223764419019e-05
nockensnppe,1,10663,9.378223764419019e-05
48,1,10663,9.378223764419019e-05
eingebrannt,1,10663,9.378223764419019e-05
quer,1,10663,9.378223764419019e-05
werk,1,10663,9.378223764419019e-05
auskommen,1,10663,9.378223764419019e-05
au,1,10663,9.378223764419019e-05
niederschönhansen,1,10663,9.378223764419019e-05
gelesen,1,10663,9.378223764419019e-05
geschälten,1,10663,9.378223764419019e-05
spinatbrllhe,1,10663,9.378223764419019e-05
stiicke,1,10663,9.378223764419019e-05
liebhabereien,1,10663,9.378223764419019e-05
bundig,1,10663,9.378223764419019e-05
euch,1,10663,9.378223764419019e-05
frühjahres,1,10663,9.378223764419019e-05
schweinefett,1,10663,9.378223764419019e-05
gcmiisc,1,10663,9.378223764419019e-05
schweinefettes,1,10663,9.378223764419019e-05
jedes,1,10663,9.378223764419019e-05
kartoffelmehlauflauf,1,10663,9.378223764419019e-05
weiter,1,10663,9.378223764419019e-05
geniigeud,1,10663,9.378223764419019e-05
rapunze,1,10663,9.378223764419019e-05
t915,1,10663,9.378223764419019e-05
kartoffelpastetemit,1,10663,9.378223764419019e-05
kartoffelgerichtc,1,10663,9.378223764419019e-05
getreidenahrungsmittel,1,10663,9.378223764419019e-05
frauendienstes,1,10663,9.378223764419019e-05
geld,1,10663,9.378223764419019e-05
gruppen,1,10663,9.378223764419019e-05
hagebutlensuppe,1,10663,9.378223764419019e-05
gefertigt,1,10663,9.378223764419019e-05
zerlegt,1,10663,9.378223764419019e-05
berlin,1,10663,9.378223764419019e-05
nahrungsmenge,1,10663,9.378223764419019e-05
scnimelsuppe,1,10663,9.378223764419019e-05
nehmen,1,10663,9.378223764419019e-05
eintopfgerichte,1,10663,9.378223764419019e-05
gespart,1,10663,9.378223764419019e-05
abgelöst,1,10663,9.378223764419019e-05
petcrsilienbeiguß,1,10663,9.378223764419019e-05
petersiüensuppe,1,10663,9.378223764419019e-05
fluß,1,10663,9.378223764419019e-05
kotelettes,1,10663,9.378223764419019e-05
obstsuppe,1,10663,9.378223764419019e-05
schmackhaftesten,1,10663,9.378223764419019e-05
daun,1,10663,9.378223764419019e-05
martha,1,10663,9.378223764419019e-05
sollten,1,10663,9.378223764419019e-05
rande,1,10663,9.378223764419019e-05
johannesbeercn,1,10663,9.378223764419019e-05
kroß,1,10663,9.378223764419019e-05
verlängert,1,10663,9.378223764419019e-05
vorgekochte,1,10663,9.378223764419019e-05
hasen,1,10663,9.378223764419019e-05
stv,1,10663,9.378223764419019e-05
abends,1,10663,9.378223764419019e-05
ö,1,10663,9.378223764419019e-05
fleischgerichten,1,10663,9.378223764419019e-05
knülleu,1,10663,9.378223764419019e-05
inneu,1,10663,9.378223764419019e-05
osterbrot,1,10663,9.378223764419019e-05
buchweizeugrieß,1,10663,9.378223764419019e-05
inhalt,1,10663,9.378223764419019e-05
zuckerfarbe,1,10663,9.378223764419019e-05
orbicol,1,10663,9.378223764419019e-05
putzt,1,10663,9.378223764419019e-05
aufeinander,1,10663,9.378223764419019e-05
gewogen,1,10663,9.378223764419019e-05
verlorengehen,1,10663,9.378223764419019e-05
umsteckt,1,10663,9.378223764419019e-05
speckwiirfel,1,10663,9.378223764419019e-05
weißkohlsuppe,1,10663,9.378223764419019e-05
abschälen,1,10663,9.378223764419019e-05
kartosselmehlspeise,1,10663,9.378223764419019e-05
gendermaßen,1,10663,9.378223764419019e-05
tonkrausen,1,10663,9.378223764419019e-05
obenauf,1,10663,9.378223764419019e-05
notwendige,1,10663,9.378223764419019e-05
gemüsesalat,1,10663,9.378223764419019e-05
köpfen,1,10663,9.378223764419019e-05
gemengt,1,10663,9.378223764419019e-05
wohlschmeckendsten,1,10663,9.378223764419019e-05
ausbewahrt,1,10663,9.378223764419019e-05
monaten,1,10663,9.378223764419019e-05
erweiterte,1,10663,9.378223764419019e-05
klößchen,1,10663,9.378223764419019e-05
knötelsuppeu,1,10663,9.378223764419019e-05
pld,1,10663,9.378223764419019e-05
sauerampfer,1,10663,9.378223764419019e-05
durchstechen,1,10663,9.378223764419019e-05
schinkenkartoffeln,1,10663,9.378223764419019e-05
mchl,1,10663,9.378223764419019e-05
bratfett,1,10663,9.378223764419019e-05
gebrannt,1,10663,9.378223764419019e-05
brombeertee,1,10663,9.378223764419019e-05
bezogen,1,10663,9.378223764419019e-05
flüifiqer,1,10663,9.378223764419019e-05
glasgefäß,1,10663,9.378223764419019e-05
sämtliche,1,10663,9.378223764419019e-05
papier,1,10663,9.378223764419019e-05
hellen,1,10663,9.378223764419019e-05
genau,1,10663,9.378223764419019e-05
wildgefliigel,1,10663,9.378223764419019e-05
schließt,1,10663,9.378223764419019e-05
duukel,1,10663,9.378223764419019e-05
abgequirlt,1,10663,9.378223764419019e-05
kartoffeln«,1,10663,9.378223764419019e-05
lwdbd,1,10663,9.378223764419019e-05
decke,1,10663,9.378223764419019e-05
früchten,1,10663,9.378223764419019e-05
"s^""^",1,10663,9.378223764419019e-05
vorgelocht,1,10663,9.378223764419019e-05
frischgekochten,1,10663,9.378223764419019e-05
mehrmaliges,1,10663,9.378223764419019e-05
kleingeschnitten,1,10663,9.378223764419019e-05
einfachen,1,10663,9.378223764419019e-05
suppenküche,1,10663,9.378223764419019e-05
lungensnppe,1,10663,9.378223764419019e-05
wünschte,1,10663,9.378223764419019e-05
dauerhaft,1,10663,9.378223764419019e-05
auxxfisch,1,10663,9.378223764419019e-05
specksalat,1,10663,9.378223764419019e-05
gedämpfte,1,10663,9.378223764419019e-05
england,1,10663,9.378223764419019e-05
zntaten,1,10663,9.378223764419019e-05
leinöl,1,10663,9.378223764419019e-05
achtet,1,10663,9.378223764419019e-05
aufgefetzt,1,10663,9.378223764419019e-05
dampfend,1,10663,9.378223764419019e-05
52,1,10663,9.378223764419019e-05
fleischdauerwareu,1,10663,9.378223764419019e-05
angerührte,1,10663,9.378223764419019e-05
gespickt,1,10663,9.378223764419019e-05
blaschke,1,10663,9.378223764419019e-05
tng,1,10663,9.378223764419019e-05
aschen,1,10663,9.378223764419019e-05
obstbeignß,1,10663,9.378223764419019e-05
machen,1,10663,9.378223764419019e-05
schwarze,1,10663,9.378223764419019e-05
dunklen,1,10663,9.378223764419019e-05
^ahre,1,10663,9.378223764419019e-05
mahlzeiten,1,10663,9.378223764419019e-05
hergestellten,1,10663,9.378223764419019e-05
dazugetan,1,10663,9.378223764419019e-05
äartoffelschciben,1,10663,9.378223764419019e-05
12ö,1,10663,9.378223764419019e-05
einkochen,1,10663,9.378223764419019e-05
erhält,1,10663,9.378223764419019e-05
topfes,1,10663,9.378223764419019e-05
gelegten,1,10663,9.378223764419019e-05
lkops,1,10663,9.378223764419019e-05
pflaumcm,1,10663,9.378223764419019e-05
speckkartoffeln,1,10663,9.378223764419019e-05
reife,1,10663,9.378223764419019e-05
en,1,10663,9.378223764419019e-05
handvoll,1,10663,9.378223764419019e-05
oberrübeu,1,10663,9.378223764419019e-05
unverbrannte,1,10663,9.378223764419019e-05
34,1,10663,9.378223764419019e-05
pökelschweinebrateu,1,10663,9.378223764419019e-05
getreidenahrungsmitteln,1,10663,9.378223764419019e-05
fleischmühle,1,10663,9.378223764419019e-05
steten,1,10663,9.378223764419019e-05
106,1,10663,9.378223764419019e-05
gebnis,1,10663,9.378223764419019e-05
weiteren,1,10663,9.378223764419019e-05
gurkensalat,1,10663,9.378223764419019e-05
folgendein,1,10663,9.378223764419019e-05
ausgabe,1,10663,9.378223764419019e-05
franendienst,1,10663,9.378223764419019e-05
druck,1,10663,9.378223764419019e-05
sirnp,1,10663,9.378223764419019e-05
lindenblütentee,1,10663,9.378223764419019e-05
abgekocht,1,10663,9.378223764419019e-05
fällt,1,10663,9.378223764419019e-05
küchenämter,1,10663,9.378223764419019e-05
noa,1,10663,9.378223764419019e-05
grundsuppe,1,10663,9.378223764419019e-05
durchgekocht,1,10663,9.378223764419019e-05
zerkleinertes,1,10663,9.378223764419019e-05
rettichbeignß,1,10663,9.378223764419019e-05
mitgekocht,1,10663,9.378223764419019e-05
rosen,1,10663,9.378223764419019e-05
givk,1,10663,9.378223764419019e-05
bcsicbt,1,10663,9.378223764419019e-05
meerrettichbeiguß,1,10663,9.378223764419019e-05
flnsch,1,10663,9.378223764419019e-05
band,1,10663,9.378223764419019e-05
stock,1,10663,9.378223764419019e-05
teures,1,10663,9.378223764419019e-05
dieses,1,10663,9.378223764419019e-05
abgewischt,1,10663,9.378223764419019e-05
abreiben,1,10663,9.378223764419019e-05
bieten,1,10663,9.378223764419019e-05
waltet,1,10663,9.378223764419019e-05
minztee,1,10663,9.378223764419019e-05
brenn,1,10663,9.378223764419019e-05
verschieden,1,10663,9.378223764419019e-05
>0,1,10663,9.378223764419019e-05
heriug,1,10663,9.378223764419019e-05
knollen,1,10663,9.378223764419019e-05
leicht,1,10663,9.378223764419019e-05
blech,1,10663,9.378223764419019e-05
scholz,1,10663,9.378223764419019e-05
wiebei,1,10663,9.378223764419019e-05
kartoffelbreiauslauf,1,10663,9.378223764419019e-05
soeben,1,10663,9.378223764419019e-05
kartoffelauslauf,1,10663,9.378223764419019e-05
erweitert,1,10663,9.378223764419019e-05
roggenklößen,1,10663,9.378223764419019e-05
w,1,10663,9.378223764419019e-05
speckwürfel,1,10663,9.378223764419019e-05
eingelegte,1,10663,9.378223764419019e-05
auge,1,10663,9.378223764419019e-05
durchschnittlich,1,10663,9.378223764419019e-05
auflockerungsmittel,1,10663,9.378223764419019e-05
vorrichtungen,1,10663,9.378223764419019e-05
feuernngsmaterial,1,10663,9.378223764419019e-05
vauilleubeiguß,1,10663,9.378223764419019e-05
pflaume,1,10663,9.378223764419019e-05
5n,1,10663,9.378223764419019e-05
gehackter,1,10663,9.378223764419019e-05
bleiben,1,10663,9.378223764419019e-05
fehlen,1,10663,9.378223764419019e-05
kohlenstück,1,10663,9.378223764419019e-05
schlcsisch,1,10663,9.378223764419019e-05
kaninchenbrate,1,10663,9.378223764419019e-05
königliche,1,10663,9.378223764419019e-05
welsch,1,10663,9.378223764419019e-05
gemischte,1,10663,9.378223764419019e-05
könnte,1,10663,9.378223764419019e-05
teure,1,10663,9.378223764419019e-05
arl,1,10663,9.378223764419019e-05
brom,1,10663,9.378223764419019e-05
stachelbeersuppe,1,10663,9.378223764419019e-05
knochenbrühe,1,10663,9.378223764419019e-05
abzuwaschen,1,10663,9.378223764419019e-05
pfefferkörner,1,10663,9.378223764419019e-05
selleriesnppe,1,10663,9.378223764419019e-05
verbesser,1,10663,9.378223764419019e-05
daran,1,10663,9.378223764419019e-05
feingeicheiblen,1,10663,9.378223764419019e-05
nudeln,1,10663,9.378223764419019e-05
aushungern,1,10663,9.378223764419019e-05
bedieucu,1,10663,9.378223764419019e-05
frieden,1,10663,9.378223764419019e-05
fischslcisch,1,10663,9.378223764419019e-05
kochtopf,1,10663,9.378223764419019e-05
prinzeß,1,10663,9.378223764419019e-05
abgetrocknet,1,10663,9.378223764419019e-05
geräucherten,1,10663,9.378223764419019e-05
ausgelassenen,1,10663,9.378223764419019e-05
gegräupespeisen,1,10663,9.378223764419019e-05
küchenlöffel,1,10663,9.378223764419019e-05
lorbeer,1,10663,9.378223764419019e-05
korinihen,1,10663,9.378223764419019e-05
iß,1,10663,9.378223764419019e-05
pflaumeumussuppe,1,10663,9.378223764419019e-05
talate,1,10663,9.378223764419019e-05
nahrungsmitteln,1,10663,9.378223764419019e-05
fleischstllcke,1,10663,9.378223764419019e-05
ausbrechen,1,10663,9.378223764419019e-05
fleischmischnng,1,10663,9.378223764419019e-05
kartosselpastcte,1,10663,9.378223764419019e-05
erzeugnisse,1,10663,9.378223764419019e-05
reissuppe,1,10663,9.378223764419019e-05
wenigen,1,10663,9.378223764419019e-05
aroma,1,10663,9.378223764419019e-05
jahreszeit,1,10663,9.378223764419019e-05
legen,1,10663,9.378223764419019e-05
gemüses,1,10663,9.378223764419019e-05
glüht,1,10663,9.378223764419019e-05
zeitungsblättern,1,10663,9.378223764419019e-05
tiefe,1,10663,9.378223764419019e-05
teile,1,10663,9.378223764419019e-05
eeite,1,10663,9.378223764419019e-05
fleischbröt,1,10663,9.378223764419019e-05
fleischmiihle,1,10663,9.378223764419019e-05
gesammelt,1,10663,9.378223764419019e-05
«uppen,1,10663,9.378223764419019e-05
sligt,1,10663,9.378223764419019e-05
bouillon,1,10663,9.378223764419019e-05
erbsenbrei,1,10663,9.378223764419019e-05
brühkartoffeln,1,10663,9.378223764419019e-05
bewahrt,1,10663,9.378223764419019e-05
viereckiger,1,10663,9.378223764419019e-05
jahrelang,1,10663,9.378223764419019e-05
klön,1,10663,9.378223764419019e-05
lichen,1,10663,9.378223764419019e-05
gebundene,1,10663,9.378223764419019e-05
anch,1,10663,9.378223764419019e-05
aufstrich,1,10663,9.378223764419019e-05
fleischsastes,1,10663,9.378223764419019e-05
pilze,1,10663,9.378223764419019e-05
getreidearten,1,10663,9.378223764419019e-05
t>,1,10663,9.378223764419019e-05
kochbuches,1,10663,9.378223764419019e-05
silien,1,10663,9.378223764419019e-05
wählen,1,10663,9.378223764419019e-05
herausgegebenen,1,10663,9.378223764419019e-05
talg,1,10663,9.378223764419019e-05
senf,1,10663,9.378223764419019e-05
ringe,1,10663,9.378223764419019e-05
nahrnngsmittel,1,10663,9.378223764419019e-05
svmmcr,1,10663,9.378223764419019e-05
abwechselung,1,10663,9.378223764419019e-05
weißkohl,1,10663,9.378223764419019e-05
geflltgel,1,10663,9.378223764419019e-05
li,1,10663,9.378223764419019e-05
schoten,1,10663,9.378223764419019e-05
neste,1,10663,9.378223764419019e-05
luftzug,1,10663,9.378223764419019e-05
heraus,1,10663,9.378223764419019e-05
glattstreichen,1,10663,9.378223764419019e-05
schinkenreste,1,10663,9.378223764419019e-05
kalbssuppe,1,10663,9.378223764419019e-05
osterbrok,1,10663,9.378223764419019e-05
rindersuppe,1,10663,9.378223764419019e-05
trocknete,1,10663,9.378223764419019e-05
haferflockensnppe,1,10663,9.378223764419019e-05
sieg,1,10663,9.378223764419019e-05
schnitzel,1,10663,9.378223764419019e-05
karamellbeignß,1,10663,9.378223764419019e-05
gläser,1,10663,9.378223764419019e-05
fauligen,1,10663,9.378223764419019e-05
hängen,1,10663,9.378223764419019e-05
bnllensuppe,1,10663,9.378223764419019e-05
rechte,1,10663,9.378223764419019e-05
geschuppt,1,10663,9.378223764419019e-05
kartosfclinehltorte,1,10663,9.378223764419019e-05
oetker,1,10663,9.378223764419019e-05
bereitende,1,10663,9.378223764419019e-05
aufbewahren,1,10663,9.378223764419019e-05
gestreut,1,10663,9.378223764419019e-05
abgeriebenen,1,10663,9.378223764419019e-05
drückt,1,10663,9.378223764419019e-05
hefe,1,10663,9.378223764419019e-05
abhängens,1,10663,9.378223764419019e-05
s>eb,1,10663,9.378223764419019e-05
20v,1,10663,9.378223764419019e-05
liter,1,10663,9.378223764419019e-05
gurkenhobel,1,10663,9.378223764419019e-05
sauerkohlsuppe,1,10663,9.378223764419019e-05
luft,1,10663,9.378223764419019e-05
11^,1,10663,9.378223764419019e-05
undkartoffel,1,10663,9.378223764419019e-05
hals,1,10663,9.378223764419019e-05
lsuppe,1,10663,9.378223764419019e-05
ausführung,1,10663,9.378223764419019e-05
375,1,10663,9.378223764419019e-05
1siz,1,10663,9.378223764419019e-05
gesäuberte,1,10663,9.378223764419019e-05
pflanzliche,1,10663,9.378223764419019e-05
apfelklöße,1,10663,9.378223764419019e-05
wenden,1,10663,9.378223764419019e-05
ziel,1,10663,9.378223764419019e-05
geninsegerichte,1,10663,9.378223764419019e-05
ende,1,10663,9.378223764419019e-05
hafergrützen,1,10663,9.378223764419019e-05
gewürzt,1,10663,9.378223764419019e-05
kloßsuppe,1,10663,9.378223764419019e-05
verquirlt,1,10663,9.378223764419019e-05
einschütten,1,10663,9.378223764419019e-05
nian,1,10663,9.378223764419019e-05
zurzeit,1,10663,9.378223764419019e-05
leise,1,10663,9.378223764419019e-05
teige,1,10663,9.378223764419019e-05
fleiscbsupxen,1,10663,9.378223764419019e-05
lose,1,10663,9.378223764419019e-05
zwingen,1,10663,9.378223764419019e-05
kartoffclbreireis,1,10663,9.378223764419019e-05
flache,1,10663,9.378223764419019e-05
kuchenbatten,1,10663,9.378223764419019e-05
kalbs,1,10663,9.378223764419019e-05
sick,1,10663,9.378223764419019e-05
größere,1,10663,9.378223764419019e-05
bratzeit,1,10663,9.378223764419019e-05
1?,1,10663,9.378223764419019e-05
rapnnze,1,10663,9.378223764419019e-05
vorder,1,10663,9.378223764419019e-05
oktober,1,10663,9.378223764419019e-05
kartoffelpuddings,1,10663,9.378223764419019e-05
länglichen,1,10663,9.378223764419019e-05
personen,1,10663,9.378223764419019e-05
verkaufe,1,10663,9.378223764419019e-05
stopft,1,10663,9.378223764419019e-05
durchgezogen,1,10663,9.378223764419019e-05
roggenmehl,1,10663,9.378223764419019e-05
grünebohuen,1,10663,9.378223764419019e-05
erzielt,1,10663,9.378223764419019e-05
gequirlt,1,10663,9.378223764419019e-05
weiterer,1,10663,9.378223764419019e-05
gemahlenen,1,10663,9.378223764419019e-05
rührei,1,10663,9.378223764419019e-05
fester,1,10663,9.378223764419019e-05
verwertung,1,10663,9.378223764419019e-05
selleriewurzel,1,10663,9.378223764419019e-05
leberscheibeu,1,10663,9.378223764419019e-05
geschwenkt,1,10663,9.378223764419019e-05
kartoffelknchcn,1,10663,9.378223764419019e-05
ich,1,10663,9.378223764419019e-05
abziehen,1,10663,9.378223764419019e-05
bestimmt,1,10663,9.378223764419019e-05
warme,1,10663,9.378223764419019e-05
handel,1,10663,9.378223764419019e-05
fol,1,10663,9.378223764419019e-05
kloßreste,1,10663,9.378223764419019e-05
„zitrone,1,10663,9.378223764419019e-05
vermeiden,1,10663,9.378223764419019e-05
fortwährenden,1,10663,9.378223764419019e-05
ptd,1,10663,9.378223764419019e-05
fleischrcsteinitreis,1,10663,9.378223764419019e-05
vors,1,10663,9.378223764419019e-05
woraus,1,10663,9.378223764419019e-05
haushaltungsschulleiterin,1,10663,9.378223764419019e-05
kunsthonig,1,10663,9.378223764419019e-05
gedeckt,1,10663,9.378223764419019e-05
beginn,1,10663,9.378223764419019e-05
peteifilicnbeiguß,1,10663,9.378223764419019e-05
eigenen,1,10663,9.378223764419019e-05
abgezogene,1,10663,9.378223764419019e-05
lickochtein,1,10663,9.378223764419019e-05
zurück,1,10663,9.378223764419019e-05
toffelstücken,1,10663,9.378223764419019e-05
gänsefleisch,1,10663,9.378223764419019e-05
brotes,1,10663,9.378223764419019e-05
gewiegte,1,10663,9.378223764419019e-05
rochvorschriften,1,10663,9.378223764419019e-05
over,1,10663,9.378223764419019e-05
karloffelscheiben,1,10663,9.378223764419019e-05
paket,1,10663,9.378223764419019e-05
leiterinnen,1,10663,9.378223764419019e-05
apselköße,1,10663,9.378223764419019e-05
lösen,1,10663,9.378223764419019e-05
yauptleiteriu,1,10663,9.378223764419019e-05
stückchen,1,10663,9.378223764419019e-05
vorko6?zeit,1,10663,9.378223764419019e-05
salaten,1,10663,9.378223764419019e-05
streicht,1,10663,9.378223764419019e-05
«i,1,10663,9.378223764419019e-05
flußfisch,1,10663,9.378223764419019e-05
formen,1,10663,9.378223764419019e-05
sofort,1,10663,9.378223764419019e-05
herzustellen,1,10663,9.378223764419019e-05
verschluß,1,10663,9.378223764419019e-05
aartosfel,1,10663,9.378223764419019e-05
gewaschenen,1,10663,9.378223764419019e-05
kartoffelpudding,1,10663,9.378223764419019e-05
angerührten,1,10663,9.378223764419019e-05
semmelbröckchcn,1,10663,9.378223764419019e-05
ic,1,10663,9.378223764419019e-05
gilt,1,10663,9.378223764419019e-05
abstechen,1,10663,9.378223764419019e-05
ruböl,1,10663,9.378223764419019e-05
zllle,1,10663,9.378223764419019e-05
33,1,10663,9.378223764419019e-05
karamellbeiguß,1,10663,9.378223764419019e-05
nonve,1,10663,9.378223764419019e-05
allein,1,10663,9.378223764419019e-05
maismehl,1,10663,9.378223764419019e-05
wozu,1,10663,9.378223764419019e-05
blaubeereu,1,10663,9.378223764419019e-05
stoff,1,10663,9.378223764419019e-05
längsten,1,10663,9.378223764419019e-05
hauptforderung,1,10663,9.378223764419019e-05
herde,1,10663,9.378223764419019e-05
unten,1,10663,9.378223764419019e-05
nahrhaft,1,10663,9.378223764419019e-05
kleinen,1,10663,9.378223764419019e-05
aufwärmen,1,10663,9.378223764419019e-05
fahrungen,1,10663,9.378223764419019e-05
kommt,1,10663,9.378223764419019e-05
taucht,1,10663,9.378223764419019e-05
nsw,1,10663,9.378223764419019e-05
abeuds,1,10663,9.378223764419019e-05
speckkartosselsuppc,1,10663,9.378223764419019e-05
suppeneinlage,1,10663,9.378223764419019e-05
fleischsuppen,1,10663,9.378223764419019e-05
überlegen,1,10663,9.378223764419019e-05
oberen,1,10663,9.378223764419019e-05
haushaltung,1,10663,9.378223764419019e-05
jllner,1,10663,9.378223764419019e-05
darauf,1,10663,9.378223764419019e-05
faser,1,10663,9.378223764419019e-05
aartoffelkochen,1,10663,9.378223764419019e-05
dicken,1,10663,9.378223764419019e-05
feingeschnitten,1,10663,9.378223764419019e-05
runden,1,10663,9.378223764419019e-05
ausgespülte,1,10663,9.378223764419019e-05
backpflaume,1,10663,9.378223764419019e-05
kuhls,1,10663,9.378223764419019e-05
autbewahrt,1,10663,9.378223764419019e-05
fügt,1,10663,9.378223764419019e-05
erweicht,1,10663,9.378223764419019e-05
geht,1,10663,9.378223764419019e-05
abschrecken,1,10663,9.378223764419019e-05
bündige,1,10663,9.378223764419019e-05
liscbe,1,10663,9.378223764419019e-05
einwickeln,1,10663,9.378223764419019e-05
bürgerlichen,1,10663,9.378223764419019e-05
allerhand,1,10663,9.378223764419019e-05
verwaltet,1,10663,9.378223764419019e-05
schmiegsam,1,10663,9.378223764419019e-05
i2std,1,10663,9.378223764419019e-05
karroffelmchlspeise,1,10663,9.378223764419019e-05
text,1,10663,9.378223764419019e-05
besser,1,10663,9.378223764419019e-05
kakaotee,1,10663,9.378223764419019e-05
schinken,1,10663,9.378223764419019e-05
wildknochen,1,10663,9.378223764419019e-05
wirtschaftstagebuch,1,10663,9.378223764419019e-05
klara,1,10663,9.378223764419019e-05
abge,1,10663,9.378223764419019e-05
abendessen,1,10663,9.378223764419019e-05
mär,1,10663,9.378223764419019e-05
sämigen,1,10663,9.378223764419019e-05
ra,1,10663,9.378223764419019e-05
brotstückchen,1,10663,9.378223764419019e-05
länger,1,10663,9.378223764419019e-05
wurzelwasser,1,10663,9.378223764419019e-05
bemittelt,1,10663,9.378223764419019e-05
scheiden,1,10663,9.378223764419019e-05
wintergemlise,1,10663,9.378223764419019e-05
bezogener,1,10663,9.378223764419019e-05
bauernefsen,1,10663,9.378223764419019e-05
fleischreste,1,10663,9.378223764419019e-05
unterworfen,1,10663,9.378223764419019e-05
nischkowsky,1,10663,9.378223764419019e-05
s>emischt,1,10663,9.378223764419019e-05
hamiuel,1,10663,9.378223764419019e-05
jnvert,1,10663,9.378223764419019e-05
heringshäckerle,1,10663,9.378223764419019e-05
abfällen,1,10663,9.378223764419019e-05
verehrt,1,10663,9.378223764419019e-05
waschen,1,10663,9.378223764419019e-05
fischstiicke,1,10663,9.378223764419019e-05
beste,1,10663,9.378223764419019e-05
uach,1,10663,9.378223764419019e-05
hellgelb,1,10663,9.378223764419019e-05
tausend,1,10663,9.378223764419019e-05
entsernt,1,10663,9.378223764419019e-05
nnter,1,10663,9.378223764419019e-05
was,1,10663,9.378223764419019e-05
schwimmen,1,10663,9.378223764419019e-05
gefangen,1,10663,9.378223764419019e-05
kochbrühe,1,10663,9.378223764419019e-05
rettigbeiguß,1,10663,9.378223764419019e-05
ausreichen,1,10663,9.378223764419019e-05
geschlingesnppe,1,10663,9.378223764419019e-05
gestoßene,1,10663,9.378223764419019e-05
un>,1,10663,9.378223764419019e-05
haushaltungs,1,10663,9.378223764419019e-05
september,1,10663,9.378223764419019e-05
obstmarmeladen,1,10663,9.378223764419019e-05
gelöschten,1,10663,9.378223764419019e-05
macht,1,10663,9.378223764419019e-05
preiselbeeren,1,10663,9.378223764419019e-05
beider,1,10663,9.378223764419019e-05
hilfsmittelfürden,1,10663,9.378223764419019e-05
zuspeise,1,10663,9.378223764419019e-05
gemahlene,1,10663,9.378223764419019e-05
kartosfelpasteten,1,10663,9.378223764419019e-05
beeren,1,10663,9.378223764419019e-05
zusammenkleben,1,10663,9.378223764419019e-05
gesäuberten,1,10663,9.378223764419019e-05
seine,1,10663,9.378223764419019e-05
bebrlihen,1,10663,9.378223764419019e-05
scheibenkuchen,1,10663,9.378223764419019e-05
mohrriidensuppe,1,10663,9.378223764419019e-05
einweichwasser,1,10663,9.378223764419019e-05
zerlassen,1,10663,9.378223764419019e-05
zusammengenäht,1,10663,9.378223764419019e-05
grießsuppe,1,10663,9.378223764419019e-05
klopfen,1,10663,9.378223764419019e-05
slir,1,10663,9.378223764419019e-05
florofa,1,10663,9.378223764419019e-05
langsamen,1,10663,9.378223764419019e-05
mittel,1,10663,9.378223764419019e-05
mittag,1,10663,9.378223764419019e-05
gebrauch,1,10663,9.378223764419019e-05
brotessen,1,10663,9.378223764419019e-05
schaum,1,10663,9.378223764419019e-05
ss,1,10663,9.378223764419019e-05
mittelgroßen,1,10663,9.378223764419019e-05
liniaturen,1,10663,9.378223764419019e-05
unansehnliche,1,10663,9.378223764419019e-05
mittelbraunen,1,10663,9.378223764419019e-05
unbemittelt,1,10663,9.378223764419019e-05
schalenkartoffeln,1,10663,9.378223764419019e-05
gänseklein,1,10663,9.378223764419019e-05
auflockeruugsmittel,1,10663,9.378223764419019e-05
sortdildungsschulcn,1,10663,9.378223764419019e-05
saurer,1,10663,9.378223764419019e-05
heyn,1,10663,9.378223764419019e-05
kristall,1,10663,9.378223764419019e-05
geschmorten,1,10663,9.378223764419019e-05
verschiede,1,10663,9.378223764419019e-05
verzeichnis,1,10663,9.378223764419019e-05
gehören,1,10663,9.378223764419019e-05
bereitung,1,10663,9.378223764419019e-05
nachfolgenden,1,10663,9.378223764419019e-05
längere,1,10663,9.378223764419019e-05
ausglühen,1,10663,9.378223764419019e-05
abgeglüht,1,10663,9.378223764419019e-05
>2,1,10663,9.378223764419019e-05
aocben,1,10663,9.378223764419019e-05
gescheibten,1,10663,9.378223764419019e-05
kriegslieder,1,10663,9.378223764419019e-05
gold,1,10663,9.378223764419019e-05
prcis,1,10663,9.378223764419019e-05
schweinsohren,1,10663,9.378223764419019e-05
margarine,1,10663,9.378223764419019e-05
losgelöst,1,10663,9.378223764419019e-05
«bratkar,1,10663,9.378223764419019e-05
schles,1,10663,9.378223764419019e-05
abgewellt,1,10663,9.378223764419019e-05
angekocht,1,10663,9.378223764419019e-05
benannt,1,10663,9.378223764419019e-05
puddings,1,10663,9.378223764419019e-05
hauptleiterin,1,10663,9.378223764419019e-05
bes,1,10663,9.378223764419019e-05
außeu,1,10663,9.378223764419019e-05
umschlagseite,1,10663,9.378223764419019e-05
wolle,1,10663,9.378223764419019e-05
gas,1,10663,9.378223764419019e-05
übergießt,1,10663,9.378223764419019e-05
mai,1,10663,9.378223764419019e-05
sparsamen,1,10663,9.378223764419019e-05
zubereitungen,1,10663,9.378223764419019e-05
herrichiung,1,10663,9.378223764419019e-05
dicklicher,1,10663,9.378223764419019e-05
ergeht,1,10663,9.378223764419019e-05
saurei,1,10663,9.378223764419019e-05
suppenwasser,1,10663,9.378223764419019e-05
<schnee>,1,10663,9.378223764419019e-05
5t>,1,10663,9.378223764419019e-05
k?,1,10663,9.378223764419019e-05
3v,1,10663,9.378223764419019e-05
dasselbe,1,10663,9.378223764419019e-05
gemüsewasser,1,10663,9.378223764419019e-05
schmorbeiguß,1,10663,9.378223764419019e-05
rum,1,10663,9.378223764419019e-05
5v,1,10663,9.378223764419019e-05
4l,1,10663,9.378223764419019e-05
verdünntem,1,10663,9.378223764419019e-05
billigen,1,10663,9.378223764419019e-05
kartosselpudding,1,10663,9.378223764419019e-05
dampfende,1,10663,9.378223764419019e-05
kürbissiippe,1,10663,9.378223764419019e-05
imstande,1,10663,9.378223764419019e-05
lranendienstes,1,10663,9.378223764419019e-05
reichlicheren,1,10663,9.378223764419019e-05
meistens,1,10663,9.378223764419019e-05
festen,1,10663,9.378223764419019e-05
gelb,1,10663,9.378223764419019e-05
nötige,1,10663,9.378223764419019e-05
zutatc,1,10663,9.378223764419019e-05
hülsen,1,10663,9.378223764419019e-05
dank,1,10663,9.378223764419019e-05
roggeu,1,10663,9.378223764419019e-05
beträufelt,1,10663,9.378223764419019e-05
mittagstisch,1,10663,9.378223764419019e-05
rücksicht,1,10663,9.378223764419019e-05
runde,1,10663,9.378223764419019e-05
abendbrot,1,10663,9.378223764419019e-05
piiuzesalat,1,10663,9.378223764419019e-05
braungebraten,1,10663,9.378223764419019e-05
brät,1,10663,9.378223764419019e-05
schmackhaften,1,10663,9.378223764419019e-05
feind,1,10663,9.378223764419019e-05
kartoffelscheiben,1,10663,9.378223764419019e-05
wärmeleiter,1,10663,9.378223764419019e-05
bclenchtungsmatcrial,1,10663,9.378223764419019e-05
jahre,1,10663,9.378223764419019e-05
kartosselsalat,1,10663,9.378223764419019e-05
blumenkohlsuppe,1,10663,9.378223764419019e-05
zeitig,1,10663,9.378223764419019e-05
zerdrückt,1,10663,9.378223764419019e-05
stichen,1,10663,9.378223764419019e-05
riese,1,10663,9.378223764419019e-05
prise,1,10663,9.378223764419019e-05
monate,1,10663,9.378223764419019e-05
gcgräupespeisen,1,10663,9.378223764419019e-05
gersten,1,10663,9.378223764419019e-05
getreide,1,10663,9.378223764419019e-05
rübemnarmelade,1,10663,9.378223764419019e-05
absichtigt,1,10663,9.378223764419019e-05
gemüsereste,1,10663,9.378223764419019e-05
o,1,10663,9.378223764419019e-05
gläsern,1,10663,9.378223764419019e-05
umhüllen,1,10663,9.378223764419019e-05
kartoffelkochen,1,10663,9.378223764419019e-05
büchlein,1,10663,9.378223764419019e-05
nutzen,1,10663,9.378223764419019e-05
gegränpe,1,10663,9.378223764419019e-05
grundbeignß,1,10663,9.378223764419019e-05
napfkucheuform,1,10663,9.378223764419019e-05
gemischter,1,10663,9.378223764419019e-05
izitronewerdens,1,10663,9.378223764419019e-05
ersparen,1,10663,9.378223764419019e-05
bedecken,1,10663,9.378223764419019e-05
m>,1,10663,9.378223764419019e-05
300,1,10663,9.378223764419019e-05
gerostetes,1,10663,9.378223764419019e-05
steintopf,1,10663,9.378223764419019e-05
kräftigen,1,10663,9.378223764419019e-05
vielfachsten,1,10663,9.378223764419019e-05
mehles,1,10663,9.378223764419019e-05
kaninchenllcin,1,10663,9.378223764419019e-05
äriemost,1,10663,9.378223764419019e-05
gepfeffert,1,10663,9.378223764419019e-05
korinthen,1,10663,9.378223764419019e-05
i>,1,10663,9.378223764419019e-05
schichtweise,1,10663,9.378223764419019e-05
sparmesser,1,10663,9.378223764419019e-05
kräuter,1,10663,9.378223764419019e-05
brote,1,10663,9.378223764419019e-05
dampfendes,1,10663,9.378223764419019e-05
nönigsplatz,1,10663,9.378223764419019e-05
durchgedllnstet,1,10663,9.378223764419019e-05
vonstatten,1,10663,9.378223764419019e-05
psitzuer,1,10663,9.378223764419019e-05
einge,1,10663,9.378223764419019e-05
öreslau,1,10663,9.378223764419019e-05
yaushaltmigs,1,10663,9.378223764419019e-05
fingerdicke,1,10663,9.378223764419019e-05
kartosselpastete,1,10663,9.378223764419019e-05
abwechselnd,1,10663,9.378223764419019e-05
gewiegten,1,10663,9.378223764419019e-05
suppengemüse,1,10663,9.378223764419019e-05
geschwitzt,1,10663,9.378223764419019e-05
zitr,1,10663,9.378223764419019e-05
gemllseresten,1,10663,9.378223764419019e-05
wobei,1,10663,9.378223764419019e-05
kueteu,1,10663,9.378223764419019e-05
dieselbe,1,10663,9.378223764419019e-05
schnittlauchbeignß,1,10663,9.378223764419019e-05
kartoffelbätlchen,1,10663,9.378223764419019e-05
helfer,1,10663,9.378223764419019e-05
stundenlaug,1,10663,9.378223764419019e-05
hw,1,10663,9.378223764419019e-05
bratenbeigüssen,1,10663,9.378223764419019e-05
dainpsendes,1,10663,9.378223764419019e-05
fachheit,1,10663,9.378223764419019e-05
barsch,1,10663,9.378223764419019e-05
scheibchen,1,10663,9.378223764419019e-05
<i,1,10663,9.378223764419019e-05
körnchen,1,10663,9.378223764419019e-05
breie,1,10663,9.378223764419019e-05
ngsmaterial,1,10663,9.378223764419019e-05
angesetzt,1,10663,9.378223764419019e-05
kartoffelpuddiilgs,1,10663,9.378223764419019e-05
myhrrüben,1,10663,9.378223764419019e-05
viele,1,10663,9.378223764419019e-05
daraus,1,10663,9.378223764419019e-05
