ngram,count,total_words,frequency
und,341,7800,0.04371794871794872
mit,247,7800,0.03166666666666667
die,141,7800,0.018076923076923077
in,140,7800,0.017948717948717947
man,108,7800,0.013846153846153847
etwas,100,7800,0.01282051282051282
zucker,99,7800,0.012692307692307692
1,92,7800,0.011794871794871795
der,89,7800,0.011410256410256411
^,85,7800,0.010897435897435897
pfd,77,7800,0.009871794871794872
wasser,75,7800,0.009615384615384616
werden,74,7800,0.009487179487179488
dann,57,7800,0.007307692307692308
wird,55,7800,0.007051282051282051
sie,54,7800,0.006923076923076923
2,50,7800,0.00641025641025641
durch,49,7800,0.006282051282051282
milch,49,7800,0.006282051282051282
eine,46,7800,0.005897435897435898
zu,46,7800,0.005897435897435898
den,45,7800,0.0057692307692307696
mehl,44,7800,0.0056410256410256415
bis,44,7800,0.0056410256410256415
von,44,7800,0.0056410256410256415
ein,44,7800,0.0056410256410256415
dem,41,7800,0.005256410256410256
gekocht,40,7800,0.005128205128205128
gr,39,7800,0.005
zutaten,39,7800,0.005
auf,38,7800,0.004871794871794872
weich,37,7800,0.004743589743589744
liter,36,7800,0.004615384615384616
zubereitung,36,7800,0.004615384615384616
oder,35,7800,0.004487179487179487
das,33,7800,0.004230769230769231
ist,33,7800,0.004230769230769231
für,31,7800,0.0039743589743589745
zum,27,7800,0.0034615384615384616
suppenwürze,27,7800,0.0034615384615384616
einer,27,7800,0.0034615384615384616
aus,25,7800,0.003205128205128205
es,25,7800,0.003205128205128205
einem,25,7800,0.003205128205128205
fein,24,7800,0.003076923076923077
pfund,22,7800,0.0028205128205128207
marmelade,21,7800,0.002692307692307692
form,21,7800,0.002692307692307692
salz,21,7800,0.002692307692307692
kartoffelmehl,21,7800,0.002692307692307692
kochen,21,7800,0.002692307692307692
butter,21,7800,0.002692307692307692
nach,20,7800,0.002564102564102564
o,20,7800,0.002564102564102564
äpfel,20,7800,0.002564102564102564
zitrone,20,7800,0.002564102564102564
an,19,7800,0.002435897435897436
masse,19,7800,0.002435897435897436
hinzu,18,7800,0.002307692307692308
so,18,7800,0.002307692307692308
bei,17,7800,0.0021794871794871794
zuletzt,17,7800,0.0021794871794871794
einen,17,7800,0.0021794871794871794
zwiebel,17,7800,0.0021794871794871794
fett,16,7800,0.0020512820512820513
personen,16,7800,0.0020512820512820513
im,16,7800,0.0020512820512820513
gerührt,16,7800,0.0020512820512820513
rühren,16,7800,0.0020512820512820513
unter,16,7800,0.0020512820512820513
wie,16,7800,0.0020512820512820513
4,16,7800,0.0020512820512820513
auch,16,7800,0.0020512820512820513
schale,15,7800,0.0019230769230769232
kann,15,7800,0.0019230769230769232
daß,15,7800,0.0019230769230769232
läßt,15,7800,0.0019230769230769232
10,15,7800,0.0019230769230769232
stunde,15,7800,0.0019230769230769232
wenig,15,7800,0.0019230769230769232
5,15,7800,0.0019230769230769232
kartoffeln,15,7800,0.0019230769230769232
sich,14,7800,0.0017948717948717949
sieb,14,7800,0.0017948717948717949
ge,14,7800,0.0017948717948717949
reichlich,14,7800,0.0017948717948717949
käse,14,7800,0.0017948717948717949
teig,14,7800,0.0017948717948717949
noch,14,7800,0.0017948717948717949
6,14,7800,0.0017948717948717949
tag,14,7800,0.0017948717948717949
a,14,7800,0.0017948717948717949
3,14,7800,0.0017948717948717949
gelatine,13,7800,0.0016666666666666668
backpulver,13,7800,0.0016666666666666668
zeit,13,7800,0.0016666666666666668
saft,13,7800,0.0016666666666666668
etwa,13,7800,0.0016666666666666668
kocht,13,7800,0.0016666666666666668
des,13,7800,0.0016666666666666668
weichgekocht,13,7800,0.0016666666666666668
ei,12,7800,0.0015384615384615385
8,12,7800,0.0015384615384615385
diese,12,7800,0.0015384615384615385
12,12,7800,0.0015384615384615385
dieser,12,7800,0.0015384615384615385
nicht,12,7800,0.0015384615384615385
gut,12,7800,0.0015384615384615385
als,11,7800,0.0014102564102564104
teelöffel,11,7800,0.0014102564102564104
speisen,11,7800,0.0014102564102564104
gelegt,11,7800,0.0014102564102564104
wir,11,7800,0.0014102564102564104
fleisch,11,7800,0.0014102564102564104
rührt,11,7800,0.0014102564102564104
wenn,11,7800,0.0014102564102564104
psd,11,7800,0.0014102564102564104
gebacken,11,7800,0.0014102564102564104
nachdem,11,7800,0.0014102564102564104
ihn,11,7800,0.0014102564102564104
eßlöffel,11,7800,0.0014102564102564104
20,11,7800,0.0014102564102564104
hat,10,7800,0.001282051282051282
gibt,10,7800,0.001282051282051282
birnen,10,7800,0.001282051282051282
vermischt,10,7800,0.001282051282051282
ab,10,7800,0.001282051282051282
geriebenem,10,7800,0.001282051282051282
gramm,10,7800,0.001282051282051282
mohrrüben,10,7800,0.001282051282051282
lassen,10,7800,0.001282051282051282
löffel,10,7800,0.001282051282051282
zitronen,10,7800,0.001282051282051282
geschnitten,10,7800,0.001282051282051282
uud,10,7800,0.001282051282051282
zitronenschale,10,7800,0.001282051282051282
14,10,7800,0.001282051282051282
welches,10,7800,0.001282051282051282
maisgrieß,10,7800,0.001282051282051282
tomaten,10,7800,0.001282051282051282
majoran,10,7800,0.001282051282051282
halb,9,7800,0.001153846153846154
sehr,9,7800,0.001153846153846154
petersilie,9,7800,0.001153846153846154
gebracht,9,7800,0.001153846153846154
aufgekocht,9,7800,0.001153846153846154
mandeln,9,7800,0.001153846153846154
15,9,7800,0.001153846153846154
feuer,9,7800,0.001153846153846154
geriebene,9,7800,0.001153846153846154
abgezogen,9,7800,0.001153846153846154
tage,9,7800,0.001153846153846154
sind,9,7800,0.001153846153846154
gekochte,9,7800,0.001153846153846154
ol,8,7800,0.0010256410256410256
klar,8,7800,0.0010256410256410256
äpfeln,8,7800,0.0010256410256410256
uns,8,7800,0.0010256410256410256
back,8,7800,0.0010256410256410256
wieder,8,7800,0.0010256410256410256
ganze,8,7800,0.0010256410256410256
hälfte,8,7800,0.0010256410256410256
suppe,8,7800,0.0010256410256410256
gemischt,8,7800,0.0010256410256410256
geschmack,8,7800,0.0010256410256410256
fleischhackmaschine,8,7800,0.0010256410256410256
ohne,8,7800,0.0010256410256410256
erst,8,7800,0.0010256410256410256
graupen,8,7800,0.0010256410256410256
kürbis,8,7800,0.0010256410256410256
bohnen,7,7800,0.0008974358974358974
blumenkohl,7,7800,0.0008974358974358974
legt,7,7800,0.0008974358974358974
können,7,7800,0.0008974358974358974
hitze,7,7800,0.0008974358974358974
ver,7,7800,0.0008974358974358974
30,7,7800,0.0008974358974358974
ganz,7,7800,0.0008974358974358974
vorher,7,7800,0.0008974358974358974
zur,7,7800,0.0008974358974358974
buttermilch,7,7800,0.0008974358974358974
abgeriebene,7,7800,0.0008974358974358974
diesen,7,7800,0.0008974358974358974
blatt,7,7800,0.0008974358974358974
dazu,7,7800,0.0008974358974358974
7,7,7800,0.0008974358974358974
18,7,7800,0.0008974358974358974
vom,7,7800,0.0008974358974358974
anderen,7,7800,0.0008974358974358974
speise,7,7800,0.0008974358974358974
mischt,7,7800,0.0008974358974358974
apfel,7,7800,0.0008974358974358974
gehen,7,7800,0.0008974358974358974
päckchen,7,7800,0.0008974358974358974
125,6,7800,0.0007692307692307692
vor,6,7800,0.0007692307692307692
sirup,6,7800,0.0007692307692307692
tunke,6,7800,0.0007692307692307692
kastanien,6,7800,0.0007692307692307692
ersetzt,6,7800,0.0007692307692307692
topf,6,7800,0.0007692307692307692
schmeckt,6,7800,0.0007692307692307692
knoblauch,6,7800,0.0007692307692307692
hefe,6,7800,0.0007692307692307692
viel,6,7800,0.0007692307692307692
muß,6,7800,0.0007692307692307692
pulver,6,7800,0.0007692307692307692
zwei,6,7800,0.0007692307692307692
stunden,6,7800,0.0007692307692307692
zusammen,6,7800,0.0007692307692307692
kalt,6,7800,0.0007692307692307692
füllt,6,7800,0.0007692307692307692
große,6,7800,0.0007692307692307692
zimt,6,7800,0.0007692307692307692
rhabarber,6,7800,0.0007692307692307692
1^,6,7800,0.0007692307692307692
halben,6,7800,0.0007692307692307692
alles,6,7800,0.0007692307692307692
unserer,6,7800,0.0007692307692307692
minuten,6,7800,0.0007692307692307692
rahm,6,7800,0.0007692307692307692
13,6,7800,0.0007692307692307692
öer,6,7800,0.0007692307692307692
einigen,6,7800,0.0007692307692307692
z,6,7800,0.0007692307692307692
250,6,7800,0.0007692307692307692
alle,6,7800,0.0007692307692307692
prise,6,7800,0.0007692307692307692
stücke,6,7800,0.0007692307692307692
vanillin,6,7800,0.0007692307692307692
geriebenen,6,7800,0.0007692307692307692
einige,6,7800,0.0007692307692307692
9,6,7800,0.0007692307692307692
geschnittene,6,7800,0.0007692307692307692
rosinen,6,7800,0.0007692307692307692
zwiebeln,6,7800,0.0007692307692307692
zitronat,6,7800,0.0007692307692307692
mäßiger,6,7800,0.0007692307692307692
flocken,6,7800,0.0007692307692307692
28,5,7800,0.000641025641025641
flammeri,5,7800,0.000641025641025641
27,5,7800,0.000641025641025641
25,5,7800,0.000641025641025641
daran,5,7800,0.000641025641025641
darauf,5,7800,0.000641025641025641
gedämpft,5,7800,0.000641025641025641
gebunden,5,7800,0.000641025641025641
braunmehl,5,7800,0.000641025641025641
24,5,7800,0.000641025641025641
ii,5,7800,0.000641025641025641
sür,5,7800,0.000641025641025641
11,5,7800,0.000641025641025641
kümmel,5,7800,0.000641025641025641
unü,5,7800,0.000641025641025641
rote,5,7800,0.000641025641025641
nnd,5,7800,0.000641025641025641
26,5,7800,0.000641025641025641
kleine,5,7800,0.000641025641025641
suppen,5,7800,0.000641025641025641
erkalten,5,7800,0.000641025641025641
pfennig,5,7800,0.000641025641025641
fügt,5,7800,0.000641025641025641
beständigem,5,7800,0.000641025641025641
weizenmehl,5,7800,0.000641025641025641
bäckt,5,7800,0.000641025641025641
übrigen,5,7800,0.000641025641025641
sowie,5,7800,0.000641025641025641
selbst,5,7800,0.000641025641025641
2^,5,7800,0.000641025641025641
abgeschmeckt,5,7800,0.000641025641025641
grünkohl,5,7800,0.000641025641025641
hellbraunem,5,7800,0.000641025641025641
eiweiß,5,7800,0.000641025641025641
tomatenmark,5,7800,0.000641025641025641
hirse,5,7800,0.000641025641025641
nun,5,7800,0.000641025641025641
lange,5,7800,0.000641025641025641
magermilch,5,7800,0.000641025641025641
aufs,5,7800,0.000641025641025641
welche,5,7800,0.000641025641025641
mayonnaise,5,7800,0.000641025641025641
weiter,5,7800,0.000641025641025641
hagebutten,5,7800,0.000641025641025641
rotkraut,5,7800,0.000641025641025641
backen,4,7800,0.0005128205128205128
zimmt,4,7800,0.0005128205128205128
bestreicht,4,7800,0.0005128205128205128
art,4,7800,0.0005128205128205128
getrieben,4,7800,0.0005128205128205128
gewogen,4,7800,0.0005128205128205128
lauch,4,7800,0.0005128205128205128
aufgelöst,4,7800,0.0005128205128205128
demselben,4,7800,0.0005128205128205128
heiß,4,7800,0.0005128205128205128
vanille,4,7800,0.0005128205128205128
teil,4,7800,0.0005128205128205128
stollen,4,7800,0.0005128205128205128
gemacht,4,7800,0.0005128205128205128
rosenkohl,4,7800,0.0005128205128205128
aufgefüllt,4,7800,0.0005128205128205128
nüssen,4,7800,0.0005128205128205128
erbsen,4,7800,0.0005128205128205128
füge,4,7800,0.0005128205128205128
100,4,7800,0.0005128205128205128
zusammenstellung,4,7800,0.0005128205128205128
vermengt,4,7800,0.0005128205128205128
spinat,4,7800,0.0005128205128205128
kriegskuchen,4,7800,0.0005128205128205128
priester,4,7800,0.0005128205128205128
«,4,7800,0.0005128205128205128
ihren,4,7800,0.0005128205128205128
damit,4,7800,0.0005128205128205128
gegeben,4,7800,0.0005128205128205128
welchen,4,7800,0.0005128205128205128
roh,4,7800,0.0005128205128205128
kochende,4,7800,0.0005128205128205128
zer,4,7800,0.0005128205128205128
grieß,4,7800,0.0005128205128205128
thymian,4,7800,0.0005128205128205128
hinein,4,7800,0.0005128205128205128
erkaltet,4,7800,0.0005128205128205128
er,4,7800,0.0005128205128205128
aufkochen,4,7800,0.0005128205128205128
23,4,7800,0.0005128205128205128
zitronensäure,4,7800,0.0005128205128205128
löffeln,4,7800,0.0005128205128205128
darunter,4,7800,0.0005128205128205128
eier,4,7800,0.0005128205128205128
fülle,4,7800,0.0005128205128205128
knapp,4,7800,0.0005128205128205128
großen,4,7800,0.0005128205128205128
mehr,4,7800,0.0005128205128205128
sauerkraut,4,7800,0.0005128205128205128
kuchen,4,7800,0.0005128205128205128
17,4,7800,0.0005128205128205128
gebackener,4,7800,0.0005128205128205128
eiersatz,4,7800,0.0005128205128205128
sellerie,4,7800,0.0005128205128205128
würze,4,7800,0.0005128205128205128
29,4,7800,0.0005128205128205128
geben,4,7800,0.0005128205128205128
pfanne,4,7800,0.0005128205128205128
braun,4,7800,0.0005128205128205128
zitronensaft,4,7800,0.0005128205128205128
dicken,4,7800,0.0005128205128205128
gerieben,4,7800,0.0005128205128205128
21,4,7800,0.0005128205128205128
sultaninen,4,7800,0.0005128205128205128
kommen,4,7800,0.0005128205128205128
einmal,4,7800,0.0005128205128205128
grüne,4,7800,0.0005128205128205128
tomatentunke,4,7800,0.0005128205128205128
50,4,7800,0.0005128205128205128
ersetzen,4,7800,0.0005128205128205128
angedämpft,4,7800,0.0005128205128205128
apfelspeise,4,7800,0.0005128205128205128
kochendem,4,7800,0.0005128205128205128
nebeneinander,4,7800,0.0005128205128205128
besonders,4,7800,0.0005128205128205128
22,4,7800,0.0005128205128205128
gerstenflocken,4,7800,0.0005128205128205128
gläser,4,7800,0.0005128205128205128
scheiben,4,7800,0.0005128205128205128
wurden,4,7800,0.0005128205128205128
weiße,4,7800,0.0005128205128205128
bestreut,4,7800,0.0005128205128205128
bestrichene,4,7800,0.0005128205128205128
wirsing,4,7800,0.0005128205128205128
essig,4,7800,0.0005128205128205128
apfelwein,4,7800,0.0005128205128205128
kochendes,4,7800,0.0005128205128205128
suppengemüse,4,7800,0.0005128205128205128
pf,4,7800,0.0005128205128205128
16,4,7800,0.0005128205128205128
>,4,7800,0.0005128205128205128
welchem,4,7800,0.0005128205128205128
gersten,4,7800,0.0005128205128205128
seite,4,7800,0.0005128205128205128
kunsthonig,4,7800,0.0005128205128205128
machen,3,7800,0.0003846153846153846
suppenwürfeln,3,7800,0.0003846153846153846
not,3,7800,0.0003846153846153846
nichts,3,7800,0.0003846153846153846
dein,3,7800,0.0003846153846153846
fettersatz,3,7800,0.0003846153846153846
pflaumen,3,7800,0.0003846153846153846
äpfelwein,3,7800,0.0003846153846153846
brotsuppe,3,7800,0.0003846153846153846
gedünstet,3,7800,0.0003846153846153846
hausfrauen,3,7800,0.0003846153846153846
abgekühlt,3,7800,0.0003846153846153846
brett,3,7800,0.0003846153846153846
über,3,7800,0.0003846153846153846
haben,3,7800,0.0003846153846153846
backblech,3,7800,0.0003846153846153846
schnee,3,7800,0.0003846153846153846
müssen,3,7800,0.0003846153846153846
klein,3,7800,0.0003846153846153846
bohnensuppe,3,7800,0.0003846153846153846
entkernte,3,7800,0.0003846153846153846
unseren,3,7800,0.0003846153846153846
ziehen,3,7800,0.0003846153846153846
erbsensuppe,3,7800,0.0003846153846153846
kartoffelsuppe,3,7800,0.0003846153846153846
buttermilchsuppe,3,7800,0.0003846153846153846
abgetropft,3,7800,0.0003846153846153846
gar,3,7800,0.0003846153846153846
schüssel,3,7800,0.0003846153846153846
stückchen,3,7800,0.0003846153846153846
kriegs,3,7800,0.0003846153846153846
stachelbeeren,3,7800,0.0003846153846153846
quitten,3,7800,0.0003846153846153846
tagen,3,7800,0.0003846153846153846
verrührt,3,7800,0.0003846153846153846
roggenmehl,3,7800,0.0003846153846153846
buchweizen,3,7800,0.0003846153846153846
krautwickel,3,7800,0.0003846153846153846
würde,3,7800,0.0003846153846153846
arbeit,3,7800,0.0003846153846153846
geschält,3,7800,0.0003846153846153846
johannisbeeren,3,7800,0.0003846153846153846
unsere,3,7800,0.0003846153846153846
langsam,3,7800,0.0003846153846153846
kartoffel,3,7800,0.0003846153846153846
schwarzwurzelsuppe,3,7800,0.0003846153846153846
geschnittenen,3,7800,0.0003846153846153846
koche,3,7800,0.0003846153846153846
lasse,3,7800,0.0003846153846153846
aprikosenspeise,3,7800,0.0003846153846153846
heißem,3,7800,0.0003846153846153846
nur,3,7800,0.0003846153846153846
nochmals,3,7800,0.0003846153846153846
anis,3,7800,0.0003846153846153846
weil,3,7800,0.0003846153846153846
dickwerden,3,7800,0.0003846153846153846
messerspitze,3,7800,0.0003846153846153846
durchgeseiht,3,7800,0.0003846153846153846
schokoladenflammeri,3,7800,0.0003846153846153846
zuckerfarbe,3,7800,0.0003846153846153846
natron,3,7800,0.0003846153846153846
ihnen,3,7800,0.0003846153846153846
handvoll,3,7800,0.0003846153846153846
formen,3,7800,0.0003846153846153846
solche,3,7800,0.0003846153846153846
bratofen,3,7800,0.0003846153846153846
mus,3,7800,0.0003846153846153846
ständigem,3,7800,0.0003846153846153846
kräuteressig,3,7800,0.0003846153846153846
messer,3,7800,0.0003846153846153846
getan,3,7800,0.0003846153846153846
milchreis,3,7800,0.0003846153846153846
jetzt,3,7800,0.0003846153846153846
kartoffelscheiben,3,7800,0.0003846153846153846
reis,3,7800,0.0003846153846153846
braten,3,7800,0.0003846153846153846
kartoffelbrei,3,7800,0.0003846153846153846
allen,3,7800,0.0003846153846153846
karotten,3,7800,0.0003846153846153846
makkaronisuppe,3,7800,0.0003846153846153846
nachher,3,7800,0.0003846153846153846
denen,3,7800,0.0003846153846153846
möglich,3,7800,0.0003846153846153846
sast,3,7800,0.0003846153846153846
ziemlich,3,7800,0.0003846153846153846
dick,3,7800,0.0003846153846153846
zwiebelsuppe,3,7800,0.0003846153846153846
formt,3,7800,0.0003846153846153846
bedeckt,3,7800,0.0003846153846153846
gewaschen,3,7800,0.0003846153846153846
marmeladen,3,7800,0.0003846153846153846
tut,3,7800,0.0003846153846153846
fast,3,7800,0.0003846153846153846
hefeklöße,3,7800,0.0003846153846153846
kartoffelwürstchen,3,7800,0.0003846153846153846
„daß,3,7800,0.0003846153846153846
gefüllte,3,7800,0.0003846153846153846
vier,3,7800,0.0003846153846153846
kleinen,3,7800,0.0003846153846153846
verwendung,3,7800,0.0003846153846153846
fruchtsaft,3,7800,0.0003846153846153846
ins,3,7800,0.0003846153846153846
beides,3,7800,0.0003846153846153846
quark,3,7800,0.0003846153846153846
am,3,7800,0.0003846153846153846
mandelspeise,3,7800,0.0003846153846153846
ebenso,3,7800,0.0003846153846153846
marie,3,7800,0.0003846153846153846
muskat,3,7800,0.0003846153846153846
brei,3,7800,0.0003846153846153846
b,3,7800,0.0003846153846153846
angerührt,3,7800,0.0003846153846153846
fleischersatz,3,7800,0.0003846153846153846
frankfurt,3,7800,0.0003846153846153846
dreimal,3,7800,0.0003846153846153846
seinen,3,7800,0.0003846153846153846
flüssigkeit,3,7800,0.0003846153846153846
i,3,7800,0.0003846153846153846
mittagessen,3,7800,0.0003846153846153846
grünkohlsuppe,2,7800,0.0002564102564102564
kohlehydrate,2,7800,0.0002564102564102564
diesem,2,7800,0.0002564102564102564
füllen,2,7800,0.0002564102564102564
lorbeerblatt,2,7800,0.0002564102564102564
dieselbe,2,7800,0.0002564102564102564
verlag,2,7800,0.0002564102564102564
hineingetan,2,7800,0.0002564102564102564
farbe,2,7800,0.0002564102564102564
nüsse,2,7800,0.0002564102564102564
treibt,2,7800,0.0002564102564102564
unö,2,7800,0.0002564102564102564
kochkiste,2,7800,0.0002564102564102564
riebenem,2,7800,0.0002564102564102564
durchgeschlagen,2,7800,0.0002564102564102564
schwarzwurzeln,2,7800,0.0002564102564102564
geweicht,2,7800,0.0002564102564102564
roterüben,2,7800,0.0002564102564102564
wahrlich,2,7800,0.0002564102564102564
apfelsinen,2,7800,0.0002564102564102564
wurde,2,7800,0.0002564102564102564
warm,2,7800,0.0002564102564102564
halbe,2,7800,0.0002564102564102564
verrühren,2,7800,0.0002564102564102564
19,2,7800,0.0002564102564102564
geliert,2,7800,0.0002564102564102564
kommt,2,7800,0.0002564102564102564
kristallisierte,2,7800,0.0002564102564102564
haferwürstchen,2,7800,0.0002564102564102564
weißbierspeise,2,7800,0.0002564102564102564
vorwort,2,7800,0.0002564102564102564
verwenden,2,7800,0.0002564102564102564
dessen,2,7800,0.0002564102564102564
backzeit,2,7800,0.0002564102564102564
vollen,2,7800,0.0002564102564102564
während,2,7800,0.0002564102564102564
quarktorte,2,7800,0.0002564102564102564
solcher,2,7800,0.0002564102564102564
ofen,2,7800,0.0002564102564102564
pfeffer,2,7800,0.0002564102564102564
knusperig,2,7800,0.0002564102564102564
erreicht,2,7800,0.0002564102564102564
schokolade,2,7800,0.0002564102564102564
1915,2,7800,0.0002564102564102564
schüttet,2,7800,0.0002564102564102564
oft,2,7800,0.0002564102564102564
semmeln,2,7800,0.0002564102564102564
recht,2,7800,0.0002564102564102564
aufgelöste,2,7800,0.0002564102564102564
haferbrei,2,7800,0.0002564102564102564
sein,2,7800,0.0002564102564102564
geputzte,2,7800,0.0002564102564102564
zusetzt,2,7800,0.0002564102564102564
feinschmecker,2,7800,0.0002564102564102564
küchenkräuter,2,7800,0.0002564102564102564
beifuß,2,7800,0.0002564102564102564
länger,2,7800,0.0002564102564102564
nützen,2,7800,0.0002564102564102564
mittag,2,7800,0.0002564102564102564
drückt,2,7800,0.0002564102564102564
nacht,2,7800,0.0002564102564102564
abgeriebenen,2,7800,0.0002564102564102564
gewürzen,2,7800,0.0002564102564102564
backe,2,7800,0.0002564102564102564
stürzt,2,7800,0.0002564102564102564
vanilletunke,2,7800,0.0002564102564102564
walnüsse,2,7800,0.0002564102564102564
70,2,7800,0.0002564102564102564
reife,2,7800,0.0002564102564102564
frische,2,7800,0.0002564102564102564
keks,2,7800,0.0002564102564102564
„,2,7800,0.0002564102564102564
ausstellung,2,7800,0.0002564102564102564
ihre,2,7800,0.0002564102564102564
zerriebener,2,7800,0.0002564102564102564
bohnenbraten,2,7800,0.0002564102564102564
agar,2,7800,0.0002564102564102564
salzwasser,2,7800,0.0002564102564102564
kohlehpürate,2,7800,0.0002564102564102564
geformt,2,7800,0.0002564102564102564
dieselben,2,7800,0.0002564102564102564
flachen,2,7800,0.0002564102564102564
allmählich,2,7800,0.0002564102564102564
längliche,2,7800,0.0002564102564102564
schön,2,7800,0.0002564102564102564
milchhirse,2,7800,0.0002564102564102564
bereite,2,7800,0.0002564102564102564
helle,2,7800,0.0002564102564102564
gebackene,2,7800,0.0002564102564102564
kriegsgerichte,2,7800,0.0002564102564102564
verquirlen,2,7800,0.0002564102564102564
mal,2,7800,0.0002564102564102564
praktische,2,7800,0.0002564102564102564
buttermilchspeise,2,7800,0.0002564102564102564
zuckerguß,2,7800,0.0002564102564102564
reibeisen,2,7800,0.0002564102564102564
hinzutun,2,7800,0.0002564102564102564
einfachster,2,7800,0.0002564102564102564
spätzle,2,7800,0.0002564102564102564
käsesuppe,2,7800,0.0002564102564102564
ergibt,2,7800,0.0002564102564102564
salat,2,7800,0.0002564102564102564
kauen,2,7800,0.0002564102564102564
zerkleinerte,2,7800,0.0002564102564102564
unseres,2,7800,0.0002564102564102564
notwendigen,2,7800,0.0002564102564102564
weise,2,7800,0.0002564102564102564
enthalten,2,7800,0.0002564102564102564
sagosuppe,2,7800,0.0002564102564102564
aufschnitt,2,7800,0.0002564102564102564
rum,2,7800,0.0002564102564102564
starker,2,7800,0.0002564102564102564
himbeersirup,2,7800,0.0002564102564102564
verkocht,2,7800,0.0002564102564102564
bringen,2,7800,0.0002564102564102564
apfelweingelee,2,7800,0.0002564102564102564
schnell,2,7800,0.0002564102564102564
vanillezucker,2,7800,0.0002564102564102564
indem,2,7800,0.0002564102564102564
kaffeelöffel,2,7800,0.0002564102564102564
gericht,2,7800,0.0002564102564102564
zubereitet,2,7800,0.0002564102564102564
quarkkuchen,2,7800,0.0002564102564102564
entsteht,2,7800,0.0002564102564102564
margarine,2,7800,0.0002564102564102564
apfelspeisc,2,7800,0.0002564102564102564
dünstet,2,7800,0.0002564102564102564
heimarmee,2,7800,0.0002564102564102564
oetker,2,7800,0.0002564102564102564
süße,2,7800,0.0002564102564102564
gekochten,2,7800,0.0002564102564102564
weichgekochten,2,7800,0.0002564102564102564
verrührte,2,7800,0.0002564102564102564
jett,2,7800,0.0002564102564102564
bratenspeisen,2,7800,0.0002564102564102564
kaltem,2,7800,0.0002564102564102564
kalter,2,7800,0.0002564102564102564
getrocknete,2,7800,0.0002564102564102564
kriegssüßspeisen,2,7800,0.0002564102564102564
setzt,2,7800,0.0002564102564102564
herd,2,7800,0.0002564102564102564
glasschüssel,2,7800,0.0002564102564102564
gemüse,2,7800,0.0002564102564102564
kriegsspeise,2,7800,0.0002564102564102564
gelee,2,7800,0.0002564102564102564
umrühren,2,7800,0.0002564102564102564
wirtschaftlichen,2,7800,0.0002564102564102564
2s,2,7800,0.0002564102564102564
ent,2,7800,0.0002564102564102564
dieses,2,7800,0.0002564102564102564
krautblätter,2,7800,0.0002564102564102564
schon,2,7800,0.0002564102564102564
per,2,7800,0.0002564102564102564
kraut,2,7800,0.0002564102564102564
seiner,2,7800,0.0002564102564102564
blaubeeren,2,7800,0.0002564102564102564
durchkochen,2,7800,0.0002564102564102564
kilogramm,2,7800,0.0002564102564102564
weißkrautblätter,2,7800,0.0002564102564102564
aber,2,7800,0.0002564102564102564
gewohnten,2,7800,0.0002564102564102564
um,2,7800,0.0002564102564102564
woche,2,7800,0.0002564102564102564
120,2,7800,0.0002564102564102564
salzkartoffeln,2,7800,0.0002564102564102564
hergestellt,2,7800,0.0002564102564102564
wein,2,7800,0.0002564102564102564
vorarbeiten,2,7800,0.0002564102564102564
kriege,2,7800,0.0002564102564102564
gelungen,2,7800,0.0002564102564102564
semmelbröseln,2,7800,0.0002564102564102564
ausgespülte,2,7800,0.0002564102564102564
palmin,2,7800,0.0002564102564102564
stillen,2,7800,0.0002564102564102564
hagebuttentunke,2,7800,0.0002564102564102564
roterübeusalat,2,7800,0.0002564102564102564
dicker,2,7800,0.0002564102564102564
nährwert,2,7800,0.0002564102564102564
sichtig,2,7800,0.0002564102564102564
solchen,2,7800,0.0002564102564102564
rollt,2,7800,0.0002564102564102564
schalen,2,7800,0.0002564102564102564
60,2,7800,0.0002564102564102564
zugleich,2,7800,0.0002564102564102564
honig,2,7800,0.0002564102564102564
fette,2,7800,0.0002564102564102564
hafer,2,7800,0.0002564102564102564
^2,2,7800,0.0002564102564102564
öl,2,7800,0.0002564102564102564
ganzen,2,7800,0.0002564102564102564
gegossen,2,7800,0.0002564102564102564
welcher,2,7800,0.0002564102564102564
derselben,2,7800,0.0002564102564102564
steifer,2,7800,0.0002564102564102564
genügt,2,7800,0.0002564102564102564
hinzugetan,2,7800,0.0002564102564102564
weingelee,2,7800,0.0002564102564102564
fruchtmark,2,7800,0.0002564102564102564
lagenweise,2,7800,0.0002564102564102564
fl,2,7800,0.0002564102564102564
frisch,2,7800,0.0002564102564102564
zirka,2,7800,0.0002564102564102564
unterernährung,2,7800,0.0002564102564102564
folge,2,7800,0.0002564102564102564
dünn,2,7800,0.0002564102564102564
karottensalat,2,7800,0.0002564102564102564
metzger,2,7800,0.0002564102564102564
hefestück,2,7800,0.0002564102564102564
verdünnter,2,7800,0.0002564102564102564
stark,2,7800,0.0002564102564102564
mehles,2,7800,0.0002564102564102564
milchgelee,2,7800,0.0002564102564102564
frage,2,7800,0.0002564102564102564
graupenbraten,2,7800,0.0002564102564102564
schokoladenguß,2,7800,0.0002564102564102564
nebst,2,7800,0.0002564102564102564
stelle,2,7800,0.0002564102564102564
meerrettichtunke,2,7800,0.0002564102564102564
grobes,2,7800,0.0002564102564102564
1^4,2,7800,0.0002564102564102564
genommen,2,7800,0.0002564102564102564
schält,2,7800,0.0002564102564102564
gesiebte,2,7800,0.0002564102564102564
meerrettich,2,7800,0.0002564102564102564
eß,2,7800,0.0002564102564102564
teebrot,2,7800,0.0002564102564102564
gebraten,2,7800,0.0002564102564102564
tassen,2,7800,0.0002564102564102564
bracht,2,7800,0.0002564102564102564
doch,2,7800,0.0002564102564102564
unbedingt,2,7800,0.0002564102564102564
ebensogut,2,7800,0.0002564102564102564
92,2,7800,0.0002564102564102564
rübensaft,2,7800,0.0002564102564102564
roterübensuppe,2,7800,0.0002564102564102564
stürzen,2,7800,0.0002564102564102564
honigkuchen,2,7800,0.0002564102564102564
fleischmaschine,2,7800,0.0002564102564102564
dickem,2,7800,0.0002564102564102564
je,2,7800,0.0002564102564102564
abtropfen,2,7800,0.0002564102564102564
pfannkuchen,2,7800,0.0002564102564102564
fertig,2,7800,0.0002564102564102564
schaumig,2,7800,0.0002564102564102564
schneebesen,2,7800,0.0002564102564102564
belieben,2,7800,0.0002564102564102564
bereitet,2,7800,0.0002564102564102564
200,2,7800,0.0002564102564102564
neben,2,7800,0.0002564102564102564
roterübensalat,2,7800,0.0002564102564102564
500,2,7800,0.0002564102564102564
zerlassene,2,7800,0.0002564102564102564
kristall,2,7800,0.0002564102564102564
soviel,2,7800,0.0002564102564102564
wären,2,7800,0.0002564102564102564
richte,2,7800,0.0002564102564102564
görlitzer,2,7800,0.0002564102564102564
muskatblüte,2,7800,0.0002564102564102564
brät,2,7800,0.0002564102564102564
druck,2,7800,0.0002564102564102564
geschnitzelte,2,7800,0.0002564102564102564
vollends,2,7800,0.0002564102564102564
kreise,2,7800,0.0002564102564102564
gehackter,2,7800,0.0002564102564102564
pfefferkuchen,2,7800,0.0002564102564102564
brot,2,7800,0.0002564102564102564
entfernt,2,7800,0.0002564102564102564
350,2,7800,0.0002564102564102564
würzen,2,7800,0.0002564102564102564
ersetzend,2,7800,0.0002564102564102564
kleinigkeit,2,7800,0.0002564102564102564
presse,2,7800,0.0002564102564102564
kartoffelbuchte,2,7800,0.0002564102564102564
koch,2,7800,0.0002564102564102564
bittere,2,7800,0.0002564102564102564
senf,2,7800,0.0002564102564102564
gewiß,2,7800,0.0002564102564102564
riebene,2,7800,0.0002564102564102564
schneide,2,7800,0.0002564102564102564
pilze,2,7800,0.0002564102564102564
dolmades,2,7800,0.0002564102564102564
gerührtes,2,7800,0.0002564102564102564
streifen,2,7800,0.0002564102564102564
fruchtmus,2,7800,0.0002564102564102564
geschlagen,2,7800,0.0002564102564102564
kartoffelnudeln,2,7800,0.0002564102564102564
"""",2,7800,0.0002564102564102564
tunken,2,7800,0.0002564102564102564
hederich,2,7800,0.0002564102564102564
kaufen,2,7800,0.0002564102564102564
kochvorschriften,2,7800,0.0002564102564102564
erkalteten,2,7800,0.0002564102564102564
nächsten,2,7800,0.0002564102564102564
kakao,2,7800,0.0002564102564102564
würstchen,2,7800,0.0002564102564102564
daraus,2,7800,0.0002564102564102564
usw,2,7800,0.0002564102564102564
wunsch,2,7800,0.0002564102564102564
hell,2,7800,0.0002564102564102564
bilden,2,7800,0.0002564102564102564
schlägt,2,7800,0.0002564102564102564
fruchtpaste,2,7800,0.0002564102564102564
ausgerollt,2,7800,0.0002564102564102564
fett?,2,7800,0.0002564102564102564
parmesankäse,2,7800,0.0002564102564102564
öfterem,2,7800,0.0002564102564102564
wurst,2,7800,0.0002564102564102564
zwingt,2,7800,0.0002564102564102564
löst,2,7800,0.0002564102564102564
saurem,2,7800,0.0002564102564102564
31,2,7800,0.0002564102564102564
krieges,2,7800,0.0002564102564102564
vorschriften,2,7800,0.0002564102564102564
gefüllt,2,7800,0.0002564102564102564
da,2,7800,0.0002564102564102564
werde,2,7800,0.0002564102564102564
starke,1,7800,0.0001282051282051282
verständlich,1,7800,0.0001282051282051282
wenigstens,1,7800,0.0001282051282051282
45,1,7800,0.0001282051282051282
felde,1,7800,0.0001282051282051282
gehalten,1,7800,0.0001282051282051282
wassers,1,7800,0.0001282051282051282
gewöhnlichen,1,7800,0.0001282051282051282
ganzer,1,7800,0.0001282051282051282
kräuterkäse,1,7800,0.0001282051282051282
zleifth,1,7800,0.0001282051282051282
kochenden,1,7800,0.0001282051282051282
pinsel,1,7800,0.0001282051282051282
mir,1,7800,0.0001282051282051282
freuden,1,7800,0.0001282051282051282
vvlksmarmclade,1,7800,0.0001282051282051282
ermahnungen,1,7800,0.0001282051282051282
umstand,1,7800,0.0001282051282051282
flugust,1,7800,0.0001282051282051282
schmecke,1,7800,0.0001282051282051282
hülsenfrüchten,1,7800,0.0001282051282051282
flaschen,1,7800,0.0001282051282051282
notlage,1,7800,0.0001282051282051282
anispulver,1,7800,0.0001282051282051282
abfüllt,1,7800,0.0001282051282051282
bedeutet,1,7800,0.0001282051282051282
leicht,1,7800,0.0001282051282051282
backröhr,1,7800,0.0001282051282051282
gären,1,7800,0.0001282051282051282
würfel,1,7800,0.0001282051282051282
festem,1,7800,0.0001282051282051282
schmalen,1,7800,0.0001282051282051282
rundes,1,7800,0.0001282051282051282
mohrrübe,1,7800,0.0001282051282051282
keit,1,7800,0.0001282051282051282
pläne,1,7800,0.0001282051282051282
kalte,1,7800,0.0001282051282051282
fleischfreier,1,7800,0.0001282051282051282
anzahl,1,7800,0.0001282051282051282
pottasche,1,7800,0.0001282051282051282
jeder,1,7800,0.0001282051282051282
dagegen,1,7800,0.0001282051282051282
schlosser,1,7800,0.0001282051282051282
hafergrütze,1,7800,0.0001282051282051282
würfeln,1,7800,0.0001282051282051282
backform,1,7800,0.0001282051282051282
flbenüessen,1,7800,0.0001282051282051282
15v,1,7800,0.0001282051282051282
leitsätzen,1,7800,0.0001282051282051282
65,1,7800,0.0001282051282051282
gespülte,1,7800,0.0001282051282051282
brotbelag,1,7800,0.0001282051282051282
abgeschält,1,7800,0.0001282051282051282
be,1,7800,0.0001282051282051282
steif,1,7800,0.0001282051282051282
erbsbrei,1,7800,0.0001282051282051282
ssagosuppe,1,7800,0.0001282051282051282
arzt,1,7800,0.0001282051282051282
ändern,1,7800,0.0001282051282051282
stachen,1,7800,0.0001282051282051282
mühseliger,1,7800,0.0001282051282051282
seingeschnittenem,1,7800,0.0001282051282051282
unvermeidlich,1,7800,0.0001282051282051282
ausgelost,1,7800,0.0001282051282051282
bald,1,7800,0.0001282051282051282
amerikanischeni,1,7800,0.0001282051282051282
„kochbuch,1,7800,0.0001282051282051282
abkochwasser,1,7800,0.0001282051282051282
„spätere,1,7800,0.0001282051282051282
irdenen,1,7800,0.0001282051282051282
essen,1,7800,0.0001282051282051282
paul,1,7800,0.0001282051282051282
nötige,1,7800,0.0001282051282051282
lind,1,7800,0.0001282051282051282
bekommt,1,7800,0.0001282051282051282
ausgestrichene,1,7800,0.0001282051282051282
fortwährendem,1,7800,0.0001282051282051282
roggen,1,7800,0.0001282051282051282
geschlagene,1,7800,0.0001282051282051282
vorbereitet,1,7800,0.0001282051282051282
überbacken,1,7800,0.0001282051282051282
odolmades,1,7800,0.0001282051282051282
sicherheit,1,7800,0.0001282051282051282
messerdick,1,7800,0.0001282051282051282
ausrechnen,1,7800,0.0001282051282051282
ausbacken,1,7800,0.0001282051282051282
angegangen,1,7800,0.0001282051282051282
jenes,1,7800,0.0001282051282051282
apfelkuchcn,1,7800,0.0001282051282051282
müßte,1,7800,0.0001282051282051282
l,1,7800,0.0001282051282051282
kender,1,7800,0.0001282051282051282
stärkegehalt,1,7800,0.0001282051282051282
apselkuchen,1,7800,0.0001282051282051282
kerne,1,7800,0.0001282051282051282
leberwurstgewürz,1,7800,0.0001282051282051282
eßlöffeln,1,7800,0.0001282051282051282
ausgewirkt,1,7800,0.0001282051282051282
seiht,1,7800,0.0001282051282051282
aller,1,7800,0.0001282051282051282
einfallen,1,7800,0.0001282051282051282
cnglert,1,7800,0.0001282051282051282
beschränkt,1,7800,0.0001282051282051282
brennend,1,7800,0.0001282051282051282
sättigenden,1,7800,0.0001282051282051282
dazugeben,1,7800,0.0001282051282051282
gestoßenen,1,7800,0.0001282051282051282
halbiert,1,7800,0.0001282051282051282
teelöfsel,1,7800,0.0001282051282051282
hineintun,1,7800,0.0001282051282051282
übergossen,1,7800,0.0001282051282051282
68,1,7800,0.0001282051282051282
apfelbrei,1,7800,0.0001282051282051282
landwirt,1,7800,0.0001282051282051282
meer,1,7800,0.0001282051282051282
wiederholten,1,7800,0.0001282051282051282
hineingegeben,1,7800,0.0001282051282051282
gehör,1,7800,0.0001282051282051282
mitteln,1,7800,0.0001282051282051282
erzogen,1,7800,0.0001282051282051282
eiweißersatz,1,7800,0.0001282051282051282
buchweizengrütze,1,7800,0.0001282051282051282
fettfreien,1,7800,0.0001282051282051282
gemüsen,1,7800,0.0001282051282051282
zwiebackbröseln,1,7800,0.0001282051282051282
feine,1,7800,0.0001282051282051282
hinzugeben,1,7800,0.0001282051282051282
äußere,1,7800,0.0001282051282051282
ernährungsreformen,1,7800,0.0001282051282051282
kriegsmehl,1,7800,0.0001282051282051282
spitze,1,7800,0.0001282051282051282
nutzbar,1,7800,0.0001282051282051282
erkaltete,1,7800,0.0001282051282051282
mäßig,1,7800,0.0001282051282051282
kaltein,1,7800,0.0001282051282051282
hinzuzutun,1,7800,0.0001282051282051282
solchem,1,7800,0.0001282051282051282
hält,1,7800,0.0001282051282051282
ziinmt,1,7800,0.0001282051282051282
main,1,7800,0.0001282051282051282
zubereiten,1,7800,0.0001282051282051282
folgt,1,7800,0.0001282051282051282
nämlich,1,7800,0.0001282051282051282
„wie,1,7800,0.0001282051282051282
wirklichung,1,7800,0.0001282051282051282
quillt,1,7800,0.0001282051282051282
gebliebenen,1,7800,0.0001282051282051282
bezeichnet,1,7800,0.0001282051282051282
leistungsfähigkeit,1,7800,0.0001282051282051282
guten,1,7800,0.0001282051282051282
zurückbleibt,1,7800,0.0001282051282051282
frikandellen,1,7800,0.0001282051282051282
viertel,1,7800,0.0001282051282051282
"können""",1,7800,0.0001282051282051282
kleinert,1,7800,0.0001282051282051282
gewürze,1,7800,0.0001282051282051282
ausgehöhlte,1,7800,0.0001282051282051282
büchse,1,7800,0.0001282051282051282
pikante,1,7800,0.0001282051282051282
verknetet,1,7800,0.0001282051282051282
ausschnitt,1,7800,0.0001282051282051282
stärkeres,1,7800,0.0001282051282051282
falläpfel,1,7800,0.0001282051282051282
aufhebt,1,7800,0.0001282051282051282
fleischfreien,1,7800,0.0001282051282051282
folgendes,1,7800,0.0001282051282051282
hirsch,1,7800,0.0001282051282051282
borstentieres,1,7800,0.0001282051282051282
4^,1,7800,0.0001282051282051282
durchgeknetet,1,7800,0.0001282051282051282
einzelnen,1,7800,0.0001282051282051282
ausrechnenden,1,7800,0.0001282051282051282
"aushungerungsplan""",1,7800,0.0001282051282051282
bestreute,1,7800,0.0001282051282051282
andern,1,7800,0.0001282051282051282
bindefähigkeit,1,7800,0.0001282051282051282
ernährungs,1,7800,0.0001282051282051282
mehlschwitze,1,7800,0.0001282051282051282
kartoffelsalat,1,7800,0.0001282051282051282
soge,1,7800,0.0001282051282051282
kartoffelkucheu,1,7800,0.0001282051282051282
gelegentlich,1,7800,0.0001282051282051282
satt,1,7800,0.0001282051282051282
heute,1,7800,0.0001282051282051282
wich,1,7800,0.0001282051282051282
freude,1,7800,0.0001282051282051282
verwandeln,1,7800,0.0001282051282051282
kastenform,1,7800,0.0001282051282051282
pikanten,1,7800,0.0001282051282051282
einsendung,1,7800,0.0001282051282051282
rüben,1,7800,0.0001282051282051282
zugerichtete,1,7800,0.0001282051282051282
"reizen""",1,7800,0.0001282051282051282
generalstab,1,7800,0.0001282051282051282
karottenfalat,1,7800,0.0001282051282051282
dänemark,1,7800,0.0001282051282051282
stehen,1,7800,0.0001282051282051282
biktoriakuchen,1,7800,0.0001282051282051282
srotersatz,1,7800,0.0001282051282051282
statt,1,7800,0.0001282051282051282
auskühlen,1,7800,0.0001282051282051282
bröseln,1,7800,0.0001282051282051282
selbstdenkenden,1,7800,0.0001282051282051282
grießbrei,1,7800,0.0001282051282051282
geschmacksrichtung,1,7800,0.0001282051282051282
fältiger,1,7800,0.0001282051282051282
blech,1,7800,0.0001282051282051282
apsel,1,7800,0.0001282051282051282
wohl,1,7800,0.0001282051282051282
nützt,1,7800,0.0001282051282051282
anders,1,7800,0.0001282051282051282
würstcheu,1,7800,0.0001282051282051282
gänselebersabrikanten,1,7800,0.0001282051282051282
zutaien,1,7800,0.0001282051282051282
"„kräftigen""",1,7800,0.0001282051282051282
dies,1,7800,0.0001282051282051282
sago,1,7800,0.0001282051282051282
durchgerührt,1,7800,0.0001282051282051282
tiefen,1,7800,0.0001282051282051282
inhaltsverzeichnis,1,7800,0.0001282051282051282
jahren,1,7800,0.0001282051282051282
gesüllt,1,7800,0.0001282051282051282
ernstes,1,7800,0.0001282051282051282
einheimischer,1,7800,0.0001282051282051282
weder,1,7800,0.0001282051282051282
eingeschnitten,1,7800,0.0001282051282051282
eigelbersatz,1,7800,0.0001282051282051282
glasig,1,7800,0.0001282051282051282
braunem,1,7800,0.0001282051282051282
dampf,1,7800,0.0001282051282051282
selben,1,7800,0.0001282051282051282
regeln,1,7800,0.0001282051282051282
einfach,1,7800,0.0001282051282051282
aufgestellten,1,7800,0.0001282051282051282
zett,1,7800,0.0001282051282051282
xmrmk,1,7800,0.0001282051282051282
forin,1,7800,0.0001282051282051282
ort,1,7800,0.0001282051282051282
gießt,1,7800,0.0001282051282051282
kümmelpulver,1,7800,0.0001282051282051282
kriegsführung,1,7800,0.0001282051282051282
erschwinglichen,1,7800,0.0001282051282051282
farben,1,7800,0.0001282051282051282
haserflockenplätzchen,1,7800,0.0001282051282051282
alten,1,7800,0.0001282051282051282
kaubare,1,7800,0.0001282051282051282
einschränkung,1,7800,0.0001282051282051282
seinem,1,7800,0.0001282051282051282
kern,1,7800,0.0001282051282051282
hasen,1,7800,0.0001282051282051282
leidet,1,7800,0.0001282051282051282
lernen,1,7800,0.0001282051282051282
fällt,1,7800,0.0001282051282051282
geschaffen,1,7800,0.0001282051282051282
backpflaumen,1,7800,0.0001282051282051282
glatt,1,7800,0.0001282051282051282
kurz,1,7800,0.0001282051282051282
schmackhaft,1,7800,0.0001282051282051282
sackwerke,1,7800,0.0001282051282051282
kuapp,1,7800,0.0001282051282051282
fettarme,1,7800,0.0001282051282051282
ersten,1,7800,0.0001282051282051282
ihm,1,7800,0.0001282051282051282
dadurch,1,7800,0.0001282051282051282
davon,1,7800,0.0001282051282051282
geb,1,7800,0.0001282051282051282
umwerter,1,7800,0.0001282051282051282
settsreien,1,7800,0.0001282051282051282
haltbarkeit,1,7800,0.0001282051282051282
manches,1,7800,0.0001282051282051282
zeitweiligem,1,7800,0.0001282051282051282
reismasse,1,7800,0.0001282051282051282
rippchen,1,7800,0.0001282051282051282
dort,1,7800,0.0001282051282051282
geschlechter,1,7800,0.0001282051282051282
ausgestochen,1,7800,0.0001282051282051282
pfunü,1,7800,0.0001282051282051282
sorgende,1,7800,0.0001282051282051282
benötigt,1,7800,0.0001282051282051282
gefangenenlagern,1,7800,0.0001282051282051282
gesetzt,1,7800,0.0001282051282051282
zugeteilt,1,7800,0.0001282051282051282
abschäumen,1,7800,0.0001282051282051282
werte,1,7800,0.0001282051282051282
ev,1,7800,0.0001282051282051282
trockenes,1,7800,0.0001282051282051282
will,1,7800,0.0001282051282051282
handumdrehen,1,7800,0.0001282051282051282
weile,1,7800,0.0001282051282051282
pfannkuchenteig,1,7800,0.0001282051282051282
knetet,1,7800,0.0001282051282051282
gelberüben,1,7800,0.0001282051282051282
einein,1,7800,0.0001282051282051282
unerbittlichen,1,7800,0.0001282051282051282
mann,1,7800,0.0001282051282051282
hausfrau,1,7800,0.0001282051282051282
gans,1,7800,0.0001282051282051282
griechisches,1,7800,0.0001282051282051282
abgerührt,1,7800,0.0001282051282051282
früchten,1,7800,0.0001282051282051282
allerseiuste,1,7800,0.0001282051282051282
täglichen,1,7800,0.0001282051282051282
x,1,7800,0.0001282051282051282
fettfreie,1,7800,0.0001282051282051282
sechs,1,7800,0.0001282051282051282
kochkünstlerinnen,1,7800,0.0001282051282051282
gebrüht,1,7800,0.0001282051282051282
solides,1,7800,0.0001282051282051282
gelehrter,1,7800,0.0001282051282051282
arten,1,7800,0.0001282051282051282
feinde,1,7800,0.0001282051282051282
quittensuppe,1,7800,0.0001282051282051282
anderem,1,7800,0.0001282051282051282
hineinlaufen,1,7800,0.0001282051282051282
durchgearbeitet,1,7800,0.0001282051282051282
salate,1,7800,0.0001282051282051282
schälen,1,7800,0.0001282051282051282
dunklere,1,7800,0.0001282051282051282
speife,1,7800,0.0001282051282051282
blick,1,7800,0.0001282051282051282
dauernd,1,7800,0.0001282051282051282
werkchens,1,7800,0.0001282051282051282
frei,1,7800,0.0001282051282051282
feinen,1,7800,0.0001282051282051282
haferflocken,1,7800,0.0001282051282051282
gesprenkelte,1,7800,0.0001282051282051282
feinstem,1,7800,0.0001282051282051282
bohnenaufschnitt,1,7800,0.0001282051282051282
röste,1,7800,0.0001282051282051282
nelken,1,7800,0.0001282051282051282
straßburger,1,7800,0.0001282051282051282
vielleicht,1,7800,0.0001282051282051282
bestrichenen,1,7800,0.0001282051282051282
zeigt,1,7800,0.0001282051282051282
glühendem,1,7800,0.0001282051282051282
gunsten,1,7800,0.0001282051282051282
zerkleinert,1,7800,0.0001282051282051282
anlehnung,1,7800,0.0001282051282051282
herber,1,7800,0.0001282051282051282
resultaten,1,7800,0.0001282051282051282
schaften,1,7800,0.0001282051282051282
zubereituug,1,7800,0.0001282051282051282
lebendig,1,7800,0.0001282051282051282
handel,1,7800,0.0001282051282051282
kartoffeldämpfer,1,7800,0.0001282051282051282
voll,1,7800,0.0001282051282051282
leider,1,7800,0.0001282051282051282
stoffe,1,7800,0.0001282051282051282
5v,1,7800,0.0001282051282051282
verfasserin,1,7800,0.0001282051282051282
vanillcbeiguß,1,7800,0.0001282051282051282
kinder,1,7800,0.0001282051282051282
gegebenen,1,7800,0.0001282051282051282
verbraucht,1,7800,0.0001282051282051282
notwendigkeit,1,7800,0.0001282051282051282
apfelreis,1,7800,0.0001282051282051282
pfd^,1,7800,0.0001282051282051282
zerpflückt,1,7800,0.0001282051282051282
zeiten,1,7800,0.0001282051282051282
vorschrift,1,7800,0.0001282051282051282
wassergespülte,1,7800,0.0001282051282051282
lacto,1,7800,0.0001282051282051282
ausreichen,1,7800,0.0001282051282051282
vorliegenden,1,7800,0.0001282051282051282
käsespätzle,1,7800,0.0001282051282051282
steintöpfe,1,7800,0.0001282051282051282
beweis,1,7800,0.0001282051282051282
kochwasser,1,7800,0.0001282051282051282
schwachem,1,7800,0.0001282051282051282
schmor,1,7800,0.0001282051282051282
herstellen,1,7800,0.0001282051282051282
sügt,1,7800,0.0001282051282051282
war,1,7800,0.0001282051282051282
or,1,7800,0.0001282051282051282
nachtisch,1,7800,0.0001282051282051282
veranlassen,1,7800,0.0001282051282051282
kühlem,1,7800,0.0001282051282051282
petersilienwurzel,1,7800,0.0001282051282051282
genußstoffen,1,7800,0.0001282051282051282
dienstes,1,7800,0.0001282051282051282
aufgegossen,1,7800,0.0001282051282051282
zulockern,1,7800,0.0001282051282051282
vorübergehend,1,7800,0.0001282051282051282
pilzwasser,1,7800,0.0001282051282051282
bratlingen,1,7800,0.0001282051282051282
vorrätig,1,7800,0.0001282051282051282
richtiger,1,7800,0.0001282051282051282
verbrauch,1,7800,0.0001282051282051282
quollen,1,7800,0.0001282051282051282
berechnet,1,7800,0.0001282051282051282
überstreicht,1,7800,0.0001282051282051282
<d,1,7800,0.0001282051282051282
hinzugetau,1,7800,0.0001282051282051282
dünnter,1,7800,0.0001282051282051282
florien,1,7800,0.0001282051282051282
zarten,1,7800,0.0001282051282051282
jahrhunderte,1,7800,0.0001282051282051282
c,1,7800,0.0001282051282051282
aufklärende,1,7800,0.0001282051282051282
wehrfrauen,1,7800,0.0001282051282051282
nationalen,1,7800,0.0001282051282051282
maisgriesj,1,7800,0.0001282051282051282
ertragen,1,7800,0.0001282051282051282
offizierskorps,1,7800,0.0001282051282051282
möhren,1,7800,0.0001282051282051282
rechnet,1,7800,0.0001282051282051282
keiner,1,7800,0.0001282051282051282
betreffende,1,7800,0.0001282051282051282
bestäubtem,1,7800,0.0001282051282051282
abtrocknen,1,7800,0.0001282051282051282
kartoffelanflaus,1,7800,0.0001282051282051282
puderzucker,1,7800,0.0001282051282051282
schicht,1,7800,0.0001282051282051282
stuuden,1,7800,0.0001282051282051282
au,1,7800,0.0001282051282051282
familien,1,7800,0.0001282051282051282
darf,1,7800,0.0001282051282051282
erhaltung,1,7800,0.0001282051282051282
geworden,1,7800,0.0001282051282051282
gute,1,7800,0.0001282051282051282
süß,1,7800,0.0001282051282051282
spart,1,7800,0.0001282051282051282
geradezu,1,7800,0.0001282051282051282
müsen,1,7800,0.0001282051282051282
seines,1,7800,0.0001282051282051282
ringeren,1,7800,0.0001282051282051282
pflanzenreich,1,7800,0.0001282051282051282
krieg,1,7800,0.0001282051282051282
aufzukochen,1,7800,0.0001282051282051282
hindhedes,1,7800,0.0001282051282051282
wohnten,1,7800,0.0001282051282051282
klare,1,7800,0.0001282051282051282
geholfen,1,7800,0.0001282051282051282
national,1,7800,0.0001282051282051282
qnittenfuppe,1,7800,0.0001282051282051282
zurückgestellt,1,7800,0.0001282051282051282
hefstück,1,7800,0.0001282051282051282
länglicher,1,7800,0.0001282051282051282
rose,1,7800,0.0001282051282051282
butterersatz,1,7800,0.0001282051282051282
herzustellende,1,7800,0.0001282051282051282
reibt,1,7800,0.0001282051282051282
umlernen,1,7800,0.0001282051282051282
inzwischen,1,7800,0.0001282051282051282
gedrückt,1,7800,0.0001282051282051282
sinen,1,7800,0.0001282051282051282
blähenden,1,7800,0.0001282051282051282
hinzuzufügen,1,7800,0.0001282051282051282
klößen,1,7800,0.0001282051282051282
kostet,1,7800,0.0001282051282051282
gefetzt,1,7800,0.0001282051282051282
hind,1,7800,0.0001282051282051282
schützen,1,7800,0.0001282051282051282
weniger,1,7800,0.0001282051282051282
fundament,1,7800,0.0001282051282051282
lauwarmen,1,7800,0.0001282051282051282
nachfrage,1,7800,0.0001282051282051282
reibmaschine,1,7800,0.0001282051282051282
jungem,1,7800,0.0001282051282051282
nächste,1,7800,0.0001282051282051282
dafür,1,7800,0.0001282051282051282
hinblick,1,7800,0.0001282051282051282
fettverbrauch,1,7800,0.0001282051282051282
fortwährenden,1,7800,0.0001282051282051282
kümmettraut,1,7800,0.0001282051282051282
inhalt,1,7800,0.0001282051282051282
wälze,1,7800,0.0001282051282051282
fleißigem,1,7800,0.0001282051282051282
geschüttet,1,7800,0.0001282051282051282
besitzen,1,7800,0.0001282051282051282
viereckige,1,7800,0.0001282051282051282
ungekochte,1,7800,0.0001282051282051282
dunkelbraun,1,7800,0.0001282051282051282
letztere,1,7800,0.0001282051282051282
„mein,1,7800,0.0001282051282051282
backosen,1,7800,0.0001282051282051282
schwer,1,7800,0.0001282051282051282
deutsche,1,7800,0.0001282051282051282
herdfeuers,1,7800,0.0001282051282051282
begrüßen,1,7800,0.0001282051282051282
gesalzene,1,7800,0.0001282051282051282
eiweißträger,1,7800,0.0001282051282051282
anleitung,1,7800,0.0001282051282051282
un,1,7800,0.0001282051282051282
vanillebeigusz,1,7800,0.0001282051282051282
kochend,1,7800,0.0001282051282051282
daumen,1,7800,0.0001282051282051282
"tage""",1,7800,0.0001282051282051282
9^,1,7800,0.0001282051282051282
frauen,1,7800,0.0001282051282051282
flammcri,1,7800,0.0001282051282051282
gepreßt,1,7800,0.0001282051282051282
denselben,1,7800,0.0001282051282051282
kriegskochbuch,1,7800,0.0001282051282051282
sinenschalen,1,7800,0.0001282051282051282
reinette,1,7800,0.0001282051282051282
näher,1,7800,0.0001282051282051282
3^,1,7800,0.0001282051282051282
grundlagen,1,7800,0.0001282051282051282
abwechselnd,1,7800,0.0001282051282051282
auflauf,1,7800,0.0001282051282051282
reibkeule,1,7800,0.0001282051282051282
gesunden,1,7800,0.0001282051282051282
überhaupt,1,7800,0.0001282051282051282
glas,1,7800,0.0001282051282051282
milchhirsc,1,7800,0.0001282051282051282
abreiben,1,7800,0.0001282051282051282
vermischten,1,7800,0.0001282051282051282
graupenbrateu,1,7800,0.0001282051282051282
schmackhat,1,7800,0.0001282051282051282
bowmarmelade,1,7800,0.0001282051282051282
treibe,1,7800,0.0001282051282051282
pfannen,1,7800,0.0001282051282051282
teelösfel,1,7800,0.0001282051282051282
kernerbsen,1,7800,0.0001282051282051282
also,1,7800,0.0001282051282051282
vortrefflichen,1,7800,0.0001282051282051282
zentimeter,1,7800,0.0001282051282051282
>4,1,7800,0.0001282051282051282
schweizerkäse,1,7800,0.0001282051282051282
kirschen,1,7800,0.0001282051282051282
eßlössel,1,7800,0.0001282051282051282
häufchen,1,7800,0.0001282051282051282
aprikosen,1,7800,0.0001282051282051282
hinzufügen,1,7800,0.0001282051282051282
nährwerte,1,7800,0.0001282051282051282
jahresfrist,1,7800,0.0001282051282051282
nehmen,1,7800,0.0001282051282051282
zwischenraum,1,7800,0.0001282051282051282
ausprobieren,1,7800,0.0001282051282051282
wesentlich,1,7800,0.0001282051282051282
grünen,1,7800,0.0001282051282051282
fünf,1,7800,0.0001282051282051282
hagebnttensnppe,1,7800,0.0001282051282051282
braune,1,7800,0.0001282051282051282
bartbirueu,1,7800,0.0001282051282051282
eingefettetes,1,7800,0.0001282051282051282
eigelbpulver,1,7800,0.0001282051282051282
schwerverdaulichkeit,1,7800,0.0001282051282051282
völligen,1,7800,0.0001282051282051282
„vierzig,1,7800,0.0001282051282051282
h,1,7800,0.0001282051282051282
hackwerke,1,7800,0.0001282051282051282
buch,1,7800,0.0001282051282051282
messerrückendick,1,7800,0.0001282051282051282
strichene,1,7800,0.0001282051282051282
hornsalz,1,7800,0.0001282051282051282
kaffee,1,7800,0.0001282051282051282
sogar,1,7800,0.0001282051282051282
kartosselkloßteig,1,7800,0.0001282051282051282
dämpft,1,7800,0.0001282051282051282
ausquellen,1,7800,0.0001282051282051282
suchen,1,7800,0.0001282051282051282
bolksmarmelade,1,7800,0.0001282051282051282
haselnüsse,1,7800,0.0001282051282051282
geglättet,1,7800,0.0001282051282051282
ovolin,1,7800,0.0001282051282051282
quittcnkonfekt,1,7800,0.0001282051282051282
teiges,1,7800,0.0001282051282051282
restlos,1,7800,0.0001282051282051282
vorzug,1,7800,0.0001282051282051282
manchen,1,7800,0.0001282051282051282
früchte,1,7800,0.0001282051282051282
hirsebrei,1,7800,0.0001282051282051282
schenken,1,7800,0.0001282051282051282
volkes,1,7800,0.0001282051282051282
abgegossen,1,7800,0.0001282051282051282
eischnee,1,7800,0.0001282051282051282
äriegskuchcn,1,7800,0.0001282051282051282
streikbutter,1,7800,0.0001282051282051282
bräunen,1,7800,0.0001282051282051282
unterrührt,1,7800,0.0001282051282051282
ausgelöste,1,7800,0.0001282051282051282
kandierte,1,7800,0.0001282051282051282
neuen,1,7800,0.0001282051282051282
übertrocknet,1,7800,0.0001282051282051282
gehobeltes,1,7800,0.0001282051282051282
liegen,1,7800,0.0001282051282051282
sonstige,1,7800,0.0001282051282051282
40,1,7800,0.0001282051282051282
vorgeschrieben,1,7800,0.0001282051282051282
verschieden,1,7800,0.0001282051282051282
daheim,1,7800,0.0001282051282051282
anrühren,1,7800,0.0001282051282051282
seine,1,7800,0.0001282051282051282
blanbecrenfpeife,1,7800,0.0001282051282051282
genudelt,1,7800,0.0001282051282051282
käsekartoffelauflauf,1,7800,0.0001282051282051282
dr,1,7800,0.0001282051282051282
napfkuchen,1,7800,0.0001282051282051282
körperlichen,1,7800,0.0001282051282051282
kaum,1,7800,0.0001282051282051282
nußbutter,1,7800,0.0001282051282051282
weißes,1,7800,0.0001282051282051282
grund,1,7800,0.0001282051282051282
probekloß,1,7800,0.0001282051282051282
aprikosenmarmelade,1,7800,0.0001282051282051282
auskochen,1,7800,0.0001282051282051282
anfeuchtet,1,7800,0.0001282051282051282
einfache,1,7800,0.0001282051282051282
schweinefleisch,1,7800,0.0001282051282051282
küchenkränter,1,7800,0.0001282051282051282
sagt,1,7800,0.0001282051282051282
unermüdliche,1,7800,0.0001282051282051282
kühlen,1,7800,0.0001282051282051282
formend,1,7800,0.0001282051282051282
verrührtem,1,7800,0.0001282051282051282
mangel,1,7800,0.0001282051282051282
erwas,1,7800,0.0001282051282051282
schmalz,1,7800,0.0001282051282051282
schmorbratentunkc,1,7800,0.0001282051282051282
ausgebrühte,1,7800,0.0001282051282051282
deutscher,1,7800,0.0001282051282051282
gefettete,1,7800,0.0001282051282051282
dezbr,1,7800,0.0001282051282051282
verziert,1,7800,0.0001282051282051282
reismehl,1,7800,0.0001282051282051282
bitterer,1,7800,0.0001282051282051282
mullsäckchen,1,7800,0.0001282051282051282
qnittengelce,1,7800,0.0001282051282051282
sparen,1,7800,0.0001282051282051282
zeilen,1,7800,0.0001282051282051282
roter,1,7800,0.0001282051282051282
l>,1,7800,0.0001282051282051282
botschaft,1,7800,0.0001282051282051282
datteln,1,7800,0.0001282051282051282
kaltwerden,1,7800,0.0001282051282051282
bleiben,1,7800,0.0001282051282051282
vanillebeiguß,1,7800,0.0001282051282051282
kochkurse,1,7800,0.0001282051282051282
ßett,1,7800,0.0001282051282051282
ernnkohlsuppe,1,7800,0.0001282051282051282
stiele,1,7800,0.0001282051282051282
deckel,1,7800,0.0001282051282051282
bekannt,1,7800,0.0001282051282051282
erforderliche,1,7800,0.0001282051282051282
dasselbe,1,7800,0.0001282051282051282
dickliche,1,7800,0.0001282051282051282
ivo,1,7800,0.0001282051282051282
führen,1,7800,0.0001282051282051282
hagenbuttensuppe,1,7800,0.0001282051282051282
fleischfreie,1,7800,0.0001282051282051282
mehle,1,7800,0.0001282051282051282
erhebliche,1,7800,0.0001282051282051282
gegen,1,7800,0.0001282051282051282
fleifthfreie,1,7800,0.0001282051282051282
gleicher,1,7800,0.0001282051282051282
gekratzt,1,7800,0.0001282051282051282
bestreiche,1,7800,0.0001282051282051282
prof,1,7800,0.0001282051282051282
verbunden,1,7800,0.0001282051282051282
pilztnnkc,1,7800,0.0001282051282051282
minute,1,7800,0.0001282051282051282
zntaten,1,7800,0.0001282051282051282
silber,1,7800,0.0001282051282051282
wirkt,1,7800,0.0001282051282051282
eingehüllt,1,7800,0.0001282051282051282
mohr,1,7800,0.0001282051282051282
schüsseln,1,7800,0.0001282051282051282
abgekochte,1,7800,0.0001282051282051282
abbrühen,1,7800,0.0001282051282051282
zugaben,1,7800,0.0001282051282051282
größereu,1,7800,0.0001282051282051282
tüchtig,1,7800,0.0001282051282051282
höher,1,7800,0.0001282051282051282
asche,1,7800,0.0001282051282051282
feiertage,1,7800,0.0001282051282051282
ausreichenden,1,7800,0.0001282051282051282
mögen,1,7800,0.0001282051282051282
zwieback,1,7800,0.0001282051282051282
endlich,1,7800,0.0001282051282051282
bohnenbrateu,1,7800,0.0001282051282051282
nußgroße,1,7800,0.0001282051282051282
flasche,1,7800,0.0001282051282051282
seitenwände,1,7800,0.0001282051282051282
maisqrieß,1,7800,0.0001282051282051282
ausnützung,1,7800,0.0001282051282051282
butterstückchen,1,7800,0.0001282051282051282
apfelscheiben,1,7800,0.0001282051282051282
bestreichend,1,7800,0.0001282051282051282
mutter,1,7800,0.0001282051282051282
hülsen,1,7800,0.0001282051282051282
durchpassiert,1,7800,0.0001282051282051282
kartoffelnudelu,1,7800,0.0001282051282051282
äpfelreis,1,7800,0.0001282051282051282
beliebig,1,7800,0.0001282051282051282
kleiue,1,7800,0.0001282051282051282
1<,1,7800,0.0001282051282051282
nacheinander,1,7800,0.0001282051282051282
zt,1,7800,0.0001282051282051282
haferflockenpliitzchen,1,7800,0.0001282051282051282
prozent,1,7800,0.0001282051282051282
höchstens,1,7800,0.0001282051282051282
blaubeerenspeise,1,7800,0.0001282051282051282
erbracht,1,7800,0.0001282051282051282
träger,1,7800,0.0001282051282051282
brotrinde,1,7800,0.0001282051282051282
psuno,1,7800,0.0001282051282051282
backin,1,7800,0.0001282051282051282
deren,1,7800,0.0001282051282051282
drei,1,7800,0.0001282051282051282
wohlschmek,1,7800,0.0001282051282051282
entnehme,1,7800,0.0001282051282051282
sowohl,1,7800,0.0001282051282051282
maisgricjz,1,7800,0.0001282051282051282
täglich,1,7800,0.0001282051282051282
feuchte,1,7800,0.0001282051282051282
gestürzt,1,7800,0.0001282051282051282
durchkreuzen,1,7800,0.0001282051282051282
teurung,1,7800,0.0001282051282051282
katroffelmehl,1,7800,0.0001282051282051282
angenehmen,1,7800,0.0001282051282051282
beliebten,1,7800,0.0001282051282051282
fettersatzspeisen,1,7800,0.0001282051282051282
eingekocht,1,7800,0.0001282051282051282
gegessen,1,7800,0.0001282051282051282
weicht,1,7800,0.0001282051282051282
magere,1,7800,0.0001282051282051282
beifall,1,7800,0.0001282051282051282
nahm,1,7800,0.0001282051282051282
gestrichener,1,7800,0.0001282051282051282
hingewiesen,1,7800,0.0001282051282051282
fettmangel,1,7800,0.0001282051282051282
3t,1,7800,0.0001282051282051282
apfelgrmchen,1,7800,0.0001282051282051282
zugefügt,1,7800,0.0001282051282051282
schweizer,1,7800,0.0001282051282051282
paste,1,7800,0.0001282051282051282
mohren,1,7800,0.0001282051282051282
zimmtzucker,1,7800,0.0001282051282051282
gslerrieth,1,7800,0.0001282051282051282
bon,1,7800,0.0001282051282051282
segutachtet,1,7800,0.0001282051282051282
schasse,1,7800,0.0001282051282051282
lich,1,7800,0.0001282051282051282
durcheinander,1,7800,0.0001282051282051282
nötigen,1,7800,0.0001282051282051282
ermöglichen,1,7800,0.0001282051282051282
dünste,1,7800,0.0001282051282051282
zuerst,1,7800,0.0001282051282051282
bezogenen,1,7800,0.0001282051282051282
vorteil,1,7800,0.0001282051282051282
sticht,1,7800,0.0001282051282051282
verlieren,1,7800,0.0001282051282051282
spätzlesieb,1,7800,0.0001282051282051282
sleichstraße,1,7800,0.0001282051282051282
weite,1,7800,0.0001282051282051282
kochvorschrift,1,7800,0.0001282051282051282
tigste,1,7800,0.0001282051282051282
lössel,1,7800,0.0001282051282051282
neue,1,7800,0.0001282051282051282
gehackte,1,7800,0.0001282051282051282
überstrichen,1,7800,0.0001282051282051282
fettkarten,1,7800,0.0001282051282051282
säuerliche,1,7800,0.0001282051282051282
backbirnen,1,7800,0.0001282051282051282
ouittensuppe,1,7800,0.0001282051282051282
ausgestreuten,1,7800,0.0001282051282051282
dogma,1,7800,0.0001282051282051282
festig,1,7800,0.0001282051282051282
trocknen,1,7800,0.0001282051282051282
vorteilhast,1,7800,0.0001282051282051282
gestählt,1,7800,0.0001282051282051282
backens,1,7800,0.0001282051282051282
professor,1,7800,0.0001282051282051282
anfängt,1,7800,0.0001282051282051282
schreckgespenst,1,7800,0.0001282051282051282
falschen,1,7800,0.0001282051282051282
erhalten,1,7800,0.0001282051282051282
beunruhigen,1,7800,0.0001282051282051282
entsteinte,1,7800,0.0001282051282051282
reines,1,7800,0.0001282051282051282
allgemeine,1,7800,0.0001282051282051282
mittel,1,7800,0.0001282051282051282
tuches,1,7800,0.0001282051282051282
reichlichen,1,7800,0.0001282051282051282
hellbrann,1,7800,0.0001282051282051282
kräftigen,1,7800,0.0001282051282051282
quittenkonfekt,1,7800,0.0001282051282051282
leitung,1,7800,0.0001282051282051282
verschiedenen,1,7800,0.0001282051282051282
topfe,1,7800,0.0001282051282051282
eingeweicht,1,7800,0.0001282051282051282
kasesuppe,1,7800,0.0001282051282051282
zahlreichen,1,7800,0.0001282051282051282
gehacktem,1,7800,0.0001282051282051282
einbrenne,1,7800,0.0001282051282051282
bratens,1,7800,0.0001282051282051282
rhabarberstiele,1,7800,0.0001282051282051282
kartoffelschnec,1,7800,0.0001282051282051282
unbegrenzter,1,7800,0.0001282051282051282
zs,1,7800,0.0001282051282051282
zugeschnittenen,1,7800,0.0001282051282051282
einkochkessel,1,7800,0.0001282051282051282
entgegen,1,7800,0.0001282051282051282
aufgesetzt,1,7800,0.0001282051282051282
papier,1,7800,0.0001282051282051282
putzt,1,7800,0.0001282051282051282
"„mit""",1,7800,0.0001282051282051282
iz,1,7800,0.0001282051282051282
merkblättern,1,7800,0.0001282051282051282
ergebnis,1,7800,0.0001282051282051282
dasür,1,7800,0.0001282051282051282
kartosselschnee,1,7800,0.0001282051282051282
zerschnitten,1,7800,0.0001282051282051282
vanillen,1,7800,0.0001282051282051282
generation,1,7800,0.0001282051282051282
geweichte,1,7800,0.0001282051282051282
kartosselauflauf,1,7800,0.0001282051282051282
honigerfatz,1,7800,0.0001282051282051282
oetkers,1,7800,0.0001282051282051282
"„muß""",1,7800,0.0001282051282051282
stets,1,7800,0.0001282051282051282
bestäubten,1,7800,0.0001282051282051282
auflage,1,7800,0.0001282051282051282
leichten,1,7800,0.0001282051282051282
milfix,1,7800,0.0001282051282051282
anstatt,1,7800,0.0001282051282051282
ungesund,1,7800,0.0001282051282051282
dabei,1,7800,0.0001282051282051282
erstarrte,1,7800,0.0001282051282051282
königsberg,1,7800,0.0001282051282051282
anfang,1,7800,0.0001282051282051282
tasse,1,7800,0.0001282051282051282
ausgelöst,1,7800,0.0001282051282051282
beziehen,1,7800,0.0001282051282051282
glasiert,1,7800,0.0001282051282051282
zell,1,7800,0.0001282051282051282
zwie,1,7800,0.0001282051282051282
versetzt,1,7800,0.0001282051282051282
brötchenschnitten,1,7800,0.0001282051282051282
goldgelb,1,7800,0.0001282051282051282
größeren,1,7800,0.0001282051282051282
steht,1,7800,0.0001282051282051282
d,1,7800,0.0001282051282051282
hebe,1,7800,0.0001282051282051282
zerdrückt,1,7800,0.0001282051282051282
öurch,1,7800,0.0001282051282051282
anregung,1,7800,0.0001282051282051282
derselbe,1,7800,0.0001282051282051282
wassergehalt,1,7800,0.0001282051282051282
verdauung,1,7800,0.0001282051282051282
wurstform,1,7800,0.0001282051282051282
schrift,1,7800,0.0001282051282051282
imc,1,7800,0.0001282051282051282
kurze,1,7800,0.0001282051282051282
brotaufschnitt,1,7800,0.0001282051282051282
versuche,1,7800,0.0001282051282051282
senfgurke,1,7800,0.0001282051282051282
ausgestellt,1,7800,0.0001282051282051282
borwort,1,7800,0.0001282051282051282
tie,1,7800,0.0001282051282051282
dunklem,1,7800,0.0001282051282051282
äpfelbrei,1,7800,0.0001282051282051282
züchter,1,7800,0.0001282051282051282
bezw,1,7800,0.0001282051282051282
derber,1,7800,0.0001282051282051282
zweiten,1,7800,0.0001282051282051282
durchzuschlagen,1,7800,0.0001282051282051282
brühte,1,7800,0.0001282051282051282
tomatenbrei,1,7800,0.0001282051282051282
eingelegten,1,7800,0.0001282051282051282
auskommen,1,7800,0.0001282051282051282
klöße,1,7800,0.0001282051282051282
dauert,1,7800,0.0001282051282051282
lesen,1,7800,0.0001282051282051282
äartvffelscheiben,1,7800,0.0001282051282051282
noterübensuppe,1,7800,0.0001282051282051282
dünne,1,7800,0.0001282051282051282
"sei""",1,7800,0.0001282051282051282
hinzugefügt,1,7800,0.0001282051282051282
bratengeschmack,1,7800,0.0001282051282051282
„die,1,7800,0.0001282051282051282
kochkünstler,1,7800,0.0001282051282051282
gestrichenen,1,7800,0.0001282051282051282
gießen,1,7800,0.0001282051282051282
warmen,1,7800,0.0001282051282051282
uichts,1,7800,0.0001282051282051282
hinzugerührt,1,7800,0.0001282051282051282
lieblinge,1,7800,0.0001282051282051282
weißen,1,7800,0.0001282051282051282
trocknet,1,7800,0.0001282051282051282
ausgestrichenen,1,7800,0.0001282051282051282
wechselnd,1,7800,0.0001282051282051282
ss,1,7800,0.0001282051282051282
tisch,1,7800,0.0001282051282051282
eingelegt,1,7800,0.0001282051282051282
quittengelee,1,7800,0.0001282051282051282
glasschale,1,7800,0.0001282051282051282
ungefähr,1,7800,0.0001282051282051282
arbeitet,1,7800,0.0001282051282051282
gegoren,1,7800,0.0001282051282051282
schmoren,1,7800,0.0001282051282051282
keine,1,7800,0.0001282051282051282
vereinigt,1,7800,0.0001282051282051282
schließlich,1,7800,0.0001282051282051282
weißbier,1,7800,0.0001282051282051282
nationalökonomen,1,7800,0.0001282051282051282
tee,1,7800,0.0001282051282051282
brat,1,7800,0.0001282051282051282
bannen,1,7800,0.0001282051282051282
breie,1,7800,0.0001282051282051282
stachelbeer,1,7800,0.0001282051282051282
korinthen,1,7800,0.0001282051282051282
viele,1,7800,0.0001282051282051282
töpfe,1,7800,0.0001282051282051282
wanken,1,7800,0.0001282051282051282
geschmackgebende,1,7800,0.0001282051282051282
durchgesiebtem,1,7800,0.0001282051282051282
melonenform,1,7800,0.0001282051282051282
rohprodukte,1,7800,0.0001282051282051282
fläschchen,1,7800,0.0001282051282051282
savarin,1,7800,0.0001282051282051282
weincreme,1,7800,0.0001282051282051282
gebend,1,7800,0.0001282051282051282
heraus,1,7800,0.0001282051282051282
vorurteil,1,7800,0.0001282051282051282
alte,1,7800,0.0001282051282051282
titel,1,7800,0.0001282051282051282
wille,1,7800,0.0001282051282051282
sparsamen,1,7800,0.0001282051282051282
wollen,1,7800,0.0001282051282051282
gewälzt,1,7800,0.0001282051282051282
zusammengestellt,1,7800,0.0001282051282051282
fach,1,7800,0.0001282051282051282
beim,1,7800,0.0001282051282051282
ungeblanten,1,7800,0.0001282051282051282
teuer,1,7800,0.0001282051282051282
gefärbt,1,7800,0.0001282051282051282
schmorbratentunke,1,7800,0.0001282051282051282
entbehren,1,7800,0.0001282051282051282
billigen,1,7800,0.0001282051282051282
volkshygieniker,1,7800,0.0001282051282051282
zutateu,1,7800,0.0001282051282051282
hinstellen,1,7800,0.0001282051282051282
weizengrieß,1,7800,0.0001282051282051282
leben,1,7800,0.0001282051282051282
räuchern,1,7800,0.0001282051282051282
gewicht,1,7800,0.0001282051282051282
bestreichen,1,7800,0.0001282051282051282
gesüßten,1,7800,0.0001282051282051282
entweder,1,7800,0.0001282051282051282
durchgeschnitten,1,7800,0.0001282051282051282
unwirtschaftlich,1,7800,0.0001282051282051282
brcmchen,1,7800,0.0001282051282051282
kohlehydraten,1,7800,0.0001282051282051282
gewünschte,1,7800,0.0001282051282051282
gebackenen,1,7800,0.0001282051282051282
sparende,1,7800,0.0001282051282051282
mehrmals,1,7800,0.0001282051282051282
gehackten,1,7800,0.0001282051282051282
wegbleiben,1,7800,0.0001282051282051282
abgespült,1,7800,0.0001282051282051282
finden,1,7800,0.0001282051282051282
gefähr,1,7800,0.0001282051282051282
houig,1,7800,0.0001282051282051282
farin,1,7800,0.0001282051282051282
kuchenblech,1,7800,0.0001282051282051282
weißem,1,7800,0.0001282051282051282
schmorbratentnnke,1,7800,0.0001282051282051282
feinste,1,7800,0.0001282051282051282
ausgearbeitet,1,7800,0.0001282051282051282
stadt,1,7800,0.0001282051282051282
kasemann,1,7800,0.0001282051282051282
hielt,1,7800,0.0001282051282051282
zuvor,1,7800,0.0001282051282051282
messerspitzen,1,7800,0.0001282051282051282
steinpilze,1,7800,0.0001282051282051282
20v,1,7800,0.0001282051282051282
hunger,1,7800,0.0001282051282051282
keins,1,7800,0.0001282051282051282
gedämpfte,1,7800,0.0001282051282051282
ausgekocht,1,7800,0.0001282051282051282
grünkern,1,7800,0.0001282051282051282
arbeitenden,1,7800,0.0001282051282051282
kost,1,7800,0.0001282051282051282
folgen,1,7800,0.0001282051282051282
zugedeckt,1,7800,0.0001282051282051282
beginn,1,7800,0.0001282051282051282
rotbräunliche,1,7800,0.0001282051282051282
zerkleinerter,1,7800,0.0001282051282051282
unfre,1,7800,0.0001282051282051282
stachclbeer,1,7800,0.0001282051282051282
pfunö,1,7800,0.0001282051282051282
hagebuttensuppe,1,7800,0.0001282051282051282
gesundheitlich,1,7800,0.0001282051282051282
lösen,1,7800,0.0001282051282051282
nannten,1,7800,0.0001282051282051282
nußkerne,1,7800,0.0001282051282051282
wohlschmeckend,1,7800,0.0001282051282051282
dortige,1,7800,0.0001282051282051282
appetitanregenden,1,7800,0.0001282051282051282
t,1,7800,0.0001282051282051282
arbeitend,1,7800,0.0001282051282051282
rettich,1,7800,0.0001282051282051282
eigen,1,7800,0.0001282051282051282
immer,1,7800,0.0001282051282051282
eltzbacher,1,7800,0.0001282051282051282
worden,1,7800,0.0001282051282051282
bereiten,1,7800,0.0001282051282051282
welschkorn,1,7800,0.0001282051282051282
rühre,1,7800,0.0001282051282051282
beilage,1,7800,0.0001282051282051282
gebräuutes,1,7800,0.0001282051282051282
pilzen,1,7800,0.0001282051282051282
flache,1,7800,0.0001282051282051282
"""mit",1,7800,0.0001282051282051282
selbe,1,7800,0.0001282051282051282
billige,1,7800,0.0001282051282051282
verwende,1,7800,0.0001282051282051282
länglichen,1,7800,0.0001282051282051282
hackmaschine,1,7800,0.0001282051282051282
gewürzt,1,7800,0.0001282051282051282
preis,1,7800,0.0001282051282051282
streckbutter,1,7800,0.0001282051282051282
einheimische,1,7800,0.0001282051282051282
kriegskartoffelmehl,1,7800,0.0001282051282051282
holzlöffel,1,7800,0.0001282051282051282
mau,1,7800,0.0001282051282051282
engros,1,7800,0.0001282051282051282
seitlicher,1,7800,0.0001282051282051282
braunes,1,7800,0.0001282051282051282
gelieren,1,7800,0.0001282051282051282
feigen,1,7800,0.0001282051282051282
andere,1,7800,0.0001282051282051282
lebensmittelkommwon,1,7800,0.0001282051282051282
nahrhaft,1,7800,0.0001282051282051282
hinzugefügten,1,7800,0.0001282051282051282
salzgurken,1,7800,0.0001282051282051282
wickle,1,7800,0.0001282051282051282
abkühlen,1,7800,0.0001282051282051282
fruchtfleisch,1,7800,0.0001282051282051282
^gebratene,1,7800,0.0001282051282051282
söhne,1,7800,0.0001282051282051282
okonomen,1,7800,0.0001282051282051282
gewöhnliche,1,7800,0.0001282051282051282
sonn,1,7800,0.0001282051282051282
eignet,1,7800,0.0001282051282051282
äriegskuchen,1,7800,0.0001282051282051282
eingekochte,1,7800,0.0001282051282051282
säpselgraupeu,1,7800,0.0001282051282051282
willigen,1,7800,0.0001282051282051282
hilfe,1,7800,0.0001282051282051282
eiweißpnlver,1,7800,0.0001282051282051282
ungeschält,1,7800,0.0001282051282051282
siud,1,7800,0.0001282051282051282
brühe,1,7800,0.0001282051282051282
geistigen,1,7800,0.0001282051282051282
lehrmeisterin,1,7800,0.0001282051282051282
mageren,1,7800,0.0001282051282051282
kartoffelpresse,1,7800,0.0001282051282051282
allereinsachsten,1,7800,0.0001282051282051282
reine,1,7800,0.0001282051282051282
durchgerührten,1,7800,0.0001282051282051282
wissenschaftlichen,1,7800,0.0001282051282051282
eines,1,7800,0.0001282051282051282
küchentechnik,1,7800,0.0001282051282051282
was,1,7800,0.0001282051282051282
wiegen,1,7800,0.0001282051282051282
ausgesteinte,1,7800,0.0001282051282051282
segnen,1,7800,0.0001282051282051282
tüten,1,7800,0.0001282051282051282
gas,1,7800,0.0001282051282051282
gebraten?,1,7800,0.0001282051282051282
nudeln,1,7800,0.0001282051282051282
rubrik,1,7800,0.0001282051282051282
osfen,1,7800,0.0001282051282051282
ausgestrichen,1,7800,0.0001282051282051282
ausammenstellungen,1,7800,0.0001282051282051282
alkoholgenuß,1,7800,0.0001282051282051282
hülsenfrüchte,1,7800,0.0001282051282051282
ls,1,7800,0.0001282051282051282
kümmelkrant,1,7800,0.0001282051282051282
saure,1,7800,0.0001282051282051282
hagenbnttentuuke,1,7800,0.0001282051282051282
ordent,1,7800,0.0001282051282051282
verwendet,1,7800,0.0001282051282051282
reichlichere,1,7800,0.0001282051282051282
hesestück,1,7800,0.0001282051282051282
olvorrat,1,7800,0.0001282051282051282
hellere,1,7800,0.0001282051282051282
schmort,1,7800,0.0001282051282051282
72,1,7800,0.0001282051282051282
birneumus,1,7800,0.0001282051282051282
fingerdicke,1,7800,0.0001282051282051282
orte,1,7800,0.0001282051282051282
kohl,1,7800,0.0001282051282051282
beliebt,1,7800,0.0001282051282051282
physiologen,1,7800,0.0001282051282051282
bezahlen,1,7800,0.0001282051282051282
menge,1,7800,0.0001282051282051282
nl,1,7800,0.0001282051282051282
«geben,1,7800,0.0001282051282051282
gerührten,1,7800,0.0001282051282051282
haarsieb,1,7800,0.0001282051282051282
grün,1,7800,0.0001282051282051282
derben,1,7800,0.0001282051282051282
beliebige,1,7800,0.0001282051282051282
geschmälerten,1,7800,0.0001282051282051282
tücher,1,7800,0.0001282051282051282
"system""",1,7800,0.0001282051282051282
hviligersatz,1,7800,0.0001282051282051282
bunden,1,7800,0.0001282051282051282
gesundheitsfördernde,1,7800,0.0001282051282051282
schöne,1,7800,0.0001282051282051282
zerteilt,1,7800,0.0001282051282051282
englische,1,7800,0.0001282051282051282
sobald,1,7800,0.0001282051282051282
nötig,1,7800,0.0001282051282051282
brüder,1,7800,0.0001282051282051282
gezwungen,1,7800,0.0001282051282051282
nachdrücklichem,1,7800,0.0001282051282051282
reicht,1,7800,0.0001282051282051282
porzellanform,1,7800,0.0001282051282051282
vielerhausfrauen,1,7800,0.0001282051282051282
gefüttert,1,7800,0.0001282051282051282
bestrichen,1,7800,0.0001282051282051282
durchaus,1,7800,0.0001282051282051282
rollen,1,7800,0.0001282051282051282
ferner,1,7800,0.0001282051282051282
psanne,1,7800,0.0001282051282051282
2t,1,7800,0.0001282051282051282
pfauue,1,7800,0.0001282051282051282
ausklärende,1,7800,0.0001282051282051282
rieben,1,7800,0.0001282051282051282
höhle,1,7800,0.0001282051282051282
geschichtet,1,7800,0.0001282051282051282
fingergliedlange,1,7800,0.0001282051282051282
untereinandergerührt,1,7800,0.0001282051282051282
zrankfurt,1,7800,0.0001282051282051282
angemacht,1,7800,0.0001282051282051282
1b,1,7800,0.0001282051282051282
haussrau,1,7800,0.0001282051282051282
sauber,1,7800,0.0001282051282051282
dünnen,1,7800,0.0001282051282051282
quantum,1,7800,0.0001282051282051282
dicke,1,7800,0.0001282051282051282
garnieren,1,7800,0.0001282051282051282
kartoffelkuchen,1,7800,0.0001282051282051282
empfohlen,1,7800,0.0001282051282051282
fertige,1,7800,0.0001282051282051282
gesüßt,1,7800,0.0001282051282051282
gehört,1,7800,0.0001282051282051282
sorg,1,7800,0.0001282051282051282
neunzig,1,7800,0.0001282051282051282
geriebener,1,7800,0.0001282051282051282
"großmutter""",1,7800,0.0001282051282051282
kernt,1,7800,0.0001282051282051282
wiegt,1,7800,0.0001282051282051282
mische,1,7800,0.0001282051282051282
nns,1,7800,0.0001282051282051282
dezember,1,7800,0.0001282051282051282
nahrungsbedürfnisse,1,7800,0.0001282051282051282
richtet,1,7800,0.0001282051282051282
salizylpulver,1,7800,0.0001282051282051282
kriegskost,1,7800,0.0001282051282051282
weg,1,7800,0.0001282051282051282
durchrühren,1,7800,0.0001282051282051282
kessel,1,7800,0.0001282051282051282
wendet,1,7800,0.0001282051282051282
jede,1,7800,0.0001282051282051282
champignons,1,7800,0.0001282051282051282
dämpfen,1,7800,0.0001282051282051282
brillat,1,7800,0.0001282051282051282
ruhen,1,7800,0.0001282051282051282
vorrat,1,7800,0.0001282051282051282
meerrettichtuuke,1,7800,0.0001282051282051282
dasjnterefse,1,7800,0.0001282051282051282
kreisen,1,7800,0.0001282051282051282
sollen,1,7800,0.0001282051282051282
6rot,1,7800,0.0001282051282051282
füttern?,1,7800,0.0001282051282051282
hülsenftüchten,1,7800,0.0001282051282051282
überstreut,1,7800,0.0001282051282051282
tnnke,1,7800,0.0001282051282051282
jedes,1,7800,0.0001282051282051282
lang,1,7800,0.0001282051282051282
mahle,1,7800,0.0001282051282051282
viktoriakuchen,1,7800,0.0001282051282051282
unterschätzender,1,7800,0.0001282051282051282
bratäpfeln,1,7800,0.0001282051282051282
milsix,1,7800,0.0001282051282051282
haus,1,7800,0.0001282051282051282
saurer,1,7800,0.0001282051282051282
lbenöessen,1,7800,0.0001282051282051282
nachhaltiger,1,7800,0.0001282051282051282
befinden,1,7800,0.0001282051282051282
ernährung,1,7800,0.0001282051282051282
eiern,1,7800,0.0001282051282051282
jungen,1,7800,0.0001282051282051282
bildet,1,7800,0.0001282051282051282
ahaferwürstchen,1,7800,0.0001282051282051282
gebräuntem,1,7800,0.0001282051282051282
leckerbissen,1,7800,0.0001282051282051282
pilztnnke,1,7800,0.0001282051282051282
aufbewahrt,1,7800,0.0001282051282051282
gezogen,1,7800,0.0001282051282051282
hefftück,1,7800,0.0001282051282051282
untermischt,1,7800,0.0001282051282051282
fetten,1,7800,0.0001282051282051282
durchs,1,7800,0.0001282051282051282
älterem,1,7800,0.0001282051282051282
schnitten,1,7800,0.0001282051282051282
sollten,1,7800,0.0001282051282051282
kiste,1,7800,0.0001282051282051282
i^h,1,7800,0.0001282051282051282
nahrungsaufnahme,1,7800,0.0001282051282051282
apfclreis,1,7800,0.0001282051282051282
kartoffelschnee,1,7800,0.0001282051282051282
oruckerei,1,7800,0.0001282051282051282
tuch,1,7800,0.0001282051282051282
holen,1,7800,0.0001282051282051282
fettverbrauchs,1,7800,0.0001282051282051282
fallobst,1,7800,0.0001282051282051282
weißwein,1,7800,0.0001282051282051282
kerngehäuse,1,7800,0.0001282051282051282
zähnchen,1,7800,0.0001282051282051282
feiuste,1,7800,0.0001282051282051282
denkschrift,1,7800,0.0001282051282051282
tatsache,1,7800,0.0001282051282051282
möge,1,7800,0.0001282051282051282
gehalt,1,7800,0.0001282051282051282
vermengtes,1,7800,0.0001282051282051282
volksernährung,1,7800,0.0001282051282051282
gröbste,1,7800,0.0001282051282051282
makkaroni,1,7800,0.0001282051282051282
nooröen,1,7800,0.0001282051282051282
geviertelt,1,7800,0.0001282051282051282
kümmelkraut,1,7800,0.0001282051282051282
ratschlag,1,7800,0.0001282051282051282
hoher,1,7800,0.0001282051282051282
rolle,1,7800,0.0001282051282051282
fleisches,1,7800,0.0001282051282051282
ausge,1,7800,0.0001282051282051282
deutschen,1,7800,0.0001282051282051282
pilztunke,1,7800,0.0001282051282051282
hede,1,7800,0.0001282051282051282
erfinden,1,7800,0.0001282051282051282
schnittbohnen,1,7800,0.0001282051282051282
einkünfte,1,7800,0.0001282051282051282
erreichen,1,7800,0.0001282051282051282
apfelgraupen,1,7800,0.0001282051282051282
herein,1,7800,0.0001282051282051282
fettloser,1,7800,0.0001282051282051282
trocken,1,7800,0.0001282051282051282
flüssigen,1,7800,0.0001282051282051282
dunkelstem,1,7800,0.0001282051282051282
birncnmu^,1,7800,0.0001282051282051282
einiger,1,7800,0.0001282051282051282
genau,1,7800,0.0001282051282051282
hinter,1,7800,0.0001282051282051282
zerlassener,1,7800,0.0001282051282051282
geschnittenes,1,7800,0.0001282051282051282
angegeben,1,7800,0.0001282051282051282
haferslocken,1,7800,0.0001282051282051282
beiguß,1,7800,0.0001282051282051282
angewärmte,1,7800,0.0001282051282051282
vereinfachung,1,7800,0.0001282051282051282
billigsten,1,7800,0.0001282051282051282
angefeuchtete,1,7800,0.0001282051282051282
rezept,1,7800,0.0001282051282051282
