ngram,count,total_words,frequency
und,231,4964,0.04653505237711523
mit,145,4964,0.029210314262691377
man,119,4964,0.023972602739726026
in,112,4964,0.022562449637389202
die,90,4964,0.01813053988718775
^,89,4964,0.017929089443996776
werden,60,4964,0.012087026591458501
sie,56,4964,0.011281224818694601
wird,55,4964,0.011079774375503625
salz,51,4964,0.010273972602739725
1,49,4964,0.009871071716357776
liter,47,4964,0.009468170829975826
pfund,45,4964,0.009065269943593876
2,45,4964,0.009065269943593876
der,36,4964,0.007252215954875101
den,36,4964,0.007252215954875101
wasser,35,4964,0.007050765511684126
gekocht,35,4964,0.007050765511684126
das,35,4964,0.007050765511684126
auf,33,4964,0.006647864625302175
gramm,32,4964,0.0064464141821112
zucker,32,4964,0.0064464141821112
ein,30,4964,0.0060435132957292505
zu,30,4964,0.0060435132957292505
durch,29,4964,0.0058420628525382755
dann,27,4964,0.005439161966156326
etwas,27,4964,0.005439161966156326
h,26,4964,0.005237711522965351
eßlöffel,26,4964,0.005237711522965351
eine,26,4964,0.005237711522965351
oder,26,4964,0.005237711522965351
z,24,4964,0.004834810636583401
i,23,4964,0.004633360193392426
läßt,23,4964,0.004633360193392426
es,23,4964,0.004633360193392426
von,23,4964,0.004633360193392426
4,22,4964,0.004431909750201451
ist,21,4964,0.004230459307010476
roggenmehl,21,4964,0.004230459307010476
stunde,21,4964,0.004230459307010476
brühe,20,4964,0.0040290088638195
pfeffer,19,4964,0.0038275584206285255
milch,19,4964,0.0038275584206285255
abgeschmeckt,18,4964,0.0036261079774375505
gibt,18,4964,0.0036261079774375505
l,17,4964,0.003424657534246575
dazu,17,4964,0.003424657534246575
bis,16,4964,0.0032232070910556
nach,16,4964,0.0032232070910556
geschnitten,16,4964,0.0032232070910556
ab,16,4964,0.0032232070910556
gegeben,15,4964,0.0030217566478646252
rinderfett,15,4964,0.0030217566478646252
aus,15,4964,0.0030217566478646252
kann,15,4964,0.0030217566478646252
darauf,14,4964,0.0028203062046736503
kochen,14,4964,0.0028203062046736503
dem,14,4964,0.0028203062046736503
ge,14,4964,0.0028203062046736503
sieb,13,4964,0.0026188557614826753
ihn,13,4964,0.0026188557614826753
gießt,13,4964,0.0026188557614826753
einem,13,4964,0.0026188557614826753
zwiebel,13,4964,0.0026188557614826753
sich,13,4964,0.0026188557614826753
bei,13,4964,0.0026188557614826753
margarine,12,4964,0.0024174053182917004
suppe,12,4964,0.0024174053182917004
sind,12,4964,0.0024174053182917004
für,12,4964,0.0024174053182917004
wir,12,4964,0.0024174053182917004
so,12,4964,0.0024174053182917004
rartoffeln,12,4964,0.0024174053182917004
masse,12,4964,0.0024174053182917004
20,12,4964,0.0024174053182917004
an,11,4964,0.0022159548751007254
geschält,11,4964,0.0022159548751007254
sßlöffel,11,4964,0.0022159548751007254
kartoffeln,11,4964,0.0022159548751007254
stunden,11,4964,0.0022159548751007254
alles,11,4964,0.0022159548751007254
sauce,11,4964,0.0022159548751007254
einen,11,4964,0.0022159548751007254
weich,11,4964,0.0022159548751007254
hat,10,4964,0.00201450443190975
kaltem,10,4964,0.00201450443190975
gebacken,10,4964,0.00201450443190975
noch,10,4964,0.00201450443190975
gewaschen,10,4964,0.00201450443190975
schmeckt,10,4964,0.00201450443190975
viel,10,4964,0.00201450443190975
butter,9,4964,0.0018130539887187753
vermischt,9,4964,0.0018130539887187753
unter,9,4964,0.0018130539887187753
heiß,9,4964,0.0018130539887187753
gut,9,4964,0.0018130539887187753
im,9,4964,0.0018130539887187753
v,9,4964,0.0018130539887187753
topf,9,4964,0.0018130539887187753
würfel,9,4964,0.0018130539887187753
darüber,8,4964,0.0016116035455278
kalt,8,4964,0.0016116035455278
hirse,8,4964,0.0016116035455278
gar,8,4964,0.0016116035455278
kocht,8,4964,0.0016116035455278
speck,8,4964,0.0016116035455278
weizenmehl,8,4964,0.0016116035455278
darunter,8,4964,0.0016116035455278
guter,8,4964,0.0016116035455278
müssen,8,4964,0.0016116035455278
er,8,4964,0.0016116035455278
füllt,8,4964,0.0016116035455278
gekochte,8,4964,0.0016116035455278
salzwasser,8,4964,0.0016116035455278
hitze,8,4964,0.0016116035455278
fleisch,8,4964,0.0016116035455278
alle,8,4964,0.0016116035455278
zusammen,8,4964,0.0016116035455278
braun,8,4964,0.0016116035455278
zum,8,4964,0.0016116035455278
schneidet,8,4964,0.0016116035455278
vorbereitet,8,4964,0.0016116035455278
lassen,8,4964,0.0016116035455278
t,7,4964,0.0014101531023368251
nicht,7,4964,0.0014101531023368251
geriebene,7,4964,0.0014101531023368251
a,7,4964,0.0014101531023368251
scheiben,7,4964,0.0014101531023368251
kleine,7,4964,0.0014101531023368251
minuten,7,4964,0.0014101531023368251
rüben,7,4964,0.0014101531023368251
diese,7,4964,0.0014101531023368251
auch,7,4964,0.0014101531023368251
nachdem,7,4964,0.0014101531023368251
wie,7,4964,0.0014101531023368251
rührt,6,4964,0.0012087026591458502
des,6,4964,0.0012087026591458502
muß,6,4964,0.0012087026591458502
legt,6,4964,0.0012087026591458502
sssig,6,4964,0.0012087026591458502
gericht,6,4964,0.0012087026591458502
statt,6,4964,0.0012087026591458502
ganze,6,4964,0.0012087026591458502
gerührt,6,4964,0.0012087026591458502
stücke,6,4964,0.0012087026591458502
3,6,4964,0.0012087026591458502
50,6,4964,0.0012087026591458502
lange,6,4964,0.0012087026591458502
zitronensaft,6,4964,0.0012087026591458502
5,6,4964,0.0012087026591458502
nochmals,6,4964,0.0012087026591458502
einer,6,4964,0.0012087026591458502
suppen,6,4964,0.0012087026591458502
aufgesetzt,6,4964,0.0012087026591458502
schale,6,4964,0.0012087026591458502
fest,5,4964,0.001007252215954875
sein,5,4964,0.001007252215954875
überbrüht,5,4964,0.001007252215954875
brot,5,4964,0.001007252215954875
zweimal,5,4964,0.001007252215954875
bedeckt,5,4964,0.001007252215954875
gehäutet,5,4964,0.001007252215954875
zugedeckt,5,4964,0.001007252215954875
gegossen,5,4964,0.001007252215954875
wieder,5,4964,0.001007252215954875
salat,5,4964,0.001007252215954875
r,5,4964,0.001007252215954875
reichlich,5,4964,0.001007252215954875
mehl,5,4964,0.001007252215954875
blätter,5,4964,0.001007252215954875
ii,5,4964,0.001007252215954875
geben,5,4964,0.001007252215954875
geschnittene,5,4964,0.001007252215954875
li,5,4964,0.001007252215954875
stehen,5,4964,0.001007252215954875
kochendem,5,4964,0.001007252215954875
100,5,4964,0.001007252215954875
damit,4,4964,0.0008058017727639
sauerkraut,4,4964,0.0008058017727639
löst,4,4964,0.0008058017727639
ver,4,4964,0.0008058017727639
kümmel,4,4964,0.0008058017727639
gestrichen,4,4964,0.0008058017727639
wenn,4,4964,0.0008058017727639
indem,4,4964,0.0008058017727639
gesetzt,4,4964,0.0008058017727639
kochendes,4,4964,0.0008058017727639
zett,4,4964,0.0008058017727639
schweinskopf,4,4964,0.0008058017727639
gewiegt,4,4964,0.0008058017727639
langsam,4,4964,0.0008058017727639
magermilch,4,4964,0.0008058017727639
daran,4,4964,0.0008058017727639
bäckt,4,4964,0.0008058017727639
ioc>,4,4964,0.0008058017727639
gelegt,4,4964,0.0008058017727639
bestreut,4,4964,0.0008058017727639
fein,4,4964,0.0008058017727639
rochen,4,4964,0.0008058017727639
seiten,4,4964,0.0008058017727639
als,4,4964,0.0008058017727639
saft,4,4964,0.0008058017727639
teig,4,4964,0.0008058017727639
g,4,4964,0.0008058017727639
zubereitung,4,4964,0.0008058017727639
saucen,4,4964,0.0008058017727639
hinein,4,4964,0.0008058017727639
lssig,4,4964,0.0008058017727639
1^,4,4964,0.0008058017727639
nimmt,4,4964,0.0008058017727639
äpfeln,4,4964,0.0008058017727639
rindfleisch,4,4964,0.0008058017727639
einfacher,4,4964,0.0008058017727639
vorbereitete,4,4964,0.0008058017727639
lrot,4,4964,0.0008058017727639
stück,4,4964,0.0008058017727639
suppengrün,4,4964,0.0008058017727639
geschwitzt,4,4964,0.0008058017727639
eingefüllt,4,4964,0.0008058017727639
warmer,4,4964,0.0008058017727639
möhren,4,4964,0.0008058017727639
horm,4,4964,0.0008058017727639
gemüse,4,4964,0.0008058017727639
schüssel,4,4964,0.0008058017727639
hefestück,4,4964,0.0008058017727639
schweinefleisch,4,4964,0.0008058017727639
streut,4,4964,0.0008058017727639
riste,4,4964,0.0008058017727639
hefe,4,4964,0.0008058017727639
ropf,4,4964,0.0008058017727639
verwenden,4,4964,0.0008058017727639
schnitten,4,4964,0.0008058017727639
darf,4,4964,0.0008058017727639
dieses,4,4964,0.0008058017727639
mischt,4,4964,0.0008058017727639
entgrätet,4,4964,0.0008058017727639
deckel,4,4964,0.0008058017727639
zimt,4,4964,0.0008058017727639
speisen,4,4964,0.0008058017727639
lutter,4,4964,0.0008058017727639
abwechselnd,4,4964,0.0008058017727639
allen,4,4964,0.0008058017727639
daß,4,4964,0.0008058017727639
stellt,4,4964,0.0008058017727639
darin,3,4964,0.0006043513295729251
über,3,4964,0.0006043513295729251
schlägt,3,4964,0.0006043513295729251
löffel,3,4964,0.0006043513295729251
aufgefüllt,3,4964,0.0006043513295729251
aufgegangen,3,4964,0.0006043513295729251
schichtet,3,4964,0.0006043513295729251
teelöffel,3,4964,0.0006043513295729251
reste,3,4964,0.0006043513295729251
bepinselt,3,4964,0.0006043513295729251
abgezogen,3,4964,0.0006043513295729251
salzkartoffeln,3,4964,0.0006043513295729251
einige,3,4964,0.0006043513295729251
jeder,3,4964,0.0006043513295729251
rnochen,3,4964,0.0006043513295729251
tuch,3,4964,0.0006043513295729251
gefüllt,3,4964,0.0006043513295729251
stückchen,3,4964,0.0006043513295729251
gesiebt,3,4964,0.0006043513295729251
haben,3,4964,0.0006043513295729251
soll,3,4964,0.0006043513295729251
24,3,4964,0.0006043513295729251
tisch,3,4964,0.0006043513295729251
beim,3,4964,0.0006043513295729251
rühren,3,4964,0.0006043513295729251
hering,3,4964,0.0006043513295729251
zwiebeln,3,4964,0.0006043513295729251
lßlöffel,3,4964,0.0006043513295729251
lasse,3,4964,0.0006043513295729251
abge,3,4964,0.0006043513295729251
stelle,3,4964,0.0006043513295729251
verlesen,3,4964,0.0006043513295729251
weimar,3,4964,0.0006043513295729251
personen,3,4964,0.0006043513295729251
knochen,3,4964,0.0006043513295729251
gl,3,4964,0.0006043513295729251
blättern,3,4964,0.0006043513295729251
haut,3,4964,0.0006043513295729251
zeit,3,4964,0.0006043513295729251
her,3,4964,0.0006043513295729251
10,3,4964,0.0006043513295729251
weißkohl,3,4964,0.0006043513295729251
davon,3,4964,0.0006043513295729251
dies,3,4964,0.0006043513295729251
locker,3,4964,0.0006043513295729251
braten,3,4964,0.0006043513295729251
kleinen,3,4964,0.0006043513295729251
gebe,3,4964,0.0006043513295729251
erwärmt,3,4964,0.0006043513295729251
sßliffel,3,4964,0.0006043513295729251
wer,3,4964,0.0006043513295729251
schält,3,4964,0.0006043513295729251
mischung,3,4964,0.0006043513295729251
zc>,3,4964,0.0006043513295729251
saure,3,4964,0.0006043513295729251
abgegossen,3,4964,0.0006043513295729251
töpfe,3,4964,0.0006043513295729251
ebenfalls,3,4964,0.0006043513295729251
lleisch,3,4964,0.0006043513295729251
zentimeter,3,4964,0.0006043513295729251
heißem,3,4964,0.0006043513295729251
ganz,3,4964,0.0006043513295729251
ausgedrückt,3,4964,0.0006043513295729251
vollständig,3,4964,0.0006043513295729251
abschmecken,3,4964,0.0006043513295729251
verwendet,3,4964,0.0006043513295729251
sellerie,3,4964,0.0006043513295729251
essig,3,4964,0.0006043513295729251
sehr,3,4964,0.0006043513295729251
zur,3,4964,0.0006043513295729251
holzwolle,3,4964,0.0006043513295729251
ben,3,4964,0.0006043513295729251
einzeln,3,4964,0.0006043513295729251
6,3,4964,0.0006043513295729251
dämpfer,3,4964,0.0006043513295729251
gebracht,3,4964,0.0006043513295729251
jedes,3,4964,0.0006043513295729251
dazwischen,3,4964,0.0006043513295729251
trocken,3,4964,0.0006043513295729251
nie,3,4964,0.0006043513295729251
uns,3,4964,0.0006043513295729251
geschnittenen,3,4964,0.0006043513295729251
ausgespülte,3,4964,0.0006043513295729251
weniger,3,4964,0.0006043513295729251
pfennig,3,4964,0.0006043513295729251
ikssig,3,4964,0.0006043513295729251
zleisch,3,4964,0.0006043513295729251
irdenen,3,4964,0.0006043513295729251
gestürzt,2,4964,0.00040290088638195
um,2,4964,0.00040290088638195
vom,2,4964,0.00040290088638195
fleischmaschine,2,4964,0.00040290088638195
dl,2,4964,0.00040290088638195
serviette,2,4964,0.00040290088638195
reitet,2,4964,0.00040290088638195
ungefähr,2,4964,0.00040290088638195
rezepte,2,4964,0.00040290088638195
selbst,2,4964,0.00040290088638195
dünn,2,4964,0.00040290088638195
abgeriebener,2,4964,0.00040290088638195
wurzel,2,4964,0.00040290088638195
öfterem,2,4964,0.00040290088638195
belieben,2,4964,0.00040290088638195
raum,2,4964,0.00040290088638195
schnell,2,4964,0.00040290088638195
geriebener,2,4964,0.00040290088638195
feln,2,4964,0.00040290088638195
grieben,2,4964,0.00040290088638195
äpfel,2,4964,0.00040290088638195
^pfund,2,4964,0.00040290088638195
hammelfleisch,2,4964,0.00040290088638195
verrührt,2,4964,0.00040290088638195
ausgekocht,2,4964,0.00040290088638195
steintopf,2,4964,0.00040290088638195
et,2,4964,0.00040290088638195
heuer,2,4964,0.00040290088638195
zzutter,2,4964,0.00040290088638195
vor,2,4964,0.00040290088638195
k,2,4964,0.00040290088638195
ausgelegt,2,4964,0.00040290088638195
rumst,2,4964,0.00040290088638195
zitronenschale,2,4964,0.00040290088638195
eß,2,4964,0.00040290088638195
bratet,2,4964,0.00040290088638195
verloren,2,4964,0.00040290088638195
stzine,2,4964,0.00040290088638195
pfg,2,4964,0.00040290088638195
geschmack,2,4964,0.00040290088638195
schaumig,2,4964,0.00040290088638195
käse,2,4964,0.00040290088638195
will,2,4964,0.00040290088638195
verletzen,2,4964,0.00040290088638195
sowie,2,4964,0.00040290088638195
erkalten,2,4964,0.00040290088638195
nur,2,4964,0.00040290088638195
woche,2,4964,0.00040290088638195
dünne,2,4964,0.00040290088638195
da,2,4964,0.00040290088638195
si,2,4964,0.00040290088638195
breite,2,4964,0.00040290088638195
großen,2,4964,0.00040290088638195
wasier,2,4964,0.00040290088638195
was,2,4964,0.00040290088638195
geliert,2,4964,0.00040290088638195
schichtweise,2,4964,0.00040290088638195
schweinebauch,2,4964,0.00040290088638195
schabt,2,4964,0.00040290088638195
rar,2,4964,0.00040290088638195
tage,2,4964,0.00040290088638195
abtropfen,2,4964,0.00040290088638195
am,2,4964,0.00040290088638195
schen,2,4964,0.00040290088638195
gewürz,2,4964,0.00040290088638195
form,2,4964,0.00040290088638195
ic>c>,2,4964,0.00040290088638195
gezogen,2,4964,0.00040290088638195
abgegossenen,2,4964,0.00040290088638195
zerlegt,2,4964,0.00040290088638195
zwar,2,4964,0.00040290088638195
apfelwein,2,4964,0.00040290088638195
grütze,2,4964,0.00040290088638195
zwischen,2,4964,0.00040290088638195
schei,2,4964,0.00040290088638195
mische,2,4964,0.00040290088638195
befestigt,2,4964,0.00040290088638195
eigelb,2,4964,0.00040290088638195
be,2,4964,0.00040290088638195
gelee,2,4964,0.00040290088638195
große,2,4964,0.00040290088638195
helfen,2,4964,0.00040290088638195
schellfisch,2,4964,0.00040290088638195
angesetzt,2,4964,0.00040290088638195
iz,2,4964,0.00040290088638195
sparsam,2,4964,0.00040290088638195
wein,2,4964,0.00040290088638195
lägt,2,4964,0.00040290088638195
vorher,2,4964,0.00040290088638195
eiweiß,2,4964,0.00040290088638195
tut,2,4964,0.00040290088638195
hoch,2,4964,0.00040290088638195
auskochen,2,4964,0.00040290088638195
ilssig,2,4964,0.00040290088638195
koche,2,4964,0.00040290088638195
kartoffelmehl,2,4964,0.00040290088638195
gedämpft,2,4964,0.00040290088638195
gebürstet,2,4964,0.00040290088638195
wasserbade,2,4964,0.00040290088638195
maschine,2,4964,0.00040290088638195
psund,2,4964,0.00040290088638195
lorin,2,4964,0.00040290088638195
spinat,2,4964,0.00040290088638195
rüchen,2,4964,0.00040290088638195
bringt,2,4964,0.00040290088638195
waschen,2,4964,0.00040290088638195
hell,2,4964,0.00040290088638195
mehr,2,4964,0.00040290088638195
warm,2,4964,0.00040290088638195
frischer,2,4964,0.00040290088638195
schicht,2,4964,0.00040290088638195
mengt,2,4964,0.00040290088638195
ll,2,4964,0.00040290088638195
schnee,2,4964,0.00040290088638195
räse,2,4964,0.00040290088638195
streifen,2,4964,0.00040290088638195
schweinsfüße,2,4964,0.00040290088638195
billigen,2,4964,0.00040290088638195
schmort,2,4964,0.00040290088638195
schneide,2,4964,0.00040290088638195
sorm,2,4964,0.00040290088638195
init,2,4964,0.00040290088638195
hälfte,2,4964,0.00040290088638195
setzt,2,4964,0.00040290088638195
8,2,4964,0.00040290088638195
trockenes,2,4964,0.00040290088638195
aartoffeln,2,4964,0.00040290088638195
beiden,2,4964,0.00040290088638195
wenig,2,4964,0.00040290088638195
reibt,2,4964,0.00040290088638195
gehackten,2,4964,0.00040290088638195
anderen,2,4964,0.00040290088638195
o,2,4964,0.00040290088638195
verwendung,2,4964,0.00040290088638195
letzte,2,4964,0.00040290088638195
zisch,2,4964,0.00040290088638195
dürfen,2,4964,0.00040290088638195
süße,2,4964,0.00040290088638195
nun,2,4964,0.00040290088638195
ausgegangen,2,4964,0.00040290088638195
kaufen,2,4964,0.00040290088638195
knetet,2,4964,0.00040290088638195
schweinekamm,2,4964,0.00040290088638195
plätzchen,2,4964,0.00040290088638195
herstellen,2,4964,0.00040290088638195
pudding,2,4964,0.00040290088638195
bestrichen,2,4964,0.00040290088638195
kohl,2,4964,0.00040290088638195
male,2,4964,0.00040290088638195
aufgehen,2,4964,0.00040290088638195
streicht,2,4964,0.00040290088638195
rosinen,2,4964,0.00040290088638195
nächsten,2,4964,0.00040290088638195
>,2,4964,0.00040290088638195
nahrungsmittel,2,4964,0.00040290088638195
aufbewahrt,2,4964,0.00040290088638195
genommen,2,4964,0.00040290088638195
gerieben,2,4964,0.00040290088638195
vermische,2,4964,0.00040290088638195
^zitrone,2,4964,0.00040290088638195
uark,2,4964,0.00040290088638195
bindet,2,4964,0.00040290088638195
übergießt,2,4964,0.00040290088638195
buchweizen,2,4964,0.00040290088638195
bereitet,2,4964,0.00040290088638195
sorgfältig,2,4964,0.00040290088638195
geröstet,2,4964,0.00040290088638195
schälen,2,4964,0.00040290088638195
schwarte,2,4964,0.00040290088638195
rollt,2,4964,0.00040290088638195
<vl,2,4964,0.00040290088638195
puddingform,2,4964,0.00040290088638195
gestreut,1,4964,0.000201450443190975
trocknet,1,4964,0.000201450443190975
massei,1,4964,0.000201450443190975
gehacktes,1,4964,0.000201450443190975
pott,1,4964,0.000201450443190975
gereicht,1,4964,0.000201450443190975
^n,1,4964,0.000201450443190975
weichgewordene,1,4964,0.000201450443190975
andere,1,4964,0.000201450443190975
nehmen,1,4964,0.000201450443190975
mcsserrückendick,1,4964,0.000201450443190975
kochender,1,4964,0.000201450443190975
würfelig,1,4964,0.000201450443190975
dag,1,4964,0.000201450443190975
och,1,4964,0.000201450443190975
prise,1,4964,0.000201450443190975
«kßlöffel,1,4964,0.000201450443190975
reinigen,1,4964,0.000201450443190975
fammen,1,4964,0.000201450443190975
anroeisungfürdiezubereitung,1,4964,0.000201450443190975
anstelle,1,4964,0.000201450443190975
u?asser,1,4964,0.000201450443190975
gepreßt,1,4964,0.000201450443190975
bedeutend,1,4964,0.000201450443190975
^^iemals,1,4964,0.000201450443190975
vorgeschriebene,1,4964,0.000201450443190975
näht,1,4964,0.000201450443190975
ten,1,4964,0.000201450443190975
lackspritze,1,4964,0.000201450443190975
salzen,1,4964,0.000201450443190975
rinden,1,4964,0.000201450443190975
ausquellen,1,4964,0.000201450443190975
pflicht,1,4964,0.000201450443190975
zugedecktem,1,4964,0.000201450443190975
ichten,1,4964,0.000201450443190975
teller,1,4964,0.000201450443190975
ausschuß,1,4964,0.000201450443190975
gewendet,1,4964,0.000201450443190975
ausgezeichnet,1,4964,0.000201450443190975
gen,1,4964,0.000201450443190975
rste,1,4964,0.000201450443190975
sel,1,4964,0.000201450443190975
nuten,1,4964,0.000201450443190975
verdaulich,1,4964,0.000201450443190975
ersetzen,1,4964,0.000201450443190975
bissen,1,4964,0.000201450443190975
12,1,4964,0.000201450443190975
geudet,1,4964,0.000201450443190975
rartoffelstückchen,1,4964,0.000201450443190975
trockenen,1,4964,0.000201450443190975
grsge,1,4964,0.000201450443190975
weiße,1,4964,0.000201450443190975
sticht,1,4964,0.000201450443190975
backen,1,4964,0.000201450443190975
geschnittenem,1,4964,0.000201450443190975
deutschland,1,4964,0.000201450443190975
soviel,1,4964,0.000201450443190975
glas,1,4964,0.000201450443190975
losllst,1,4964,0.000201450443190975
bezogen,1,4964,0.000201450443190975
ringe,1,4964,0.000201450443190975
ko,1,4964,0.000201450443190975
glinst,1,4964,0.000201450443190975
fisch,1,4964,0.000201450443190975
tv^eures,1,4964,0.000201450443190975
durchwachsenem,1,4964,0.000201450443190975
zerlassen,1,4964,0.000201450443190975
recht,1,4964,0.000201450443190975
gemüsesuppe,1,4964,0.000201450443190975
gurkenhobel,1,4964,0.000201450443190975
artig,1,4964,0.000201450443190975
ti,1,4964,0.000201450443190975
zogen,1,4964,0.000201450443190975
pökelzunge,1,4964,0.000201450443190975
tue,1,4964,0.000201450443190975
zi,1,4964,0.000201450443190975
salzheringe,1,4964,0.000201450443190975
vbst,1,4964,0.000201450443190975
margarinestückchen,1,4964,0.000201450443190975
abkochwasser,1,4964,0.000201450443190975
zugenäht,1,4964,0.000201450443190975
inehr,1,4964,0.000201450443190975
rartof,1,4964,0.000201450443190975
schweizer,1,4964,0.000201450443190975
dampfweich,1,4964,0.000201450443190975
^salzig,1,4964,0.000201450443190975
gelbbraun,1,4964,0.000201450443190975
sondern,1,4964,0.000201450443190975
schalen,1,4964,0.000201450443190975
sinschränkung,1,4964,0.000201450443190975
backpulver,1,4964,0.000201450443190975
rosenkohl,1,4964,0.000201450443190975
«v,1,4964,0.000201450443190975
rotc,1,4964,0.000201450443190975
iiicinerikierkucheiipfanne,1,4964,0.000201450443190975
ausgenutzt,1,4964,0.000201450443190975
rohen,1,4964,0.000201450443190975
welchem,1,4964,0.000201450443190975
bittere,1,4964,0.000201450443190975
ausgepinfelte,1,4964,0.000201450443190975
rechnen,1,4964,0.000201450443190975
sparsamer,1,4964,0.000201450443190975
abgeriebene,1,4964,0.000201450443190975
gcsiebt,1,4964,0.000201450443190975
gewogen,1,4964,0.000201450443190975
geschälte,1,4964,0.000201450443190975
sß,1,4964,0.000201450443190975
wirtschaften,1,4964,0.000201450443190975
apfel,1,4964,0.000201450443190975
sormt,1,4964,0.000201450443190975
erstarren,1,4964,0.000201450443190975
brin,1,4964,0.000201450443190975
stifte,1,4964,0.000201450443190975
wälzt,1,4964,0.000201450443190975
schmackhaftergerichle,1,4964,0.000201450443190975
hzin,1,4964,0.000201450443190975
schicken,1,4964,0.000201450443190975
rü,1,4964,0.000201450443190975
wiegt,1,4964,0.000201450443190975
sorgsamer,1,4964,0.000201450443190975
pl,1,4964,0.000201450443190975
selleriebrüye,1,4964,0.000201450443190975
ic>,1,4964,0.000201450443190975
ausgestochen,1,4964,0.000201450443190975
gleichwertige,1,4964,0.000201450443190975
berechnet,1,4964,0.000201450443190975
stein,1,4964,0.000201450443190975
sßlöffeln,1,4964,0.000201450443190975
backbleck,1,4964,0.000201450443190975
?e>tcr,1,4964,0.000201450443190975
honig,1,4964,0.000201450443190975
6igelb,1,4964,0.000201450443190975
s?,1,4964,0.000201450443190975
eisbeine,1,4964,0.000201450443190975
lind,1,4964,0.000201450443190975
anfängt,1,4964,0.000201450443190975
joann,1,4964,0.000201450443190975
blasen,1,4964,0.000201450443190975
zugesetzt,1,4964,0.000201450443190975
früchte,1,4964,0.000201450443190975
linden,1,4964,0.000201450443190975
wünschenswert,1,4964,0.000201450443190975
selbständiges,1,4964,0.000201450443190975
<^m,1,4964,0.000201450443190975
rlöße,1,4964,0.000201450443190975
frucht,1,4964,0.000201450443190975
angerührt,1,4964,0.000201450443190975
lleischkltße,1,4964,0.000201450443190975
schluß,1,4964,0.000201450443190975
heringe,1,4964,0.000201450443190975
wässern,1,4964,0.000201450443190975
solange,1,4964,0.000201450443190975
flüssiges,1,4964,0.000201450443190975
eines,1,4964,0.000201450443190975
bietet,1,4964,0.000201450443190975
gesundheitsschädigend,1,4964,0.000201450443190975
vei,1,4964,0.000201450443190975
lorm,1,4964,0.000201450443190975
saftig,1,4964,0.000201450443190975
lasjen,1,4964,0.000201450443190975
angepaßte,1,4964,0.000201450443190975
anrichten,1,4964,0.000201450443190975
boden,1,4964,0.000201450443190975
besiegend,1,4964,0.000201450443190975
festschließenden,1,4964,0.000201450443190975
billig,1,4964,0.000201450443190975
rohe,1,4964,0.000201450443190975
feine,1,4964,0.000201450443190975
zzrei,1,4964,0.000201450443190975
vanillezucker,1,4964,0.000201450443190975
master,1,4964,0.000201450443190975
fruchtsaft,1,4964,0.000201450443190975
schuppenförmig,1,4964,0.000201450443190975
geputzt,1,4964,0.000201450443190975
steifen,1,4964,0.000201450443190975
geschont,1,4964,0.000201450443190975
welches,1,4964,0.000201450443190975
zwie,1,4964,0.000201450443190975
ldamer,1,4964,0.000201450443190975
herausgenommen,1,4964,0.000201450443190975
flüssigkeit,1,4964,0.000201450443190975
muskatblüte,1,4964,0.000201450443190975
bevor,1,4964,0.000201450443190975
zergehen,1,4964,0.000201450443190975
zettschicht,1,4964,0.000201450443190975
tacen,1,4964,0.000201450443190975
ansprüchen,1,4964,0.000201450443190975
fräulein,1,4964,0.000201450443190975
liffel,1,4964,0.000201450443190975
formt,1,4964,0.000201450443190975
e^ßisctier,1,4964,0.000201450443190975
gebraten,1,4964,0.000201450443190975
leerer,1,4964,0.000201450443190975
leuer,1,4964,0.000201450443190975
llier,1,4964,0.000201450443190975
jven,1,4964,0.000201450443190975
verwandt,1,4964,0.000201450443190975
zoie,1,4964,0.000201450443190975
gurke,1,4964,0.000201450443190975
schwer,1,4964,0.000201450443190975
toffel,1,4964,0.000201450443190975
^^,1,4964,0.000201450443190975
salzt,1,4964,0.000201450443190975
färben,1,4964,0.000201450443190975
putzen,1,4964,0.000201450443190975
tomaten,1,4964,0.000201450443190975
dern,1,4964,0.000201450443190975
gehack,1,4964,0.000201450443190975
beilage,1,4964,0.000201450443190975
schütteln,1,4964,0.000201450443190975
größte,1,4964,0.000201450443190975
tee,1,4964,0.000201450443190975
>^4,1,4964,0.000201450443190975
c,1,4964,0.000201450443190975
pvss,1,4964,0.000201450443190975
land,1,4964,0.000201450443190975
zitronenguß,1,4964,0.000201450443190975
taft,1,4964,0.000201450443190975
gorm,1,4964,0.000201450443190975
kohlrüben,1,4964,0.000201450443190975
ausgestrichen,1,4964,0.000201450443190975
verwende,1,4964,0.000201450443190975
kriegszeit,1,4964,0.000201450443190975
srkaltet,1,4964,0.000201450443190975
hörnchen,1,4964,0.000201450443190975
rriegs,1,4964,0.000201450443190975
feuchtes,1,4964,0.000201450443190975
ausbluten,1,4964,0.000201450443190975
ob,1,4964,0.000201450443190975
brotwird,1,4964,0.000201450443190975
schnauzen,1,4964,0.000201450443190975
mache,1,4964,0.000201450443190975
brettchen,1,4964,0.000201450443190975
14,1,4964,0.000201450443190975
verlag,1,4964,0.000201450443190975
höchstens,1,4964,0.000201450443190975
blattgemüse,1,4964,0.000201450443190975
gräten,1,4964,0.000201450443190975
bratwürste,1,4964,0.000201450443190975
zweites,1,4964,0.000201450443190975
gespart,1,4964,0.000201450443190975
folgender,1,4964,0.000201450443190975
kriege,1,4964,0.000201450443190975
platten,1,4964,0.000201450443190975
verschließt,1,4964,0.000201450443190975
kein,1,4964,0.000201450443190975
kraut,1,4964,0.000201450443190975
schliegen,1,4964,0.000201450443190975
lglöffcl,1,4964,0.000201450443190975
angemessen,1,4964,0.000201450443190975
gustav,1,4964,0.000201450443190975
messerspitze,1,4964,0.000201450443190975
buttern,1,4964,0.000201450443190975
wirft,1,4964,0.000201450443190975
pfanne,1,4964,0.000201450443190975
nenschale,1,4964,0.000201450443190975
rartoffelsuppen,1,4964,0.000201450443190975
seite,1,4964,0.000201450443190975
deckels,1,4964,0.000201450443190975
kar,1,4964,0.000201450443190975
ößlöffeltomatenpürrce,1,4964,0.000201450443190975
doch,1,4964,0.000201450443190975
möhrenmarmelade,1,4964,0.000201450443190975
tagsvorher,1,4964,0.000201450443190975
geriebenes,1,4964,0.000201450443190975
viertel,1,4964,0.000201450443190975
dazugegeben,1,4964,0.000201450443190975
zleischhackmaschine,1,4964,0.000201450443190975
ins,1,4964,0.000201450443190975
beschwert,1,4964,0.000201450443190975
zugabe,1,4964,0.000201450443190975
abgezogene,1,4964,0.000201450443190975
j>bst,1,4964,0.000201450443190975
eigenes,1,4964,0.000201450443190975
xjxbc„c,1,4964,0.000201450443190975
heiße,1,4964,0.000201450443190975
geschuppt,1,4964,0.000201450443190975
hafermehl,1,4964,0.000201450443190975
haferflockcn,1,4964,0.000201450443190975
feld,1,4964,0.000201450443190975
striez,1,4964,0.000201450443190975
kopfes,1,4964,0.000201450443190975
wohlschmeckende,1,4964,0.000201450443190975
angemengt,1,4964,0.000201450443190975
abgegessen,1,4964,0.000201450443190975
ro,1,4964,0.000201450443190975
gemacht,1,4964,0.000201450443190975
heißen,1,4964,0.000201450443190975
dazugerührt,1,4964,0.000201450443190975
rochens,1,4964,0.000201450443190975
verfe,1,4964,0.000201450443190975
muskat,1,4964,0.000201450443190975
runden,1,4964,0.000201450443190975
backofen,1,4964,0.000201450443190975
spült,1,4964,0.000201450443190975
aber,1,4964,0.000201450443190975
daraufgelegt,1,4964,0.000201450443190975
vorbereiteten,1,4964,0.000201450443190975
geriebenem,1,4964,0.000201450443190975
richtet,1,4964,0.000201450443190975
genmehl,1,4964,0.000201450443190975
längere,1,4964,0.000201450443190975
lks,1,4964,0.000201450443190975
fett,1,4964,0.000201450443190975
verschlossen,1,4964,0.000201450443190975
he,1,4964,0.000201450443190975
kartoffel,1,4964,0.000201450443190975
l^opf,1,4964,0.000201450443190975
verstehen,1,4964,0.000201450443190975
rissen,1,4964,0.000201450443190975
schrägt,1,4964,0.000201450443190975
ew,1,4964,0.000201450443190975
vil^,1,4964,0.000201450443190975
weichgekocht,1,4964,0.000201450443190975
apfelschalen,1,4964,0.000201450443190975
ausgelösten,1,4964,0.000201450443190975
grützen,1,4964,0.000201450443190975
abgefck,1,4964,0.000201450443190975
thelemann,1,4964,0.000201450443190975
größen,1,4964,0.000201450443190975
schnei,1,4964,0.000201450443190975
wandern,1,4964,0.000201450443190975
oben,1,4964,0.000201450443190975
genügen,1,4964,0.000201450443190975
x,1,4964,0.000201450443190975
glatt,1,4964,0.000201450443190975
hierauf,1,4964,0.000201450443190975
rinde,1,4964,0.000201450443190975
gedünstete,1,4964,0.000201450443190975
hafergrütze,1,4964,0.000201450443190975
verschwendung,1,4964,0.000201450443190975
kochkiste,1,4964,0.000201450443190975
daheim,1,4964,0.000201450443190975
jetzigen,1,4964,0.000201450443190975
vermengt,1,4964,0.000201450443190975
üischwasser,1,4964,0.000201450443190975
"""wennar",1,4964,0.000201450443190975
rotkohl,1,4964,0.000201450443190975
heraus,1,4964,0.000201450443190975
wcich,1,4964,0.000201450443190975
entfette,1,4964,0.000201450443190975
kochendein,1,4964,0.000201450443190975
komme,1,4964,0.000201450443190975
60,1,4964,0.000201450443190975
ausnützen,1,4964,0.000201450443190975
dietsch,1,4964,0.000201450443190975
gespritzt,1,4964,0.000201450443190975
welchen,1,4964,0.000201450443190975
ratscher,1,4964,0.000201450443190975
dünnen,1,4964,0.000201450443190975
verhältnissen,1,4964,0.000201450443190975
befreit,1,4964,0.000201450443190975
eme,1,4964,0.000201450443190975
lrotmasse,1,4964,0.000201450443190975
^ins,1,4964,0.000201450443190975
rindersett,1,4964,0.000201450443190975
verzehrt,1,4964,0.000201450443190975
tenknochen,1,4964,0.000201450443190975
fort,1,4964,0.000201450443190975
agn,1,4964,0.000201450443190975
bestreicht,1,4964,0.000201450443190975
„a„,1,4964,0.000201450443190975
stsstsdidliottiek,1,4964,0.000201450443190975
ganerkrantund,1,4964,0.000201450443190975
wendet,1,4964,0.000201450443190975
toffeln,1,4964,0.000201450443190975
verquirlt,1,4964,0.000201450443190975
fchnittenezlcifch,1,4964,0.000201450443190975
weiterkochen,1,4964,0.000201450443190975
ir,1,4964,0.000201450443190975
reicht,1,4964,0.000201450443190975
ipbstmus,1,4964,0.000201450443190975
zurückbleibende,1,4964,0.000201450443190975
ausgekühlt,1,4964,0.000201450443190975
verarbeitet,1,4964,0.000201450443190975
brückner,1,4964,0.000201450443190975
abgießt,1,4964,0.000201450443190975
untergemischt,1,4964,0.000201450443190975
bestimmte,1,4964,0.000201450443190975
bedecke,1,4964,0.000201450443190975
bestän,1,4964,0.000201450443190975
geriebenen,1,4964,0.000201450443190975
lehrerin,1,4964,0.000201450443190975
mi,1,4964,0.000201450443190975
gangen,1,4964,0.000201450443190975
gereinigt,1,4964,0.000201450443190975
überzug,1,4964,0.000201450443190975
hpfundraffinade,1,4964,0.000201450443190975
roggenmeyl,1,4964,0.000201450443190975
vi,1,4964,0.000201450443190975
nasser,1,4964,0.000201450443190975
empfehlen,1,4964,0.000201450443190975
unfer,1,4964,0.000201450443190975
klarem,1,4964,0.000201450443190975
genügt,1,4964,0.000201450443190975
berücksichtigen,1,4964,0.000201450443190975
sorgfältige,1,4964,0.000201450443190975
allerküchenabfälle,1,4964,0.000201450443190975
sahne,1,4964,0.000201450443190975
srühstück,1,4964,0.000201450443190975
apfelsinenmarmelade,1,4964,0.000201450443190975
feinde,1,4964,0.000201450443190975
«,1,4964,0.000201450443190975
sup,1,4964,0.000201450443190975
martin,1,4964,0.000201450443190975
serviert,1,4964,0.000201450443190975
leides,1,4964,0.000201450443190975
auseinandergehauenen,1,4964,0.000201450443190975
hergestellt,1,4964,0.000201450443190975
fel,1,4964,0.000201450443190975
kommen,1,4964,0.000201450443190975
iilv,1,4964,0.000201450443190975
v^,1,4964,0.000201450443190975
allein,1,4964,0.000201450443190975
1il,1,4964,0.000201450443190975
abschäumt,1,4964,0.000201450443190975
u?ird,1,4964,0.000201450443190975
schnittene,1,4964,0.000201450443190975
schäumt,1,4964,0.000201450443190975
durchgemischt,1,4964,0.000201450443190975
resten,1,4964,0.000201450443190975
sglöffel,1,4964,0.000201450443190975
mullbeutelchen,1,4964,0.000201450443190975
menschliche,1,4964,0.000201450443190975
reichen,1,4964,0.000201450443190975
ren,1,4964,0.000201450443190975
zrucht,1,4964,0.000201450443190975
reichliche,1,4964,0.000201450443190975
derselbe,1,4964,0.000201450443190975
zerstampft,1,4964,0.000201450443190975
i^^chalen,1,4964,0.000201450443190975
albfleisch,1,4964,0.000201450443190975
suppengemüse,1,4964,0.000201450443190975
keller,1,4964,0.000201450443190975
umgestülpt,1,4964,0.000201450443190975
n>ie,1,4964,0.000201450443190975
genau,1,4964,0.000201450443190975
zubereitet,1,4964,0.000201450443190975
kalten,1,4964,0.000201450443190975
buchhandlung,1,4964,0.000201450443190975
laden,1,4964,0.000201450443190975
möhrenmarmclade,1,4964,0.000201450443190975
rartoffelklöße,1,4964,0.000201450443190975
teil,1,4964,0.000201450443190975
sardellen,1,4964,0.000201450443190975
scharf,1,4964,0.000201450443190975
meerrettich,1,4964,0.000201450443190975
nebeneinander,1,4964,0.000201450443190975
preis,1,4964,0.000201450443190975
tuen,1,4964,0.000201450443190975
klempner,1,4964,0.000201450443190975
rtöße,1,4964,0.000201450443190975
abkochen,1,4964,0.000201450443190975
napfkuchenform,1,4964,0.000201450443190975
süßer,1,4964,0.000201450443190975
lasten,1,4964,0.000201450443190975
einiger,1,4964,0.000201450443190975
xulwrdesit?,1,4964,0.000201450443190975
ton,1,4964,0.000201450443190975
eingebunden,1,4964,0.000201450443190975
schweinskopfes,1,4964,0.000201450443190975
kopf,1,4964,0.000201450443190975
marmelade,1,4964,0.000201450443190975
schaumlöffel,1,4964,0.000201450443190975
einsatz,1,4964,0.000201450443190975
gezwungen,1,4964,0.000201450443190975
ikrnährung,1,4964,0.000201450443190975
mandeln,1,4964,0.000201450443190975
11,1,4964,0.000201450443190975
apfelkom,1,4964,0.000201450443190975
nahrhaften,1,4964,0.000201450443190975
durchwachsenen,1,4964,0.000201450443190975
mahlzeit,1,4964,0.000201450443190975
giestt,1,4964,0.000201450443190975
gebuttertes,1,4964,0.000201450443190975
ruchen,1,4964,0.000201450443190975
salzgurken,1,4964,0.000201450443190975
fleischkost,1,4964,0.000201450443190975
schwarz,1,4964,0.000201450443190975
6°^,1,4964,0.000201450443190975
küchenzettel,1,4964,0.000201450443190975
üscarten,1,4964,0.000201450443190975
dreht,1,4964,0.000201450443190975
während,1,4964,0.000201450443190975
sauc,1,4964,0.000201450443190975
sommer,1,4964,0.000201450443190975
de,1,4964,0.000201450443190975
rum,1,4964,0.000201450443190975
gebräunt,1,4964,0.000201450443190975
gewürzen,1,4964,0.000201450443190975
jeden,1,4964,0.000201450443190975
cns,1,4964,0.000201450443190975
geschälten,1,4964,0.000201450443190975
pfoten,1,4964,0.000201450443190975
mittels,1,4964,0.000201450443190975
feuchter,1,4964,0.000201450443190975
kurz,1,4964,0.000201450443190975
vorhandenen,1,4964,0.000201450443190975
15,1,4964,0.000201450443190975
ss,1,4964,0.000201450443190975
abgekochtes,1,4964,0.000201450443190975
genießen,1,4964,0.000201450443190975
gewiegten,1,4964,0.000201450443190975
tasse,1,4964,0.000201450443190975
kapern,1,4964,0.000201450443190975
knocken,1,4964,0.000201450443190975
eingeweicht,1,4964,0.000201450443190975
viehfütterung,1,4964,0.000201450443190975
tops,1,4964,0.000201450443190975
sicrn,1,4964,0.000201450443190975
i^^ebr,1,4964,0.000201450443190975
°,1,4964,0.000201450443190975
erzeugnisse,1,4964,0.000201450443190975
vorzunehmen,1,4964,0.000201450443190975
heizungsmaterial,1,4964,0.000201450443190975
gelöst,1,4964,0.000201450443190975
fe,1,4964,0.000201450443190975
i^^chokolade,1,4964,0.000201450443190975
völlig,1,4964,0.000201450443190975
lra,1,4964,0.000201450443190975
dreiecke,1,4964,0.000201450443190975
zitrone,1,4964,0.000201450443190975
porzellanschüssel,1,4964,0.000201450443190975
diesen,1,4964,0.000201450443190975
zormen,1,4964,0.000201450443190975
toffelsago,1,4964,0.000201450443190975
worden,1,4964,0.000201450443190975
ck,1,4964,0.000201450443190975
drei,1,4964,0.000201450443190975
zitro,1,4964,0.000201450443190975
feuerfeste,1,4964,0.000201450443190975
verputzt,1,4964,0.000201450443190975
speckbrühe,1,4964,0.000201450443190975
rindertalg,1,4964,0.000201450443190975
eier,1,4964,0.000201450443190975
geworden,1,4964,0.000201450443190975
luttcr,1,4964,0.000201450443190975
kohlrabi,1,4964,0.000201450443190975
kuchenteig,1,4964,0.000201450443190975
teelif,1,4964,0.000201450443190975
bleiben,1,4964,0.000201450443190975
selbstkoch,1,4964,0.000201450443190975
roggenbrot,1,4964,0.000201450443190975
vorsichtig,1,4964,0.000201450443190975
masie,1,4964,0.000201450443190975
wäscht,1,4964,0.000201450443190975
?rot,1,4964,0.000201450443190975
volksernährung,1,4964,0.000201450443190975
gurken,1,4964,0.000201450443190975
verfahren,1,4964,0.000201450443190975
verschiedenes,1,4964,0.000201450443190975
9,1,4964,0.000201450443190975
aett,1,4964,0.000201450443190975
siweist,1,4964,0.000201450443190975
l<,1,4964,0.000201450443190975
bambes,1,4964,0.000201450443190975
eingedrückt,1,4964,0.000201450443190975
zutaten,1,4964,0.000201450443190975
wenden,1,4964,0.000201450443190975
übrigen,1,4964,0.000201450443190975
fischgerichte,1,4964,0.000201450443190975
talg,1,4964,0.000201450443190975
butlerstückchen,1,4964,0.000201450443190975
fördernd,1,4964,0.000201450443190975
erfetzt,1,4964,0.000201450443190975
7,1,4964,0.000201450443190975
sammeln,1,4964,0.000201450443190975
anrveisungfürdiezubereitung,1,4964,0.000201450443190975
sorgfältiges,1,4964,0.000201450443190975
durchgestrichen,1,4964,0.000201450443190975
nelken,1,4964,0.000201450443190975
eßtäriegskost,1,4964,0.000201450443190975
rvürfel,1,4964,0.000201450443190975
abend,1,4964,0.000201450443190975
änderungen,1,4964,0.000201450443190975
aller,1,4964,0.000201450443190975
kaninchenfleisch,1,4964,0.000201450443190975
zeitdauer,1,4964,0.000201450443190975
aufkochen,1,4964,0.000201450443190975
rippen,1,4964,0.000201450443190975
binde,1,4964,0.000201450443190975
wo,1,4964,0.000201450443190975
vl,1,4964,0.000201450443190975
schmackhaftergerichte,1,4964,0.000201450443190975
doppelt,1,4964,0.000201450443190975
sorgfältigem,1,4964,0.000201450443190975
ausbraten,1,4964,0.000201450443190975
brauchte,1,4964,0.000201450443190975
saffran,1,4964,0.000201450443190975
kräutern,1,4964,0.000201450443190975
ausprobiert,1,4964,0.000201450443190975
ttährsalzen,1,4964,0.000201450443190975
aufeinander,1,4964,0.000201450443190975
pflaumenmus,1,4964,0.000201450443190975
gfen,1,4964,0.000201450443190975
beete,1,4964,0.000201450443190975
luftig,1,4964,0.000201450443190975
zierlich,1,4964,0.000201450443190975
zugleich,1,4964,0.000201450443190975
hie,1,4964,0.000201450443190975
sin,1,4964,0.000201450443190975
heißein,1,4964,0.000201450443190975
ausgenom,1,4964,0.000201450443190975
vorliegende,1,4964,0.000201450443190975
iin,1,4964,0.000201450443190975
este,1,4964,0.000201450443190975
insssigwasier,1,4964,0.000201450443190975
<i,1,4964,0.000201450443190975
pen,1,4964,0.000201450443190975
tronenschale,1,4964,0.000201450443190975
verbessert,1,4964,0.000201450443190975
ausgebraten,1,4964,0.000201450443190975
häufigere,1,4964,0.000201450443190975
blatt,1,4964,0.000201450443190975
gewür,1,4964,0.000201450443190975
lßbare,1,4964,0.000201450443190975
mepenheuer,1,4964,0.000201450443190975
artoffeln,1,4964,0.000201450443190975
zettgrieben,1,4964,0.000201450443190975
kabeljau,1,4964,0.000201450443190975
flüssiger,1,4964,0.000201450443190975
nebst,1,4964,0.000201450443190975
durchschlag,1,4964,0.000201450443190975
teilt,1,4964,0.000201450443190975
weizenmehls,1,4964,0.000201450443190975
wickelt,1,4964,0.000201450443190975
erhitzt,1,4964,0.000201450443190975
hineingeschichtet,1,4964,0.000201450443190975
schweinsohr,1,4964,0.000201450443190975
aufbewahren,1,4964,0.000201450443190975
durchsichtig,1,4964,0.000201450443190975
2zc>,1,4964,0.000201450443190975
seines,1,4964,0.000201450443190975
mals,1,4964,0.000201450443190975
abwechselt,1,4964,0.000201450443190975
gebildet,1,4964,0.000201450443190975
answellen,1,4964,0.000201450443190975
petersilie,1,4964,0.000201450443190975
lorbeer,1,4964,0.000201450443190975
ikßlöffel,1,4964,0.000201450443190975
salate,1,4964,0.000201450443190975
ih,1,4964,0.000201450443190975
rote,1,4964,0.000201450443190975
zorm,1,4964,0.000201450443190975
kochenden,1,4964,0.000201450443190975
abschmeckt,1,4964,0.000201450443190975
essen,1,4964,0.000201450443190975
übergewellt,1,4964,0.000201450443190975
saminen,1,4964,0.000201450443190975
schwarzwurzeln,1,4964,0.000201450443190975
überbäckt,1,4964,0.000201450443190975
inzwischen,1,4964,0.000201450443190975
i^literwasser,1,4964,0.000201450443190975
gebäck,1,4964,0.000201450443190975
päckchen,1,4964,0.000201450443190975
lackblech,1,4964,0.000201450443190975
gehackt,1,4964,0.000201450443190975
hier,1,4964,0.000201450443190975
derum,1,4964,0.000201450443190975
txlöße,1,4964,0.000201450443190975
ei,1,4964,0.000201450443190975
waster,1,4964,0.000201450443190975
ilicr,1,4964,0.000201450443190975
öpfe,1,4964,0.000201450443190975
unterführen,1,4964,0.000201450443190975
msen,1,4964,0.000201450443190975
vorwort,1,4964,0.000201450443190975
selleriescheiben,1,4964,0.000201450443190975
meerrettichsauce,1,4964,0.000201450443190975
ä,1,4964,0.000201450443190975
unsere,1,4964,0.000201450443190975
iliterzischwasserdarausgegeben,1,4964,0.000201450443190975
verfüttert,1,4964,0.000201450443190975
gßtariegskost,1,4964,0.000201450443190975
lkssig,1,4964,0.000201450443190975
belegtes,1,4964,0.000201450443190975
pfundrohegefchälterartoffelnwerden,1,4964,0.000201450443190975
i^suppengrün,1,4964,0.000201450443190975
«vfen,1,4964,0.000201450443190975
gemischt,1,4964,0.000201450443190975
wurzeln,1,4964,0.000201450443190975
aufgekocht,1,4964,0.000201450443190975
rvenn,1,4964,0.000201450443190975
ausgesetzt,1,4964,0.000201450443190975
eißbrot,1,4964,0.000201450443190975
getrieben,1,4964,0.000201450443190975
decke,1,4964,0.000201450443190975
zweiten,1,4964,0.000201450443190975
gestrichener,1,4964,0.000201450443190975
säuerliche,1,4964,0.000201450443190975
rarschläge,1,4964,0.000201450443190975
^schnitten,1,4964,0.000201450443190975
geträufelt,1,4964,0.000201450443190975
gewinnen,1,4964,0.000201450443190975
frisches,1,4964,0.000201450443190975
i<,1,4964,0.000201450443190975
unser,1,4964,0.000201450443190975
eingerieben,1,4964,0.000201450443190975
abgekühlt,1,4964,0.000201450443190975
fügt,1,4964,0.000201450443190975
brei,1,4964,0.000201450443190975
süß,1,4964,0.000201450443190975
stets,1,4964,0.000201450443190975
200,1,4964,0.000201450443190975
preßkopf,1,4964,0.000201450443190975
vorzügliches,1,4964,0.000201450443190975
ausgeweut,1,4964,0.000201450443190975
belegt,1,4964,0.000201450443190975
8ischfleisch,1,4964,0.000201450443190975
braucht,1,4964,0.000201450443190975
roggenmehlwerdenvermischt,1,4964,0.000201450443190975
fleischlose,1,4964,0.000201450443190975
eintreten,1,4964,0.000201450443190975
pergamentpapier,1,4964,0.000201450443190975
parmesankäse,1,4964,0.000201450443190975
abschöpft,1,4964,0.000201450443190975
verbessern,1,4964,0.000201450443190975
hartes,1,4964,0.000201450443190975
knappen,1,4964,0.000201450443190975
beimischt,1,4964,0.000201450443190975
gestalten,1,4964,0.000201450443190975
beides,1,4964,0.000201450443190975
zusammengestellt,1,4964,0.000201450443190975
gewaschenen,1,4964,0.000201450443190975
tellern,1,4964,0.000201450443190975
krieg,1,4964,0.000201450443190975
jedem,1,4964,0.000201450443190975
lvirtschastsschule,1,4964,0.000201450443190975
verbraucht,1,4964,0.000201450443190975
ivhren,1,4964,0.000201450443190975
ch,1,4964,0.000201450443190975
fleischgerichte,1,4964,0.000201450443190975
wässert,1,4964,0.000201450443190975
ziemlich,1,4964,0.000201450443190975
ilch,1,4964,0.000201450443190975
runde,1,4964,0.000201450443190975
hülsenfrüchte,1,4964,0.000201450443190975
feinwürfliger,1,4964,0.000201450443190975
rarwffelsalat,1,4964,0.000201450443190975
gesalzen,1,4964,0.000201450443190975
"""""""""t",1,4964,0.000201450443190975
teichplatz,1,4964,0.000201450443190975
kommt,1,4964,0.000201450443190975
ohne,1,4964,0.000201450443190975
1915,1,4964,0.000201450443190975
zwei,1,4964,0.000201450443190975
wurzelbrühe,1,4964,0.000201450443190975
heringssalat,1,4964,0.000201450443190975
vsm,1,4964,0.000201450443190975
stopfe,1,4964,0.000201450443190975
hstunde,1,4964,0.000201450443190975
gefüllte,1,4964,0.000201450443190975
vss,1,4964,0.000201450443190975
rümmcl,1,4964,0.000201450443190975
zusammenge,1,4964,0.000201450443190975
platte,1,4964,0.000201450443190975
ausgequollen,1,4964,0.000201450443190975
größe,1,4964,0.000201450443190975
eimarischenroch,1,4964,0.000201450443190975
sparen,1,4964,0.000201450443190975
alleiniges,1,4964,0.000201450443190975
gesetzlich,1,4964,0.000201450443190975
rezepten,1,4964,0.000201450443190975
gustin,1,4964,0.000201450443190975
zarben,1,4964,0.000201450443190975
verinischt,1,4964,0.000201450443190975
rh,1,4964,0.000201450443190975
klaren,1,4964,0.000201450443190975
irdenem,1,4964,0.000201450443190975
bestrichenes,1,4964,0.000201450443190975
<1^,1,4964,0.000201450443190975
sierkuchen,1,4964,0.000201450443190975
l^,1,4964,0.000201450443190975
ziehen,1,4964,0.000201450443190975
fen,1,4964,0.000201450443190975
dicker,1,4964,0.000201450443190975
ursprüngliche,1,4964,0.000201450443190975
vorbereiteteraninchen,1,4964,0.000201450443190975
nötig,1,4964,0.000201450443190975
richten,1,4964,0.000201450443190975
t4tts,1,4964,0.000201450443190975
aufschnitt,1,4964,0.000201450443190975
anregung,1,4964,0.000201450443190975
bearbeiteten,1,4964,0.000201450443190975
erst,1,4964,0.000201450443190975
gedünsteter,1,4964,0.000201450443190975
auskömmliche,1,4964,0.000201450443190975
zurückbleiben,1,4964,0.000201450443190975
tag,1,4964,0.000201450443190975
vorkommen,1,4964,0.000201450443190975
berg,1,4964,0.000201450443190975
nasse,1,4964,0.000201450443190975
digem,1,4964,0.000201450443190975
abziehen,1,4964,0.000201450443190975
übergossen,1,4964,0.000201450443190975
n>,1,4964,0.000201450443190975
jungvieh,1,4964,0.000201450443190975
herausgegeben,1,4964,0.000201450443190975
nes,1,4964,0.000201450443190975
mittelgroße,1,4964,0.000201450443190975
stoffrest,1,4964,0.000201450443190975
gespickt,1,4964,0.000201450443190975
vorschrift,1,4964,0.000201450443190975
gehen,1,4964,0.000201450443190975
^411,1,4964,0.000201450443190975
sack,1,4964,0.000201450443190975
hafer,1,4964,0.000201450443190975
schwitzen,1,4964,0.000201450443190975
"""""rd",1,4964,0.000201450443190975
sett,1,4964,0.000201450443190975
telz,1,4964,0.000201450443190975
treibt,1,4964,0.000201450443190975
bindfaden,1,4964,0.000201450443190975
gequollen,1,4964,0.000201450443190975
verfeinert,1,4964,0.000201450443190975
butterverbrauch,1,4964,0.000201450443190975
gemengt,1,4964,0.000201450443190975
getrockneten,1,4964,0.000201450443190975
versagen,1,4964,0.000201450443190975
blechpfanne,1,4964,0.000201450443190975
zleifchteilen,1,4964,0.000201450443190975
küche,1,4964,0.000201450443190975
gemeint,1,4964,0.000201450443190975
mark,1,4964,0.000201450443190975
übrigbleibenden,1,4964,0.000201450443190975
por,1,4964,0.000201450443190975
rine,1,4964,0.000201450443190975
braune,1,4964,0.000201450443190975
marga,1,4964,0.000201450443190975
ging,1,4964,0.000201450443190975
zitronen,1,4964,0.000201450443190975
vermeiden,1,4964,0.000201450443190975
grüne,1,4964,0.000201450443190975
ausgepinselte,1,4964,0.000201450443190975
w,1,4964,0.000201450443190975
mchl,1,4964,0.000201450443190975
«rot,1,4964,0.000201450443190975
schweinefleij,1,4964,0.000201450443190975
entfernt,1,4964,0.000201450443190975
bereitete,1,4964,0.000201450443190975
abgetropft,1,4964,0.000201450443190975
gehe,1,4964,0.000201450443190975
abgeschält,1,4964,0.000201450443190975
smaille,1,4964,0.000201450443190975
egliffel,1,4964,0.000201450443190975
mengen,1,4964,0.000201450443190975
sammele,1,4964,0.000201450443190975
?,1,4964,0.000201450443190975
isrkaltet,1,4964,0.000201450443190975
stark,1,4964,0.000201450443190975
heft,1,4964,0.000201450443190975
lgljffel,1,4964,0.000201450443190975
nötigen,1,4964,0.000201450443190975
gesundheits,1,4964,0.000201450443190975
erhält,1,4964,0.000201450443190975
lrühe,1,4964,0.000201450443190975
feines,1,4964,0.000201450443190975
rerne,1,4964,0.000201450443190975
hineingegebcn,1,4964,0.000201450443190975
gekochter,1,4964,0.000201450443190975
„,1,4964,0.000201450443190975
gelatine,1,4964,0.000201450443190975
grangen,1,4964,0.000201450443190975
durchgebraten,1,4964,0.000201450443190975
gchrveinsfliße,1,4964,0.000201450443190975
vanille,1,4964,0.000201450443190975
teilweife,1,4964,0.000201450443190975
reichlicher,1,4964,0.000201450443190975
40,1,4964,0.000201450443190975
niere,1,4964,0.000201450443190975
lvasser,1,4964,0.000201450443190975
gehackter,1,4964,0.000201450443190975
ropfes,1,4964,0.000201450443190975
wurzelgemüse,1,4964,0.000201450443190975
zlocken,1,4964,0.000201450443190975
8er,1,4964,0.000201450443190975
gedruckt,1,4964,0.000201450443190975
tes,1,4964,0.000201450443190975
dick,1,4964,0.000201450443190975
mecktes,1,4964,0.000201450443190975
e„,1,4964,0.000201450443190975
vutter,1,4964,0.000201450443190975
rartoffelmehl,1,4964,0.000201450443190975
wurst,1,4964,0.000201450443190975
wallendem,1,4964,0.000201450443190975
abgeschältes,1,4964,0.000201450443190975
brat,1,4964,0.000201450443190975
maismehl,1,4964,0.000201450443190975
eingekocht,1,4964,0.000201450443190975
richtig,1,4964,0.000201450443190975
sleisch,1,4964,0.000201450443190975
sauer,1,4964,0.000201450443190975
zurück,1,4964,0.000201450443190975
adergcmüse,1,4964,0.000201450443190975
gerechnet,1,4964,0.000201450443190975
begossen,1,4964,0.000201450443190975
fertig,1,4964,0.000201450443190975
wellt,1,4964,0.000201450443190975
aufge,1,4964,0.000201450443190975
blumenkohl,1,4964,0.000201450443190975
gestoßenen,1,4964,0.000201450443190975
minu,1,4964,0.000201450443190975
