ngram,count,total_words,frequency
und,595,12322,0.04828761564681058
mit,314,12322,0.025482876156468107
in,293,12322,0.023778607368933613
die,233,12322,0.018909267975977927
man,216,12322,0.01752962181464048
wird,179,12322,0.014526862522317805
etwas,175,12322,0.01420223989612076
1,146,12322,0.011848725856192177
dann,136,12322,0.011037169290699561
2,132,12322,0.010712546664502515
der,131,12322,0.010631391007953255
werden,130,12322,0.010550235351403993
milch,130,12322,0.010550235351403993
oder,128,12322,0.01038792403830547
wasser,126,12322,0.010225612725206947
salz,118,12322,0.009576367472812855
gramm,111,12322,0.009008277876968025
liter,108,12322,0.00876481090732024
zucker,106,12322,0.008602499594221717
fett,99,12322,0.008034409998376887
pfund,98,12322,0.007953254341827625
das,94,12322,0.007628631715630579
^,93,12322,0.007547476059081318
mehl,91,12322,0.007385164745982795
eine,88,12322,0.007141697776335011
dazu,87,12322,0.007060542119785749
kartoffeln,84,12322,0.006817075150137964
eßlöffel,84,12322,0.006817075150137964
gut,78,12322,0.006330141210842396
ein,77,12322,0.006248985554293134
sie,76,12322,0.006167829897743873
butter,73,12322,0.0059243629280960886
den,71,12322,0.005762051614997566
dem,70,12322,0.005680895958448304
es,66,12322,0.005356273332251258
kann,66,12322,0.005356273332251258
gibt,64,12322,0.005193962019152735
gekocht,61,12322,0.0049504950495049506
eier,56,12322,0.004544716766758643
3,56,12322,0.004544716766758643
läßt,54,12322,0.00438240545366012
zu,53,12322,0.004301249797110858
von,48,12322,0.003895471514364551
auch,47,12322,0.0038143158578152897
auf,44,12322,0.0035708488881675054
fleischbrühe,42,12322,0.003408537575068982
ge,41,12322,0.0033273819185197207
eigelb,40,12322,0.0032462262619704593
zwiebel,40,12322,0.0032462262619704593
kochen,39,12322,0.003165070605421198
einem,38,12322,0.0030839149488719364
gerührt,38,12322,0.0030839149488719364
stunde,38,12322,0.0030839149488719364
weich,38,12322,0.0030839149488719364
fleisch,37,12322,0.003002759292322675
ist,37,12322,0.003002759292322675
geschnitten,36,12322,0.0029216036357734136
löffel,36,12322,0.0029216036357734136
masse,35,12322,0.002840447979224152
4,34,12322,0.0027592923226748903
wenn,33,12322,0.002678136666125629
kleine,33,12322,0.002678136666125629
reis,33,12322,0.002678136666125629
gegeben,33,12322,0.002678136666125629
ei,32,12322,0.0025969810095763674
gebacken,32,12322,0.0025969810095763674
essig,32,12322,0.0025969810095763674
noch,30,12322,0.0024346696964778446
bis,30,12322,0.0024346696964778446
stunden,30,12322,0.0024346696964778446
l,29,12322,0.002353514039928583
kocht,29,12322,0.002353514039928583
rahm,28,12322,0.0022723583833793217
salzwasser,28,12322,0.0022723583833793217
rührt,27,12322,0.00219120272683006
nach,27,12322,0.00219120272683006
einige,27,12322,0.00219120272683006
durch,26,12322,0.0021100470702807984
wenig,26,12322,0.0021100470702807984
minuten,26,12322,0.0021100470702807984
tasse,26,12322,0.0021100470702807984
form,26,12322,0.0021100470702807984
darunter,26,12322,0.0021100470702807984
leicht,25,12322,0.002028891413731537
kalt,25,12322,0.002028891413731537
einer,25,12322,0.002028891413731537
brei,24,12322,0.0019477357571822756
fein,23,12322,0.0018665801006330141
alles,23,12322,0.0018665801006330141
gries,23,12322,0.0018665801006330141
so,22,12322,0.0017854244440837527
zuletzt,22,12322,0.0017854244440837527
er,22,12322,0.0017854244440837527
maismehl,22,12322,0.0017854244440837527
rühren,21,12322,0.001704268787534491
langsam,21,12322,0.001704268787534491
pfeffer,21,12322,0.001704268787534491
schnee,21,12322,0.001704268787534491
geriebene,21,12322,0.001704268787534491
im,21,12322,0.001704268787534491
einen,20,12322,0.0016231131309852296
will,20,12322,0.0016231131309852296
unter,20,12322,0.0016231131309852296
ihn,20,12322,0.0016231131309852296
zitronenschale,20,12322,0.0016231131309852296
gekochte,20,12322,0.0016231131309852296
daran,20,12322,0.0016231131309852296
x>,20,12322,0.0016231131309852296
gestellt,20,12322,0.0016231131309852296
gemacht,19,12322,0.0015419574744359682
zum,19,12322,0.0015419574744359682
eierschnee,18,12322,0.0014608018178867068
lassen,18,12322,0.0014608018178867068
kartoffelmehl,18,12322,0.0014608018178867068
abgelöscht,18,12322,0.0014608018178867068
stückchen,18,12322,0.0014608018178867068
5,18,12322,0.0014608018178867068
teig,18,12322,0.0014608018178867068
ab,18,12322,0.0014608018178867068
gewaschen,17,12322,0.0013796461613374451
macht,17,12322,0.0013796461613374451
getan,17,12322,0.0013796461613374451
suppe,17,12322,0.0013796461613374451
darüber,17,12322,0.0013796461613374451
verrührt,16,12322,0.0012984905047881837
kraut,16,12322,0.0012984905047881837
schaumig,16,12322,0.0012984905047881837
dick,16,12322,0.0012984905047881837
gefüllt,16,12322,0.0012984905047881837
backpulver,16,12322,0.0012984905047881837
gesalzen,16,12322,0.0012984905047881837
was,16,12322,0.0012984905047881837
sind,16,12322,0.0012984905047881837
anrichten,15,12322,0.0012173348482389223
backt,15,12322,0.0012173348482389223
geben,15,12322,0.0012173348482389223
legt,15,12322,0.0012173348482389223
soße,15,12322,0.0012173348482389223
heiß,15,12322,0.0012173348482389223
gemüse,15,12322,0.0012173348482389223
sieb,15,12322,0.0012173348482389223
rüben,15,12322,0.0012173348482389223
heißem,15,12322,0.0012173348482389223
eiweiß,15,12322,0.0012173348482389223
etwa,15,12322,0.0012173348482389223
maisgries,15,12322,0.0012173348482389223
an,14,12322,0.0011361791916896609
darin,14,12322,0.0011361791916896609
kaltem,14,12322,0.0011361791916896609
wer,14,12322,0.0011361791916896609
10,14,12322,0.0011361791916896609
saft,14,12322,0.0011361791916896609
vor,14,12322,0.0011361791916896609
gewiegte,14,12322,0.0011361791916896609
vanille,13,12322,0.0010550235351403992
löscht,13,12322,0.0010550235351403992
wein,13,12322,0.0010550235351403992
30,13,12322,0.0010550235351403992
aus,13,12322,0.0010550235351403992
art,13,12322,0.0010550235351403992
gelb,13,12322,0.0010550235351403992
erbsen,13,12322,0.0010550235351403992
schale,13,12322,0.0010550235351403992
topf,13,12322,0.0010550235351403992
käse,13,12322,0.0010550235351403992
geschält,12,12322,0.0009738678785911378
würfel,12,12322,0.0009738678785911378
pfanne,12,12322,0.0009738678785911378
gemischt,12,12322,0.0009738678785911378
fische,12,12322,0.0009738678785911378
hinein,12,12322,0.0009738678785911378
schön,12,12322,0.0009738678785911378
petersilie,12,12322,0.0009738678785911378
geschnittene,12,12322,0.0009738678785911378
tassen,11,12322,0.0008927122220418764
gewiegt,11,12322,0.0008927122220418764
erkalten,11,12322,0.0008927122220418764
stücke,11,12322,0.0008927122220418764
ungefähr,11,12322,0.0008927122220418764
gedämpft,11,12322,0.0008927122220418764
sauren,11,12322,0.0008927122220418764
bohnen,11,12322,0.0008927122220418764
vom,11,12322,0.0008927122220418764
bestrichene,10,12322,0.0008115565654926148
wie,10,12322,0.0008115565654926148
8,10,12322,0.0008115565654926148
12,10,12322,0.0008115565654926148
über,10,12322,0.0008115565654926148
stehen,10,12322,0.0008115565654926148
für,10,12322,0.0008115565654926148
nimmt,10,12322,0.0008115565654926148
sehr,10,12322,0.0008115565654926148
nicht,10,12322,0.0008115565654926148
zitronensaft,10,12322,0.0008115565654926148
rote,10,12322,0.0008115565654926148
geröstet,10,12322,0.0008115565654926148
gelegt,10,12322,0.0008115565654926148
hat,10,12322,0.0008115565654926148
kochkiste,10,12322,0.0008115565654926148
kirschen,10,12322,0.0008115565654926148
glatt,10,12322,0.0008115565654926148
rohe,9,12322,0.0007304009089433534
vermengt,9,12322,0.0007304009089433534
oel,9,12322,0.0007304009089433534
gießt,9,12322,0.0007304009089433534
zitrone,9,12322,0.0007304009089433534
kalter,9,12322,0.0007304009089433534
13,9,12322,0.0007304009089433534
blatt,9,12322,0.0007304009089433534
helle,9,12322,0.0007304009089433534
schneidet,9,12322,0.0007304009089433534
k,9,12322,0.0007304009089433534
et,9,12322,0.0007304009089433534
speise,9,12322,0.0007304009089433534
schweinefleisch,9,12322,0.0007304009089433534
belieben,9,12322,0.0007304009089433534
scheiben,9,12322,0.0007304009089433534
kuchen,9,12322,0.0007304009089433534
gelbe,9,12322,0.0007304009089433534
„,9,12322,0.0007304009089433534
20,9,12322,0.0007304009089433534
sago,9,12322,0.0007304009089433534
zugedeckt,9,12322,0.0007304009089433534
50,9,12322,0.0007304009089433534
muß,9,12322,0.0007304009089433534
seite,9,12322,0.0007304009089433534
backen,8,12322,0.0006492452523940919
speck,8,12322,0.0006492452523940919
40,8,12322,0.0006492452523940919
bei,8,12322,0.0006492452523940919
daß,8,12322,0.0006492452523940919
gelatine,8,12322,0.0006492452523940919
aufgekocht,8,12322,0.0006492452523940919
zimmt,8,12322,0.0006492452523940919
52,8,12322,0.0006492452523940919
haferflocken,8,12322,0.0006492452523940919
weckmehl,8,12322,0.0006492452523940919
dämpft,8,12322,0.0006492452523940919
küchlein,8,12322,0.0006492452523940919
einbrenne,8,12322,0.0006492452523940919
gemengt,8,12322,0.0006492452523940919
mischt,8,12322,0.0006492452523940919
feine,8,12322,0.0006492452523940919
stellt,8,12322,0.0006492452523940919
nur,8,12322,0.0006492452523940919
vorher,7,12322,0.0005680895958448304
diese,7,12322,0.0005680895958448304
knödel,7,12322,0.0005680895958448304
rindfleisch,7,12322,0.0005680895958448304
wirsing,7,12322,0.0005680895958448304
51,7,12322,0.0005680895958448304
7,7,12322,0.0005680895958448304
25,7,12322,0.0005680895958448304
23,7,12322,0.0005680895958448304
kalbfleisch,7,12322,0.0005680895958448304
füllt,7,12322,0.0005680895958448304
kohlraben,7,12322,0.0005680895958448304
päckchen,7,12322,0.0005680895958448304
makkaroni,7,12322,0.0005680895958448304
100,7,12322,0.0005680895958448304
braun,7,12322,0.0005680895958448304
gestreut,7,12322,0.0005680895958448304
weiße,7,12322,0.0005680895958448304
angerührt,7,12322,0.0005680895958448304
hellgelb,7,12322,0.0005680895958448304
gurken,7,12322,0.0005680895958448304
salat,7,12322,0.0005680895958448304
gebraten,7,12322,0.0005680895958448304
gerieben,7,12322,0.0005680895958448304
brühe,7,12322,0.0005680895958448304
kranke,7,12322,0.0005680895958448304
w,7,12322,0.0005680895958448304
24,7,12322,0.0005680895958448304
53,7,12322,0.0005680895958448304
lage,7,12322,0.0005680895958448304
obst,7,12322,0.0005680895958448304
klein,7,12322,0.0005680895958448304
braune,7,12322,0.0005680895958448304
gegossen,7,12322,0.0005680895958448304
mandeln,7,12322,0.0005680895958448304
14,7,12322,0.0005680895958448304
ganz,7,12322,0.0005680895958448304
39,7,12322,0.0005680895958448304
geformt,7,12322,0.0005680895958448304
kochende,7,12322,0.0005680895958448304
vermischt,7,12322,0.0005680895958448304
spinat,7,12322,0.0005680895958448304
heraus,7,12322,0.0005680895958448304
sich,7,12322,0.0005680895958448304
15,7,12322,0.0005680895958448304
chen,7,12322,0.0005680895958448304
sauerkraut,7,12322,0.0005680895958448304
sonst,6,12322,0.0004869339392955689
statt,6,12322,0.0004869339392955689
eramm,6,12322,0.0004869339392955689
geriebener,6,12322,0.0004869339392955689
salzt,6,12322,0.0004869339392955689
zeit,6,12322,0.0004869339392955689
vanillezucker,6,12322,0.0004869339392955689
nun,6,12322,0.0004869339392955689
ten,6,12322,0.0004869339392955689
45,6,12322,0.0004869339392955689
gebracht,6,12322,0.0004869339392955689
brett,6,12322,0.0004869339392955689
geschüttet,6,12322,0.0004869339392955689
darauf,6,12322,0.0004869339392955689
27,6,12322,0.0004869339392955689
1w,6,12322,0.0004869339392955689
formt,6,12322,0.0004869339392955689
ganze,6,12322,0.0004869339392955689
33,6,12322,0.0004869339392955689
ter,6,12322,0.0004869339392955689
eingekocht,6,12322,0.0004869339392955689
angebraten,6,12322,0.0004869339392955689
mengt,6,12322,0.0004869339392955689
schwach,6,12322,0.0004869339392955689
schmalz,6,12322,0.0004869339392955689
aepfel,6,12322,0.0004869339392955689
rosinen,6,12322,0.0004869339392955689
glas,6,12322,0.0004869339392955689
geriebenen,6,12322,0.0004869339392955689
brot,6,12322,0.0004869339392955689
i,6,12322,0.0004869339392955689
kurz,6,12322,0.0004869339392955689
auflaufform,6,12322,0.0004869339392955689
kaltes,6,12322,0.0004869339392955689
zutaten,6,12322,0.0004869339392955689
untereinander,6,12322,0.0004869339392955689
43,6,12322,0.0004869339392955689
heiße,6,12322,0.0004869339392955689
22,6,12322,0.0004869339392955689
57,6,12322,0.0004869339392955689
54,6,12322,0.0004869339392955689
feuer,6,12322,0.0004869339392955689
rum,6,12322,0.0004869339392955689
linsen,6,12322,0.0004869339392955689
200,6,12322,0.0004869339392955689
scheibchen,5,12322,0.0004057782827463074
creme,5,12322,0.0004057782827463074
um,5,12322,0.0004057782827463074
lagenweise,5,12322,0.0004057782827463074
angemacht,5,12322,0.0004057782827463074
stärkemehl,5,12322,0.0004057782827463074
18,5,12322,0.0004057782827463074
ausgespülte,5,12322,0.0004057782827463074
dicken,5,12322,0.0004057782827463074
49,5,12322,0.0004057782827463074
alle,5,12322,0.0004057782827463074
sellerie,5,12322,0.0004057782827463074
dieselben,5,12322,0.0004057782827463074
heißen,5,12322,0.0004057782827463074
kriegswecken,5,12322,0.0004057782827463074
braten,5,12322,0.0004057782827463074
kohl,5,12322,0.0004057782827463074
kopf,5,12322,0.0004057782827463074
fülle,5,12322,0.0004057782827463074
lorbeerblatt,5,12322,0.0004057782827463074
zusammen,5,12322,0.0004057782827463074
44,5,12322,0.0004057782827463074
siedende,5,12322,0.0004057782827463074
gespülte,5,12322,0.0004057782827463074
37,5,12322,0.0004057782827463074
durchgekocht,5,12322,0.0004057782827463074
kv,5,12322,0.0004057782827463074
kochendes,5,12322,0.0004057782827463074
schüttet,5,12322,0.0004057782827463074
rhabarber,5,12322,0.0004057782827463074
gehacktes,5,12322,0.0004057782827463074
be,5,12322,0.0004057782827463074
geröstete,5,12322,0.0004057782827463074
mais,5,12322,0.0004057782827463074
peterling,5,12322,0.0004057782827463074
17,5,12322,0.0004057782827463074
viel,5,12322,0.0004057782827463074
sulz,5,12322,0.0004057782827463074
streicht,5,12322,0.0004057782827463074
aufkochen,5,12322,0.0004057782827463074
ausgedrückt,5,12322,0.0004057782827463074
34,5,12322,0.0004057782827463074
11,5,12322,0.0004057782827463074
36,5,12322,0.0004057782827463074
verwendet,5,12322,0.0004057782827463074
am,5,12322,0.0004057782827463074
16,5,12322,0.0004057782827463074
26,5,12322,0.0004057782827463074
41,5,12322,0.0004057782827463074
gedämpfte,5,12322,0.0004057782827463074
sticht,5,12322,0.0004057782827463074
mitgekocht,5,12322,0.0004057782827463074
ganzen,5,12322,0.0004057782827463074
kochender,5,12322,0.0004057782827463074
große,5,12322,0.0004057782827463074
35,5,12322,0.0004057782827463074
aber,5,12322,0.0004057782827463074
eidotter,5,12322,0.0004057782827463074
sein,5,12322,0.0004057782827463074
fügt,5,12322,0.0004057782827463074
9,5,12322,0.0004057782827463074
weichgekocht,4,12322,0.00032462262619704593
übergossen,4,12322,0.00032462262619704593
frisches,4,12322,0.00032462262619704593
knollenkäse,4,12322,0.00032462262619704593
mangold,4,12322,0.00032462262619704593
abgezogene,4,12322,0.00032462262619704593
kopfsalat,4,12322,0.00032462262619704593
hitze,4,12322,0.00032462262619704593
eingestreut,4,12322,0.00032462262619704593
immer,4,12322,0.00032462262619704593
150,4,12322,0.00032462262619704593
andrer,4,12322,0.00032462262619704593
rosenkohl,4,12322,0.00032462262619704593
sofort,4,12322,0.00032462262619704593
mitgedämpft,4,12322,0.00032462262619704593
lang,4,12322,0.00032462262619704593
beim,4,12322,0.00032462262619704593
schnitten,4,12322,0.00032462262619704593
damit,4,12322,0.00032462262619704593
5v,4,12322,0.00032462262619704593
seiten,4,12322,0.00032462262619704593
halb,4,12322,0.00032462262619704593
masser,4,12322,0.00032462262619704593
reismehl,4,12322,0.00032462262619704593
gekochtes,4,12322,0.00032462262619704593
eiern,4,12322,0.00032462262619704593
maisspeise,4,12322,0.00032462262619704593
zubereitet,4,12322,0.00032462262619704593
nochmals,4,12322,0.00032462262619704593
zur,4,12322,0.00032462262619704593
zugesetzt,4,12322,0.00032462262619704593
anderen,4,12322,0.00032462262619704593
kalten,4,12322,0.00032462262619704593
anderer,4,12322,0.00032462262619704593
frucht,4,12322,0.00032462262619704593
schnitze,4,12322,0.00032462262619704593
hellbraun,4,12322,0.00032462262619704593
48,4,12322,0.00032462262619704593
geislingen,4,12322,0.00032462262619704593
diesen,4,12322,0.00032462262619704593
nudeln,4,12322,0.00032462262619704593
pfannkuchen,4,12322,0.00032462262619704593
abgekocht,4,12322,0.00032462262619704593
eingemachtes,4,12322,0.00032462262619704593
ofen,4,12322,0.00032462262619704593
eingerieben,4,12322,0.00032462262619704593
getrieben,4,12322,0.00032462262619704593
hafergrütze,4,12322,0.00032462262619704593
gewaschene,4,12322,0.00032462262619704593
suppen,4,12322,0.00032462262619704593
dünne,4,12322,0.00032462262619704593
3v,4,12322,0.00032462262619704593
einmal,4,12322,0.00032462262619704593
sowie,4,12322,0.00032462262619704593
8v,4,12322,0.00032462262619704593
29,4,12322,0.00032462262619704593
polenta,4,12322,0.00032462262619704593
hierauf,4,12322,0.00032462262619704593
chokolade,4,12322,0.00032462262619704593
hering,4,12322,0.00032462262619704593
zuerst,4,12322,0.00032462262619704593
schüssel,4,12322,0.00032462262619704593
speisen,4,12322,0.00032462262619704593
soviel,4,12322,0.00032462262619704593
klöße,4,12322,0.00032462262619704593
42,4,12322,0.00032462262619704593
>,4,12322,0.00032462262619704593
gewiegter,4,12322,0.00032462262619704593
zuk,4,12322,0.00032462262619704593
gestoßenen,4,12322,0.00032462262619704593
kommt,4,12322,0.00032462262619704593
ker,4,12322,0.00032462262619704593
kochendem,4,12322,0.00032462262619704593
31,4,12322,0.00032462262619704593
herausgenommen,4,12322,0.00032462262619704593
übergössen,4,12322,0.00032462262619704593
kartoffel,4,12322,0.00032462262619704593
gleich,4,12322,0.00032462262619704593
da,4,12322,0.00032462262619704593
auskochen,4,12322,0.00032462262619704593
59,4,12322,0.00032462262619704593
zerlassene,4,12322,0.00032462262619704593
blumenkohl,4,12322,0.00032462262619704593
meerrettich,4,12322,0.00032462262619704593
mitte,4,12322,0.00032462262619704593
voll,4,12322,0.00032462262619704593
dicker,4,12322,0.00032462262619704593
zwetschgen,4,12322,0.00032462262619704593
gebrannte,4,12322,0.00032462262619704593
kalte,4,12322,0.00032462262619704593
durchkochen,4,12322,0.00032462262619704593
19,4,12322,0.00032462262619704593
streut,4,12322,0.00032462262619704593
ablöschen,4,12322,0.00032462262619704593
21,4,12322,0.00032462262619704593
einigen,4,12322,0.00032462262619704593
beize,3,12322,0.00024346696964778445
schwarzbrotschnittchen,3,12322,0.00024346696964778445
des,3,12322,0.00024346696964778445
röstet,3,12322,0.00024346696964778445
streuen,3,12322,0.00024346696964778445
vollends,3,12322,0.00024346696964778445
fleischküchlein,3,12322,0.00024346696964778445
auflage,3,12322,0.00024346696964778445
breite,3,12322,0.00024346696964778445
ziehen,3,12322,0.00024346696964778445
wir,3,12322,0.00024346696964778445
geschnittenen,3,12322,0.00024346696964778445
übrige,3,12322,0.00024346696964778445
46,3,12322,0.00024346696964778445
gekochten,3,12322,0.00024346696964778445
56,3,12322,0.00024346696964778445
linsensuppe,3,12322,0.00024346696964778445
wohl,3,12322,0.00024346696964778445
eingerührt,3,12322,0.00024346696964778445
120,3,12322,0.00024346696964778445
eingesät,3,12322,0.00024346696964778445
bestreut,3,12322,0.00024346696964778445
kartoffelsuppe,3,12322,0.00024346696964778445
gewaschenen,3,12322,0.00024346696964778445
salzen,3,12322,0.00024346696964778445
daruntergemengt,3,12322,0.00024346696964778445
125,3,12322,0.00024346696964778445
fleischreste,3,12322,0.00024346696964778445
un,3,12322,0.00024346696964778445
fruchtsoße,3,12322,0.00024346696964778445
tut,3,12322,0.00024346696964778445
machen,3,12322,0.00024346696964778445
z,3,12322,0.00024346696964778445
lauch,3,12322,0.00024346696964778445
bayrisch,3,12322,0.00024346696964778445
einlaufen,3,12322,0.00024346696964778445
47,3,12322,0.00024346696964778445
röschen,3,12322,0.00024346696964778445
messingpfanne,3,12322,0.00024346696964778445
maisschnitten,3,12322,0.00024346696964778445
1x>,3,12322,0.00024346696964778445
mondamin,3,12322,0.00024346696964778445
mäßiger,3,12322,0.00024346696964778445
we,3,12322,0.00024346696964778445
wascht,3,12322,0.00024346696964778445
dürfen,3,12322,0.00024346696964778445
nig,3,12322,0.00024346696964778445
mal,3,12322,0.00024346696964778445
salate,3,12322,0.00024346696964778445
lange,3,12322,0.00024346696964778445
verkocht,3,12322,0.00024346696964778445
salzkartoffeln,3,12322,0.00024346696964778445
nötige,3,12322,0.00024346696964778445
kirschenkuchen,3,12322,0.00024346696964778445
senf,3,12322,0.00024346696964778445
tage,3,12322,0.00024346696964778445
setzt,3,12322,0.00024346696964778445
dämpfen,3,12322,0.00024346696964778445
kaffeelöffel,3,12322,0.00024346696964778445
indem,3,12322,0.00024346696964778445
gesotten,3,12322,0.00024346696964778445
halben,3,12322,0.00024346696964778445
reisbrei,3,12322,0.00024346696964778445
eß,3,12322,0.00024346696964778445
apfelkuchen,3,12322,0.00024346696964778445
stürzt,3,12322,0.00024346696964778445
verarbeitet,3,12322,0.00024346696964778445
ange,3,12322,0.00024346696964778445
arak,3,12322,0.00024346696964778445
lägt,3,12322,0.00024346696964778445
gesottene,3,12322,0.00024346696964778445
süße,3,12322,0.00024346696964778445
pudding,3,12322,0.00024346696964778445
nehmen,3,12322,0.00024346696964778445
tüchtig,3,12322,0.00024346696964778445
1l,3,12322,0.00024346696964778445
st,3,12322,0.00024346696964778445
heißer,3,12322,0.00024346696964778445
angekocht,3,12322,0.00024346696964778445
jedes,3,12322,0.00024346696964778445
erbsensuppe,3,12322,0.00024346696964778445
kaninchen,3,12322,0.00024346696964778445
zi,3,12322,0.00024346696964778445
fischsud,3,12322,0.00024346696964778445
recht,3,12322,0.00024346696964778445
schlegel,3,12322,0.00024346696964778445
birnen,3,12322,0.00024346696964778445
28,3,12322,0.00024346696964778445
ser,3,12322,0.00024346696964778445
zitronen,3,12322,0.00024346696964778445
fleißigem,3,12322,0.00024346696964778445
backofen,3,12322,0.00024346696964778445
zugegeben,3,12322,0.00024346696964778445
dazugegeben,3,12322,0.00024346696964778445
kleines,3,12322,0.00024346696964778445
brenne,3,12322,0.00024346696964778445
2w,3,12322,0.00024346696964778445
uebriges,3,12322,0.00024346696964778445
schält,3,12322,0.00024346696964778445
starke,3,12322,0.00024346696964778445
nötigen,3,12322,0.00024346696964778445
uns,3,12322,0.00024346696964778445
grütze,3,12322,0.00024346696964778445
weizenmehl,3,12322,0.00024346696964778445
beiden,3,12322,0.00024346696964778445
pfd,3,12322,0.00024346696964778445
beständigem,3,12322,0.00024346696964778445
griessuppe,3,12322,0.00024346696964778445
geputzt,3,12322,0.00024346696964778445
wurst,3,12322,0.00024346696964778445
kartoffelsalat,3,12322,0.00024346696964778445
kar,3,12322,0.00024346696964778445
ohne,3,12322,0.00024346696964778445
58,3,12322,0.00024346696964778445
ver,3,12322,0.00024346696964778445
jeder,3,12322,0.00024346696964778445
löst,3,12322,0.00024346696964778445
ebenso,3,12322,0.00024346696964778445
zwie,3,12322,0.00024346696964778445
kleinen,3,12322,0.00024346696964778445
gebräunt,3,12322,0.00024346696964778445
note,3,12322,0.00024346696964778445
stun,3,12322,0.00024346696964778445
geschnit,3,12322,0.00024346696964778445
dies,3,12322,0.00024346696964778445
x,3,12322,0.00024346696964778445
schoppen,3,12322,0.00024346696964778445
dieses,3,12322,0.00024346696964778445
haben,3,12322,0.00024346696964778445
mitkochen,3,12322,0.00024346696964778445
durcheinander,3,12322,0.00024346696964778445
schweinebraten,3,12322,0.00024346696964778445
1^,3,12322,0.00024346696964778445
muh,3,12322,0.00024346696964778445
aufgestellt,3,12322,0.00024346696964778445
umgedreht,3,12322,0.00024346696964778445
brauner,3,12322,0.00024346696964778445
heidelbeeren,3,12322,0.00024346696964778445
entfernt,3,12322,0.00024346696964778445
32,3,12322,0.00024346696964778445
kleinere,2,12322,0.00016231131309852296
griesspeisen,2,12322,0.00016231131309852296
rädchen,2,12322,0.00016231131309852296
schupfnudeln,2,12322,0.00016231131309852296
backwerk,2,12322,0.00016231131309852296
pfef,2,12322,0.00016231131309852296
kuchenboden,2,12322,0.00016231131309852296
treiben,2,12322,0.00016231131309852296
chokoladegries,2,12322,0.00016231131309852296
streifen,2,12322,0.00016231131309852296
keine,2,12322,0.00016231131309852296
bitte,2,12322,0.00016231131309852296
darun,2,12322,0.00016231131309852296
eingesalzen,2,12322,0.00016231131309852296
vermischen,2,12322,0.00016231131309852296
hackbraten,2,12322,0.00016231131309852296
weißwein,2,12322,0.00016231131309852296
davon,2,12322,0.00016231131309852296
kriegsbrot,2,12322,0.00016231131309852296
speckstreifen,2,12322,0.00016231131309852296
chokoladesulz,2,12322,0.00016231131309852296
genau,2,12322,0.00016231131309852296
längliche,2,12322,0.00016231131309852296
siedend,2,12322,0.00016231131309852296
früchten,2,12322,0.00016231131309852296
sv,2,12322,0.00016231131309852296
einigemal,2,12322,0.00016231131309852296
kalbsbraten,2,12322,0.00016231131309852296
ans,2,12322,0.00016231131309852296
saurem,2,12322,0.00016231131309852296
halbweich,2,12322,0.00016231131309852296
schnell,2,12322,0.00016231131309852296
kartoffelküchlein,2,12322,0.00016231131309852296
kuchenform,2,12322,0.00016231131309852296
griesschnitten,2,12322,0.00016231131309852296
lattich,2,12322,0.00016231131309852296
geputzten,2,12322,0.00016231131309852296
frischen,2,12322,0.00016231131309852296
eingeweicht,2,12322,0.00016231131309852296
eingeweichten,2,12322,0.00016231131309852296
geteilt,2,12322,0.00016231131309852296
80,2,12322,0.00016231131309852296
kunsthonig,2,12322,0.00016231131309852296
bohnensalat,2,12322,0.00016231131309852296
rübe,2,12322,0.00016231131309852296
zubereiten,2,12322,0.00016231131309852296
ne,2,12322,0.00016231131309852296
fleischspeisen,2,12322,0.00016231131309852296
einge,2,12322,0.00016231131309852296
steifen,2,12322,0.00016231131309852296
seefische,2,12322,0.00016231131309852296
55,2,12322,0.00016231131309852296
gewiegten,2,12322,0.00016231131309852296
maggi,2,12322,0.00016231131309852296
gew,2,12322,0.00016231131309852296
vaterland,2,12322,0.00016231131309852296
blätter,2,12322,0.00016231131309852296
bohnenkerne,2,12322,0.00016231131309852296
wieder,2,12322,0.00016231131309852296
selleriesalat,2,12322,0.00016231131309852296
kartoffelanflauf,2,12322,0.00016231131309852296
weckkuchen,2,12322,0.00016231131309852296
derselbe,2,12322,0.00016231131309852296
nasses,2,12322,0.00016231131309852296
saurer,2,12322,0.00016231131309852296
omelette,2,12322,0.00016231131309852296
übrig,2,12322,0.00016231131309852296
sagosulz,2,12322,0.00016231131309852296
geschälte,2,12322,0.00016231131309852296
zeiten,2,12322,0.00016231131309852296
würfeln,2,12322,0.00016231131309852296
magermilch,2,12322,0.00016231131309852296
welcher,2,12322,0.00016231131309852296
reissturz,2,12322,0.00016231131309852296
gestürzter,2,12322,0.00016231131309852296
kommen,2,12322,0.00016231131309852296
gelassen,2,12322,0.00016231131309852296
laubfrösche,2,12322,0.00016231131309852296
bestrichen,2,12322,0.00016231131309852296
festen,2,12322,0.00016231131309852296
durchgetrieben,2,12322,0.00016231131309852296
milchreis,2,12322,0.00016231131309852296
pfefferkörner,2,12322,0.00016231131309852296
bratensauce,2,12322,0.00016231131309852296
können,2,12322,0.00016231131309852296
reisschnitten,2,12322,0.00016231131309852296
blättern,2,12322,0.00016231131309852296
erics,2,12322,0.00016231131309852296
soll,2,12322,0.00016231131309852296
zitronensulz,2,12322,0.00016231131309852296
eingelegten,2,12322,0.00016231131309852296
men,2,12322,0.00016231131309852296
buttersoße,2,12322,0.00016231131309852296
1v,2,12322,0.00016231131309852296
maisgriesflammeri,2,12322,0.00016231131309852296
knollen,2,12322,0.00016231131309852296
entweder,2,12322,0.00016231131309852296
überschmälzt,2,12322,0.00016231131309852296
stollen,2,12322,0.00016231131309852296
worauf,2,12322,0.00016231131309852296
zweite,2,12322,0.00016231131309852296
tomatensoße,2,12322,0.00016231131309852296
saure,2,12322,0.00016231131309852296
stark,2,12322,0.00016231131309852296
eugelhopf,2,12322,0.00016231131309852296
stielen,2,12322,0.00016231131309852296
fleischresten,2,12322,0.00016231131309852296
niit,2,12322,0.00016231131309852296
salatöl,2,12322,0.00016231131309852296
eiergerstensuppe,2,12322,0.00016231131309852296
3l,2,12322,0.00016231131309852296
gerie,2,12322,0.00016231131309852296
teil,2,12322,0.00016231131309852296
großer,2,12322,0.00016231131309852296
bel,2,12322,0.00016231131309852296
gela,2,12322,0.00016231131309852296
wahrer,2,12322,0.00016231131309852296
messerspitze,2,12322,0.00016231131309852296
flockensuppe,2,12322,0.00016231131309852296
kartoffclauflauf,2,12322,0.00016231131309852296
gestrichene,2,12322,0.00016231131309852296
abgeschüttet,2,12322,0.00016231131309852296
gedünstet,2,12322,0.00016231131309852296
fleischsalat,2,12322,0.00016231131309852296
dreht,2,12322,0.00016231131309852296
kartoffelrädchen,2,12322,0.00016231131309852296
schau,2,12322,0.00016231131309852296
haut,2,12322,0.00016231131309852296
erkalteten,2,12322,0.00016231131309852296
überstreut,2,12322,0.00016231131309852296
unser,2,12322,0.00016231131309852296
schaum,2,12322,0.00016231131309852296
zh,2,12322,0.00016231131309852296
kartoffelauflanf,2,12322,0.00016231131309852296
wickelt,2,12322,0.00016231131309852296
reissuppe,2,12322,0.00016231131309852296
bedeckt,2,12322,0.00016231131309852296
benes,2,12322,0.00016231131309852296
kartoffelbrei,2,12322,0.00016231131309852296
außen,2,12322,0.00016231131309852296
tig,2,12322,0.00016231131309852296
zitro,2,12322,0.00016231131309852296
gestürzt,2,12322,0.00016231131309852296
sagosuppe,2,12322,0.00016231131309852296
begossen,2,12322,0.00016231131309852296
dazwischen,2,12322,0.00016231131309852296
lv,2,12322,0.00016231131309852296
luise,2,12322,0.00016231131309852296
anfängt,2,12322,0.00016231131309852296
oben,2,12322,0.00016231131309852296
hasenbraten,2,12322,0.00016231131309852296
bug,2,12322,0.00016231131309852296
gestoßener,2,12322,0.00016231131309852296
wiener,2,12322,0.00016231131309852296
niehl,2,12322,0.00016231131309852296
hammelfleisch,2,12322,0.00016231131309852296
puddingform,2,12322,0.00016231131309852296
gemüseresten,2,12322,0.00016231131309852296
apfelbrei,2,12322,0.00016231131309852296
übriges,2,12322,0.00016231131309852296
hell,2,12322,0.00016231131309852296
gebackene,2,12322,0.00016231131309852296
li,2,12322,0.00016231131309852296
müsewasser,2,12322,0.00016231131309852296
beifügen,2,12322,0.00016231131309852296
weckenmehl,2,12322,0.00016231131309852296
marmelade,2,12322,0.00016231131309852296
a,2,12322,0.00016231131309852296
verwenden,2,12322,0.00016231131309852296
ziemlich,2,12322,0.00016231131309852296
wiegte,2,12322,0.00016231131309852296
geschlagene,2,12322,0.00016231131309852296
aufge,2,12322,0.00016231131309852296
plätzchen,2,12322,0.00016231131309852296
gehackte,2,12322,0.00016231131309852296
öfterem,2,12322,0.00016231131309852296
sagokuchen,2,12322,0.00016231131309852296
innen,2,12322,0.00016231131309852296
schneebesen,2,12322,0.00016231131309852296
folgende,2,12322,0.00016231131309852296
rohen,2,12322,0.00016231131309852296
zergehen,2,12322,0.00016231131309852296
gesetzt,2,12322,0.00016231131309852296
tronensaft,2,12322,0.00016231131309852296
fertig,2,12322,0.00016231131309852296
johannisbeer,2,12322,0.00016231131309852296
schluß,2,12322,0.00016231131309852296
waffer,2,12322,0.00016231131309852296
gedünsteter,2,12322,0.00016231131309852296
gemüsesuppe,2,12322,0.00016231131309852296
kohlsuppe,2,12322,0.00016231131309852296
eemüsereste,2,12322,0.00016231131309852296
abends,2,12322,0.00016231131309852296
schmorkartoffeln,2,12322,0.00016231131309852296
hainlen,2,12322,0.00016231131309852296
2^,2,12322,0.00016231131309852296
länger,2,12322,0.00016231131309852296
nettig,2,12322,0.00016231131309852296
knochen,2,12322,0.00016231131309852296
frische,2,12322,0.00016231131309852296
eingemachte,2,12322,0.00016231131309852296
anis,2,12322,0.00016231131309852296
zwiebelsoße,2,12322,0.00016231131309852296
ganzes,2,12322,0.00016231131309852296
2v,2,12322,0.00016231131309852296
mark,2,12322,0.00016231131309852296
schwer,2,12322,0.00016231131309852296
kümmel,2,12322,0.00016231131309852296
kochend,2,12322,0.00016231131309852296
koche,2,12322,0.00016231131309852296
nahrungsmittel,2,12322,0.00016231131309852296
38,2,12322,0.00016231131309852296
is,2,12322,0.00016231131309852296
geschnittener,2,12322,0.00016231131309852296
sauermilchsulz,2,12322,0.00016231131309852296
siedender,2,12322,0.00016231131309852296
300,2,12322,0.00016231131309852296
geriebenes,2,12322,0.00016231131309852296
sollen,2,12322,0.00016231131309852296
apfel,2,12322,0.00016231131309852296
aufgefüllt,2,12322,0.00016231131309852296
müssen,2,12322,0.00016231131309852296
andern,2,12322,0.00016231131309852296
mandel,2,12322,0.00016231131309852296
nnd,2,12322,0.00016231131309852296
nudelpudding,2,12322,0.00016231131309852296
goldschnitten,2,12322,0.00016231131309852296
teekuchen,2,12322,0.00016231131309852296
hineinrühren,2,12322,0.00016231131309852296
geeignet,2,12322,0.00016231131309852296
schweine,2,12322,0.00016231131309852296
besten,2,12322,0.00016231131309852296
fingerdick,2,12322,0.00016231131309852296
soge,2,12322,0.00016231131309852296
hirse,2,12322,0.00016231131309852296
ausgestrichene,2,12322,0.00016231131309852296
nelken,2,12322,0.00016231131309852296
eemüsewasser,2,12322,0.00016231131309852296
?,2,12322,0.00016231131309852296
2g,2,12322,0.00016231131309852296
starkes,2,12322,0.00016231131309852296
haus,2,12322,0.00016231131309852296
zerschnitten,2,12322,0.00016231131309852296
heißes,2,12322,0.00016231131309852296
viereckige,2,12322,0.00016231131309852296
allen,2,12322,0.00016231131309852296
abgezogen,2,12322,0.00016231131309852296
schwarzbrot,2,12322,0.00016231131309852296
lw,2,12322,0.00016231131309852296
eingemischt,2,12322,0.00016231131309852296
krautwickel,2,12322,0.00016231131309852296
herstellen,2,12322,0.00016231131309852296
durchgedrückt,2,12322,0.00016231131309852296
sam,2,12322,0.00016231131309852296
liebe,2,12322,0.00016231131309852296
geläutert,2,12322,0.00016231131309852296
gelatinespeisen,2,12322,0.00016231131309852296
wert,2,12322,0.00016231131309852296
legen,2,12322,0.00016231131309852296
ivo,2,12322,0.00016231131309852296
tomaten,2,12322,0.00016231131309852296
2l,2,12322,0.00016231131309852296
diesem,2,12322,0.00016231131309852296
geriebenem,2,12322,0.00016231131309852296
zuckeranisbrot,2,12322,0.00016231131309852296
wackelpeter,2,12322,0.00016231131309852296
3?,2,12322,0.00016231131309852296
spinatblätter,2,12322,0.00016231131309852296
herd,2,12322,0.00016231131309852296
gelben,2,12322,0.00016231131309852296
rauf,2,12322,0.00016231131309852296
schmälzt,2,12322,0.00016231131309852296
gemüsewasser,2,12322,0.00016231131309852296
würstchen,2,12322,0.00016231131309852296
nachdem,2,12322,0.00016231131309852296
vermischten,2,12322,0.00016231131309852296
nacht,2,12322,0.00016231131309852296
rasch,2,12322,0.00016231131309852296
geschmack,2,12322,0.00016231131309852296
verschiedenes,2,12322,0.00016231131309852296
zuvor,2,12322,0.00016231131309852296
vergehen,2,12322,0.00016231131309852296
himbeer,2,12322,0.00016231131309852296
60,2,12322,0.00016231131309852296
käsekuchen,2,12322,0.00016231131309852296
thüringer,2,12322,0.00016231131309852296
erst,2,12322,0.00016231131309852296
ausgestochen,2,12322,0.00016231131309852296
zerteilt,2,12322,0.00016231131309852296
fer,2,12322,0.00016231131309852296
6,2,12322,0.00016231131309852296
bisquits,2,12322,0.00016231131309852296
schaumbrei,2,12322,0.00016231131309852296
teller,2,12322,0.00016231131309852296
bratenpfanne,2,12322,0.00016231131309852296
ausgeschwenkte,2,12322,0.00016231131309852296
tine,2,12322,0.00016231131309852296
arac,2,12322,0.00016231131309852296
muskat,2,12322,0.00016231131309852296
blaukraut,2,12322,0.00016231131309852296
eintopfgerichte,2,12322,0.00016231131309852296
falscher,2,12322,0.00016231131309852296
solange,2,12322,0.00016231131309852296
als,2,12322,0.00016231131309852296
lauem,2,12322,0.00016231131309852296
bleiben,2,12322,0.00016231131309852296
weichkochen,2,12322,0.00016231131309852296
dieser,2,12322,0.00016231131309852296
fettes,2,12322,0.00016231131309852296
geschabt,2,12322,0.00016231131309852296
brotsuppe,2,12322,0.00016231131309852296
stiele,2,12322,0.00016231131309852296
tag,2,12322,0.00016231131309852296
früchte,2,12322,0.00016231131309852296
180,2,12322,0.00016231131309852296
toffeln,2,12322,0.00016231131309852296
buch,2,12322,0.00016231131309852296
begießt,2,12322,0.00016231131309852296
4?,2,12322,0.00016231131309852296
füllen,2,12322,0.00016231131309852296
ix,2,12322,0.00016231131309852296
krautsalat,2,12322,0.00016231131309852296
besser,1,12322,8.115565654926148e-05
kunst,1,12322,8.115565654926148e-05
ericsküchlein,1,12322,8.115565654926148e-05
spickt,1,12322,8.115565654926148e-05
rübengemüse,1,12322,8.115565654926148e-05
geblie,1,12322,8.115565654926148e-05
darein,1,12322,8.115565654926148e-05
kirschcnkuchcninichel,1,12322,8.115565654926148e-05
8l,1,12322,8.115565654926148e-05
auszukommen,1,12322,8.115565654926148e-05
süßen,1,12322,8.115565654926148e-05
gedrückt,1,12322,8.115565654926148e-05
soßen,1,12322,8.115565654926148e-05
schneiden,1,12322,8.115565654926148e-05
verbesserte,1,12322,8.115565654926148e-05
kirschensaft,1,12322,8.115565654926148e-05
griesmehl,1,12322,8.115565654926148e-05
dan,1,12322,8.115565654926148e-05
ernst,1,12322,8.115565654926148e-05
kartoffelspätzle,1,12322,8.115565654926148e-05
orangenspcise,1,12322,8.115565654926148e-05
obstsastsulz,1,12322,8.115565654926148e-05
semmelwürfel,1,12322,8.115565654926148e-05
spinatartiges,1,12322,8.115565654926148e-05
kochenden,1,12322,8.115565654926148e-05
porzellanschüssel,1,12322,8.115565654926148e-05
sammengeschafft,1,12322,8.115565654926148e-05
niederuauerkartosfeln,1,12322,8.115565654926148e-05
mürben,1,12322,8.115565654926148e-05
reispudding,1,12322,8.115565654926148e-05
dana,1,12322,8.115565654926148e-05
nebeneinander,1,12322,8.115565654926148e-05
paar,1,12322,8.115565654926148e-05
staubzucker,1,12322,8.115565654926148e-05
reichlich,1,12322,8.115565654926148e-05
rettich,1,12322,8.115565654926148e-05
kohlblätter,1,12322,8.115565654926148e-05
vrei,1,12322,8.115565654926148e-05
quer,1,12322,8.115565654926148e-05
eriinkcrnküchlcin,1,12322,8.115565654926148e-05
böses,1,12322,8.115565654926148e-05
griesknopfleinsnppe,1,12322,8.115565654926148e-05
gericht,1,12322,8.115565654926148e-05
bindet,1,12322,8.115565654926148e-05
meeirettichsalat,1,12322,8.115565654926148e-05
honig,1,12322,8.115565654926148e-05
laib,1,12322,8.115565654926148e-05
rührte,1,12322,8.115565654926148e-05
kartoffelslädlein,1,12322,8.115565654926148e-05
buttersofte,1,12322,8.115565654926148e-05
bene,1,12322,8.115565654926148e-05
kartoffelschmarren,1,12322,8.115565654926148e-05
kartoffclfülle,1,12322,8.115565654926148e-05
beigefügt,1,12322,8.115565654926148e-05
herdplatte,1,12322,8.115565654926148e-05
mengen,1,12322,8.115565654926148e-05
jahr,1,12322,8.115565654926148e-05
petersiliensoße,1,12322,8.115565654926148e-05
schwarze,1,12322,8.115565654926148e-05
geölte,1,12322,8.115565654926148e-05
heringsalat,1,12322,8.115565654926148e-05
aufgelöste,1,12322,8.115565654926148e-05
torte,1,12322,8.115565654926148e-05
z4,1,12322,8.115565654926148e-05
usw,1,12322,8.115565654926148e-05
mehlsnpps,1,12322,8.115565654926148e-05
><>,1,12322,8.115565654926148e-05
maismchlschmarren,1,12322,8.115565654926148e-05
geräuchertes,1,12322,8.115565654926148e-05
dampf,1,12322,8.115565654926148e-05
altgebackenes,1,12322,8.115565654926148e-05
verkühlen,1,12322,8.115565654926148e-05
musiuehlbrei,1,12322,8.115565654926148e-05
geschossener,1,12322,8.115565654926148e-05
nelke,1,12322,8.115565654926148e-05
maismehlauslans,1,12322,8.115565654926148e-05
15^21,1,12322,8.115565654926148e-05
zerlassenes,1,12322,8.115565654926148e-05
umrühren,1,12322,8.115565654926148e-05
gerade,1,12322,8.115565654926148e-05
tortenreste,1,12322,8.115565654926148e-05
gewöhnlichem,1,12322,8.115565654926148e-05
aufstreicht,1,12322,8.115565654926148e-05
gründlich,1,12322,8.115565654926148e-05
eitrone,1,12322,8.115565654926148e-05
päck,1,12322,8.115565654926148e-05
kap,1,12322,8.115565654926148e-05
heringkartoffeln,1,12322,8.115565654926148e-05
kartosselkuchen,1,12322,8.115565654926148e-05
weichge,1,12322,8.115565654926148e-05
mitgedümpft,1,12322,8.115565654926148e-05
eignen,1,12322,8.115565654926148e-05
twas,1,12322,8.115565654926148e-05
porzellan,1,12322,8.115565654926148e-05
gewiegtem,1,12322,8.115565654926148e-05
t,1,12322,8.115565654926148e-05
ausgestellt,1,12322,8.115565654926148e-05
k5,1,12322,8.115565654926148e-05
tem,1,12322,8.115565654926148e-05
ziudelkuchen,1,12322,8.115565654926148e-05
abschmälzen,1,12322,8.115565654926148e-05
rvord,1,12322,8.115565654926148e-05
gemahlen,1,12322,8.115565654926148e-05
grüne,1,12322,8.115565654926148e-05
sür,1,12322,8.115565654926148e-05
gefähr,1,12322,8.115565654926148e-05
hülsenfrüchte,1,12322,8.115565654926148e-05
glatten,1,12322,8.115565654926148e-05
dunstobst,1,12322,8.115565654926148e-05
fleischbrühwürfel,1,12322,8.115565654926148e-05
rar,1,12322,8.115565654926148e-05
dasbackpulver,1,12322,8.115565654926148e-05
kartossclsülle,1,12322,8.115565654926148e-05
röhre,1,12322,8.115565654926148e-05
«gebacken,1,12322,8.115565654926148e-05
geschabte,1,12322,8.115565654926148e-05
2l1,1,12322,8.115565654926148e-05
stiel,1,12322,8.115565654926148e-05
sodann,1,12322,8.115565654926148e-05
5>,1,12322,8.115565654926148e-05
hafcrslockenauflaiif,1,12322,8.115565654926148e-05
deutsche,1,12322,8.115565654926148e-05
gutschließende,1,12322,8.115565654926148e-05
gebratene,1,12322,8.115565654926148e-05
6v,1,12322,8.115565654926148e-05
zugeschüttet,1,12322,8.115565654926148e-05
einfache,1,12322,8.115565654926148e-05
topfenkäse,1,12322,8.115565654926148e-05
250,1,12322,8.115565654926148e-05
einweichen,1,12322,8.115565654926148e-05
kartosselnudeln,1,12322,8.115565654926148e-05
10v,1,12322,8.115565654926148e-05
c,1,12322,8.115565654926148e-05
nehbraten,1,12322,8.115565654926148e-05
milchkartoffeln,1,12322,8.115565654926148e-05
möglich,1,12322,8.115565654926148e-05
erieseicrhabcr,1,12322,8.115565654926148e-05
ebensoviel,1,12322,8.115565654926148e-05
brockelerbscn,1,12322,8.115565654926148e-05
feingeschnittenen,1,12322,8.115565654926148e-05
500,1,12322,8.115565654926148e-05
durchgemischt,1,12322,8.115565654926148e-05
abgestreift,1,12322,8.115565654926148e-05
steife,1,12322,8.115565654926148e-05
groß,1,12322,8.115565654926148e-05
öfters,1,12322,8.115565654926148e-05
unternimmt,1,12322,8.115565654926148e-05
zwei,1,12322,8.115565654926148e-05
bescheidene,1,12322,8.115565654926148e-05
zugesetzr,1,12322,8.115565654926148e-05
eiweih,1,12322,8.115565654926148e-05
maisspeisen,1,12322,8.115565654926148e-05
dauert,1,12322,8.115565654926148e-05
beträufelt,1,12322,8.115565654926148e-05
belie,1,12322,8.115565654926148e-05
geleite,1,12322,8.115565654926148e-05
letzt,1,12322,8.115565654926148e-05
pfuud,1,12322,8.115565654926148e-05
sauren?,1,12322,8.115565654926148e-05
schabt,1,12322,8.115565654926148e-05
tuch,1,12322,8.115565654926148e-05
angegossen,1,12322,8.115565654926148e-05
gesalzenes,1,12322,8.115565654926148e-05
70,1,12322,8.115565654926148e-05
mig,1,12322,8.115565654926148e-05
5s,1,12322,8.115565654926148e-05
gehäutet,1,12322,8.115565654926148e-05
hineingerieben,1,12322,8.115565654926148e-05
3z,1,12322,8.115565654926148e-05
schnitz,1,12322,8.115565654926148e-05
muskatnuß,1,12322,8.115565654926148e-05
acht,1,12322,8.115565654926148e-05
hausfrau,1,12322,8.115565654926148e-05
teelöffel,1,12322,8.115565654926148e-05
tersilie,1,12322,8.115565654926148e-05
reisauslaus,1,12322,8.115565654926148e-05
maismehlpfannkuchen,1,12322,8.115565654926148e-05
kochart,1,12322,8.115565654926148e-05
kartosfelrädchen,1,12322,8.115565654926148e-05
linsengemüse,1,12322,8.115565654926148e-05
compot,1,12322,8.115565654926148e-05
abgekochte,1,12322,8.115565654926148e-05
rechnet,1,12322,8.115565654926148e-05
hochwertiges,1,12322,8.115565654926148e-05
dünsten,1,12322,8.115565654926148e-05
gedörrte,1,12322,8.115565654926148e-05
maisklöne,1,12322,8.115565654926148e-05
3s,1,12322,8.115565654926148e-05
maismehltorten,1,12322,8.115565654926148e-05
4k,1,12322,8.115565654926148e-05
häufigem,1,12322,8.115565654926148e-05
schwäbisches,1,12322,8.115565654926148e-05
kriegstagen,1,12322,8.115565654926148e-05
seier,1,12322,8.115565654926148e-05
gezogen,1,12322,8.115565654926148e-05
halbfingerlange,1,12322,8.115565654926148e-05
abgeriebene,1,12322,8.115565654926148e-05
süß,1,12322,8.115565654926148e-05
untermischt,1,12322,8.115565654926148e-05
eerstensuppe,1,12322,8.115565654926148e-05
knorr,1,12322,8.115565654926148e-05
erkaltet,1,12322,8.115565654926148e-05
abgelagertes,1,12322,8.115565654926148e-05
durchgerührt,1,12322,8.115565654926148e-05
grünem,1,12322,8.115565654926148e-05
ö,1,12322,8.115565654926148e-05
maismehltorte,1,12322,8.115565654926148e-05
bohncngcmüsc,1,12322,8.115565654926148e-05
zeigt,1,12322,8.115565654926148e-05
bestrichenen,1,12322,8.115565654926148e-05
neisspeisen,1,12322,8.115565654926148e-05
kartosfelpfanncnkuchen,1,12322,8.115565654926148e-05
maisschnitren,1,12322,8.115565654926148e-05
frisch,1,12322,8.115565654926148e-05
stoßenen,1,12322,8.115565654926148e-05
zusammengeschlagene,1,12322,8.115565654926148e-05
johannisbeeren,1,12322,8.115565654926148e-05
beitragen,1,12322,8.115565654926148e-05
maisschnittcn,1,12322,8.115565654926148e-05
rotkohl,1,12322,8.115565654926148e-05
kartosselfülle,1,12322,8.115565654926148e-05
bohncnkerne,1,12322,8.115565654926148e-05
uno,1,12322,8.115565654926148e-05
abwärts,1,12322,8.115565654926148e-05
welches,1,12322,8.115565654926148e-05
salatgcmüse,1,12322,8.115565654926148e-05
gelingt,1,12322,8.115565654926148e-05
doch,1,12322,8.115565654926148e-05
leberwurst,1,12322,8.115565654926148e-05
beigibt,1,12322,8.115565654926148e-05
eriesknöpflcinsuppe,1,12322,8.115565654926148e-05
nenschale,1,12322,8.115565654926148e-05
küch,1,12322,8.115565654926148e-05
eingeweichter,1,12322,8.115565654926148e-05
röstete,1,12322,8.115565654926148e-05
kochtem,1,12322,8.115565654926148e-05
de^i,1,12322,8.115565654926148e-05
anmachen,1,12322,8.115565654926148e-05
sondern,1,12322,8.115565654926148e-05
iso,1,12322,8.115565654926148e-05
ausnahme,1,12322,8.115565654926148e-05
^um,1,12322,8.115565654926148e-05
beide,1,12322,8.115565654926148e-05
krümmchen,1,12322,8.115565654926148e-05
beln,1,12322,8.115565654926148e-05
iohannisbeersaft,1,12322,8.115565654926148e-05
alphabetisches,1,12322,8.115565654926148e-05
dunn,1,12322,8.115565654926148e-05
ee,1,12322,8.115565654926148e-05
hefe,1,12322,8.115565654926148e-05
uuter,1,12322,8.115565654926148e-05
jeglicher,1,12322,8.115565654926148e-05
geschmolzene,1,12322,8.115565654926148e-05
halbiert,1,12322,8.115565654926148e-05
reibt,1,12322,8.115565654926148e-05
sauermilch,1,12322,8.115565654926148e-05
liegen,1,12322,8.115565654926148e-05
rü,1,12322,8.115565654926148e-05
min,1,12322,8.115565654926148e-05
kehrt,1,12322,8.115565654926148e-05
ehlöffel,1,12322,8.115565654926148e-05
nein,1,12322,8.115565654926148e-05
kartoffelpfannkuchen,1,12322,8.115565654926148e-05
sal,1,12322,8.115565654926148e-05
hackt,1,12322,8.115565654926148e-05
kartof,1,12322,8.115565654926148e-05
mir,1,12322,8.115565654926148e-05
bedacht,1,12322,8.115565654926148e-05
durchgequirlten,1,12322,8.115565654926148e-05
damin,1,12322,8.115565654926148e-05
spinatblatt,1,12322,8.115565654926148e-05
ofenröhre,1,12322,8.115565654926148e-05
vut,1,12322,8.115565654926148e-05
jakob,1,12322,8.115565654926148e-05
bratenzeit,1,12322,8.115565654926148e-05
wanderung,1,12322,8.115565654926148e-05
alicen,1,12322,8.115565654926148e-05
gehen,1,12322,8.115565654926148e-05
laue,1,12322,8.115565654926148e-05
dringendes,1,12322,8.115565654926148e-05
weinessig,1,12322,8.115565654926148e-05
laufen,1,12322,8.115565654926148e-05
kräf,1,12322,8.115565654926148e-05
johannisbeerknchcn,1,12322,8.115565654926148e-05
bellelilger,1,12322,8.115565654926148e-05
geschnittenem,1,12322,8.115565654926148e-05
abdampfen,1,12322,8.115565654926148e-05
alten,1,12322,8.115565654926148e-05
kriegswasseln,1,12322,8.115565654926148e-05
ankochen,1,12322,8.115565654926148e-05
maismehlnuflauf,1,12322,8.115565654926148e-05
etz,1,12322,8.115565654926148e-05
vorteig,1,12322,8.115565654926148e-05
geschnitten^,1,12322,8.115565654926148e-05
feiner,1,12322,8.115565654926148e-05
gelatin,1,12322,8.115565654926148e-05
laufform,1,12322,8.115565654926148e-05
gespickt,1,12322,8.115565654926148e-05
sammen,1,12322,8.115565654926148e-05
kg,1,12322,8.115565654926148e-05
schnittenen,1,12322,8.115565654926148e-05
länglicher,1,12322,8.115565654926148e-05
abgeschält,1,12322,8.115565654926148e-05
kartoffelkuchen,1,12322,8.115565654926148e-05
bescheidenen,1,12322,8.115565654926148e-05
schnittchen,1,12322,8.115565654926148e-05
semmelibrösel,1,12322,8.115565654926148e-05
geschmälzt,1,12322,8.115565654926148e-05
tan,1,12322,8.115565654926148e-05
aufgedeckt,1,12322,8.115565654926148e-05
abbre,1,12322,8.115565654926148e-05
maisklöße,1,12322,8.115565654926148e-05
haferslockennuflauf,1,12322,8.115565654926148e-05
brennt,1,12322,8.115565654926148e-05
tronenscheibe,1,12322,8.115565654926148e-05
blumen,1,12322,8.115565654926148e-05
hafcrflockensuppc,1,12322,8.115565654926148e-05
register,1,12322,8.115565654926148e-05
schwenkte,1,12322,8.115565654926148e-05
ausgelesen,1,12322,8.115565654926148e-05
ßiger,1,12322,8.115565654926148e-05
schmalen,1,12322,8.115565654926148e-05
gute,1,12322,8.115565654926148e-05
kartoffeltaler,1,12322,8.115565654926148e-05
fall,1,12322,8.115565654926148e-05
höhe,1,12322,8.115565654926148e-05
maismehlpudding,1,12322,8.115565654926148e-05
ausdrücken,1,12322,8.115565654926148e-05
>6,1,12322,8.115565654926148e-05
angefeuchtet,1,12322,8.115565654926148e-05
märz,1,12322,8.115565654926148e-05
gugelhopf,1,12322,8.115565654926148e-05
kapseln,1,12322,8.115565654926148e-05
kriegswaffeln,1,12322,8.115565654926148e-05
eisernen,1,12322,8.115565654926148e-05
dicklichen,1,12322,8.115565654926148e-05
schmarren,1,12322,8.115565654926148e-05
wursträdchen,1,12322,8.115565654926148e-05
weihe,1,12322,8.115565654926148e-05
kalb,1,12322,8.115565654926148e-05
verarbeiteten,1,12322,8.115565654926148e-05
suppengrüns,1,12322,8.115565654926148e-05
jede,1,12322,8.115565654926148e-05
schwanz,1,12322,8.115565654926148e-05
ivel,1,12322,8.115565654926148e-05
vanillemilch,1,12322,8.115565654926148e-05
temüsz,1,12322,8.115565654926148e-05
vrockelerbsen,1,12322,8.115565654926148e-05
wecken,1,12322,8.115565654926148e-05
klopft,1,12322,8.115565654926148e-05
hei,1,12322,8.115565654926148e-05
hineingetan,1,12322,8.115565654926148e-05
suppenteller,1,12322,8.115565654926148e-05
rübcnsalat,1,12322,8.115565654926148e-05
kartofselknödl,1,12322,8.115565654926148e-05
>pfund,1,12322,8.115565654926148e-05
kartoffelfülle,1,12322,8.115565654926148e-05
farbe,1,12322,8.115565654926148e-05
ausgekühlten,1,12322,8.115565654926148e-05
migen,1,12322,8.115565654926148e-05
selbstverlag,1,12322,8.115565654926148e-05
narwffelspeisen,1,12322,8.115565654926148e-05
übereinander,1,12322,8.115565654926148e-05
essigwasser,1,12322,8.115565654926148e-05
lagen,1,12322,8.115565654926148e-05
demselben,1,12322,8.115565654926148e-05
mchlsuppe,1,12322,8.115565654926148e-05
frühjahr,1,12322,8.115565654926148e-05
vorheriges,1,12322,8.115565654926148e-05
mangoldgemüse,1,12322,8.115565654926148e-05
häutet,1,12322,8.115565654926148e-05
reisspeisen,1,12322,8.115565654926148e-05
einlaufsuppe,1,12322,8.115565654926148e-05
parmesan,1,12322,8.115565654926148e-05
rindsbraten,1,12322,8.115565654926148e-05
tas,1,12322,8.115565654926148e-05
bracht,1,12322,8.115565654926148e-05
knollenkäseauflauf,1,12322,8.115565654926148e-05
wurzel,1,12322,8.115565654926148e-05
zerfallen,1,12322,8.115565654926148e-05
gebrochen,1,12322,8.115565654926148e-05
kakao,1,12322,8.115565654926148e-05
feln,1,12322,8.115565654926148e-05
eriespuddlng,1,12322,8.115565654926148e-05
ben,1,12322,8.115565654926148e-05
zitronenscheibe,1,12322,8.115565654926148e-05
tiefen,1,12322,8.115565654926148e-05
milchkartosseln,1,12322,8.115565654926148e-05
griesauflauf,1,12322,8.115565654926148e-05
albcrtkeks,1,12322,8.115565654926148e-05
löffeln,1,12322,8.115565654926148e-05
messerrückendick,1,12322,8.115565654926148e-05
tigung,1,12322,8.115565654926148e-05
eemüseküchlcin,1,12322,8.115565654926148e-05
mangoldgcmüsc,1,12322,8.115565654926148e-05
bräunte,1,12322,8.115565654926148e-05
auseinander,1,12322,8.115565654926148e-05
ruhen,1,12322,8.115565654926148e-05
ausgebreitet,1,12322,8.115565654926148e-05
gedünstetem,1,12322,8.115565654926148e-05
maisklötze,1,12322,8.115565654926148e-05
stück,1,12322,8.115565654926148e-05
platte,1,12322,8.115565654926148e-05
3^,1,12322,8.115565654926148e-05
schllisel,1,12322,8.115565654926148e-05
obstsaftsulz,1,12322,8.115565654926148e-05
gegangen,1,12322,8.115565654926148e-05
eingeweichtes,1,12322,8.115565654926148e-05
inhalts,1,12322,8.115565654926148e-05
bißchen,1,12322,8.115565654926148e-05
fähr,1,12322,8.115565654926148e-05
haferflockensuppe,1,12322,8.115565654926148e-05
umge,1,12322,8.115565654926148e-05
trieben,1,12322,8.115565654926148e-05
angerichtet,1,12322,8.115565654926148e-05
bein,1,12322,8.115565654926148e-05
tun,1,12322,8.115565654926148e-05
orange,1,12322,8.115565654926148e-05
buchdruckerei,1,12322,8.115565654926148e-05
1^>,1,12322,8.115565654926148e-05
leichtes,1,12322,8.115565654926148e-05
eignet,1,12322,8.115565654926148e-05
halte,1,12322,8.115565654926148e-05
überschmälzen,1,12322,8.115565654926148e-05
grieß,1,12322,8.115565654926148e-05
vlutteilchen,1,12322,8.115565654926148e-05
g,1,12322,8.115565654926148e-05
wachholderbeeren,1,12322,8.115565654926148e-05
kochbüchlein,1,12322,8.115565654926148e-05
meerrettig,1,12322,8.115565654926148e-05
breit,1,12322,8.115565654926148e-05
treu,1,12322,8.115565654926148e-05
kartosselgemüse,1,12322,8.115565654926148e-05
letzteres,1,12322,8.115565654926148e-05
eriesbrei,1,12322,8.115565654926148e-05
ausgespülten,1,12322,8.115565654926148e-05
maismchlknödel,1,12322,8.115565654926148e-05
geschälten,1,12322,8.115565654926148e-05
siedendes,1,12322,8.115565654926148e-05
gugelhopfenform,1,12322,8.115565654926148e-05
trocken,1,12322,8.115565654926148e-05
dickliche,1,12322,8.115565654926148e-05
serbad,1,12322,8.115565654926148e-05
hineingestreut,1,12322,8.115565654926148e-05
ksmgl,1,12322,8.115565654926148e-05
starken,1,12322,8.115565654926148e-05
gereinigten,1,12322,8.115565654926148e-05
mittelmä,1,12322,8.115565654926148e-05
schweinefett,1,12322,8.115565654926148e-05
schwachen,1,12322,8.115565654926148e-05
kartoffelknödel,1,12322,8.115565654926148e-05
1t>,1,12322,8.115565654926148e-05
nuhnen,1,12322,8.115565654926148e-05
but,1,12322,8.115565654926148e-05
buttersauee,1,12322,8.115565654926148e-05
suppengrünes,1,12322,8.115565654926148e-05
ehokolade,1,12322,8.115565654926148e-05
strichene,1,12322,8.115565654926148e-05
hernach,1,12322,8.115565654926148e-05
schlagen,1,12322,8.115565654926148e-05
kern,1,12322,8.115565654926148e-05
verkne,1,12322,8.115565654926148e-05
schoß,1,12322,8.115565654926148e-05
reisauflauf,1,12322,8.115565654926148e-05
grünen,1,12322,8.115565654926148e-05
maismehlknödl,1,12322,8.115565654926148e-05
rösten,1,12322,8.115565654926148e-05
75,1,12322,8.115565654926148e-05
ericssuppe,1,12322,8.115565654926148e-05
bratensoße,1,12322,8.115565654926148e-05
erbsengemüise,1,12322,8.115565654926148e-05
zentimeter,1,12322,8.115565654926148e-05
lauchgemüse,1,12322,8.115565654926148e-05
geklopft,1,12322,8.115565654926148e-05
läht,1,12322,8.115565654926148e-05
maismchlgugelhopf,1,12322,8.115565654926148e-05
beigegeben,1,12322,8.115565654926148e-05
male,1,12322,8.115565654926148e-05
maismehlschmarren,1,12322,8.115565654926148e-05
zakob,1,12322,8.115565654926148e-05
kälte,1,12322,8.115565654926148e-05
geschuppt,1,12322,8.115565654926148e-05
bohnengemüse,1,12322,8.115565654926148e-05
täglich,1,12322,8.115565654926148e-05
eingehobelt,1,12322,8.115565654926148e-05
zunehmen,1,12322,8.115565654926148e-05
9^,1,12322,8.115565654926148e-05
freundliche,1,12322,8.115565654926148e-05
kaffee,1,12322,8.115565654926148e-05
ßem,1,12322,8.115565654926148e-05
kartosselschmarren,1,12322,8.115565654926148e-05
niedernauer,1,12322,8.115565654926148e-05
nudelfpeife,1,12322,8.115565654926148e-05
apfelknchenfülle,1,12322,8.115565654926148e-05
schmeckt,1,12322,8.115565654926148e-05
gußdazu,1,12322,8.115565654926148e-05
feste,1,12322,8.115565654926148e-05
gestochen,1,12322,8.115565654926148e-05
dos,1,12322,8.115565654926148e-05
kal,1,12322,8.115565654926148e-05
ausgewaschen,1,12322,8.115565654926148e-05
warmem,1,12322,8.115565654926148e-05
verrührtem,1,12322,8.115565654926148e-05
emmentaler,1,12322,8.115565654926148e-05
geschlagen,1,12322,8.115565654926148e-05
5l,1,12322,8.115565654926148e-05
mangoldstiele,1,12322,8.115565654926148e-05
durchtreiben,1,12322,8.115565654926148e-05
schlägt,1,12322,8.115565654926148e-05
rührlöffel,1,12322,8.115565654926148e-05
zugaben,1,12322,8.115565654926148e-05
mangoldstielgemüsc,1,12322,8.115565654926148e-05
2x>,1,12322,8.115565654926148e-05
steigen,1,12322,8.115565654926148e-05
dicke,1,12322,8.115565654926148e-05
bräunen,1,12322,8.115565654926148e-05
satt,1,12322,8.115565654926148e-05
fort,1,12322,8.115565654926148e-05
weiß,1,12322,8.115565654926148e-05
gestrichen,1,12322,8.115565654926148e-05
jahreszeit,1,12322,8.115565654926148e-05
psanne,1,12322,8.115565654926148e-05
brotschnittchen,1,12322,8.115565654926148e-05
weißbrot,1,12322,8.115565654926148e-05
äe,1,12322,8.115565654926148e-05
mitgeröstet,1,12322,8.115565654926148e-05
rieben,1,12322,8.115565654926148e-05
90,1,12322,8.115565654926148e-05
mischen,1,12322,8.115565654926148e-05
rheispudding,1,12322,8.115565654926148e-05
knödelteig,1,12322,8.115565654926148e-05
reiskoch,1,12322,8.115565654926148e-05
hammelbraten,1,12322,8.115565654926148e-05
1915,1,12322,8.115565654926148e-05
sauber,1,12322,8.115565654926148e-05
dünnen,1,12322,8.115565654926148e-05
weißes,1,12322,8.115565654926148e-05
gemüseuiasser,1,12322,8.115565654926148e-05
dazugetan,1,12322,8.115565654926148e-05
8g,1,12322,8.115565654926148e-05
süßkraut,1,12322,8.115565654926148e-05
eierklöszchen,1,12322,8.115565654926148e-05
eurkengcmüse,1,12322,8.115565654926148e-05
kohlsaiat,1,12322,8.115565654926148e-05
gewirkt,1,12322,8.115565654926148e-05
eicrschnee,1,12322,8.115565654926148e-05
obere,1,12322,8.115565654926148e-05
bohne,1,12322,8.115565654926148e-05
kartoffelnudeln,1,12322,8.115565654926148e-05
20v,1,12322,8.115565654926148e-05
kohlrabcn,1,12322,8.115565654926148e-05
angerührte,1,12322,8.115565654926148e-05
verteilt,1,12322,8.115565654926148e-05
bestreuten,1,12322,8.115565654926148e-05
macken,1,12322,8.115565654926148e-05
rehbraten,1,12322,8.115565654926148e-05
stet,1,12322,8.115565654926148e-05
ausgelöst,1,12322,8.115565654926148e-05
übrigen,1,12322,8.115565654926148e-05
gleicher,1,12322,8.115565654926148e-05
vanillezuk,1,12322,8.115565654926148e-05
siedendem,1,12322,8.115565654926148e-05
abgekochten,1,12322,8.115565654926148e-05
stand,1,12322,8.115565654926148e-05
caramel,1,12322,8.115565654926148e-05
eieri,1,12322,8.115565654926148e-05
backbrett,1,12322,8.115565654926148e-05
durchschneiden,1,12322,8.115565654926148e-05
guter,1,12322,8.115565654926148e-05
meerrcttichsalat,1,12322,8.115565654926148e-05
fruchtsaft,1,12322,8.115565654926148e-05
bestreute,1,12322,8.115565654926148e-05
kartnffol,1,12322,8.115565654926148e-05
ausgefettete,1,12322,8.115565654926148e-05
schwacher,1,12322,8.115565654926148e-05
stücklein,1,12322,8.115565654926148e-05
latin,1,12322,8.115565654926148e-05
sa,1,12322,8.115565654926148e-05
seine,1,12322,8.115565654926148e-05
dicht,1,12322,8.115565654926148e-05
kartosselspätzle,1,12322,8.115565654926148e-05
ausgedrücktes,1,12322,8.115565654926148e-05
runter,1,12322,8.115565654926148e-05
brise,1,12322,8.115565654926148e-05
auswellen,1,12322,8.115565654926148e-05
weichen,1,12322,8.115565654926148e-05
haferkcks,1,12322,8.115565654926148e-05
apfelscheiben,1,12322,8.115565654926148e-05
lanbsröschemit,1,12322,8.115565654926148e-05
nd,1,12322,8.115565654926148e-05
ii,1,12322,8.115565654926148e-05
begießen,1,12322,8.115565654926148e-05
zwieback,1,12322,8.115565654926148e-05
hineingezupft,1,12322,8.115565654926148e-05
bestreuen,1,12322,8.115565654926148e-05
aufgelöster,1,12322,8.115565654926148e-05
eulasch,1,12322,8.115565654926148e-05
fortwährendem,1,12322,8.115565654926148e-05
treuem,1,12322,8.115565654926148e-05
vollsten,1,12322,8.115565654926148e-05
genommen,1,12322,8.115565654926148e-05
saf,1,12322,8.115565654926148e-05
sauce,1,12322,8.115565654926148e-05
je,1,12322,8.115565654926148e-05
besonders,1,12322,8.115565654926148e-05
gerstensnppe,1,12322,8.115565654926148e-05
wiegter,1,12322,8.115565654926148e-05
krautblätter,1,12322,8.115565654926148e-05
eßlöf,1,12322,8.115565654926148e-05
d,1,12322,8.115565654926148e-05
lit,1,12322,8.115565654926148e-05
gehobelt,1,12322,8.115565654926148e-05
vrett,1,12322,8.115565654926148e-05
maispuder,1,12322,8.115565654926148e-05
helsensleinwarte,1,12322,8.115565654926148e-05
eitronenschale,1,12322,8.115565654926148e-05
rindsbratcn,1,12322,8.115565654926148e-05
aufquellen,1,12322,8.115565654926148e-05
kartosselkloße,1,12322,8.115565654926148e-05
fel,1,12322,8.115565654926148e-05
grieseierhaber,1,12322,8.115565654926148e-05
brotrinde,1,12322,8.115565654926148e-05
ständi,1,12322,8.115565654926148e-05
vodenkohlraben,1,12322,8.115565654926148e-05
eierklöhchen,1,12322,8.115565654926148e-05
zersticht,1,12322,8.115565654926148e-05
endivien,1,12322,8.115565654926148e-05
untergemischt,1,12322,8.115565654926148e-05
ansalzen,1,12322,8.115565654926148e-05
leer,1,12322,8.115565654926148e-05
petcrsiliensoße,1,12322,8.115565654926148e-05
rings,1,12322,8.115565654926148e-05
ausweiten,1,12322,8.115565654926148e-05
sanerkrant,1,12322,8.115565654926148e-05
deckt,1,12322,8.115565654926148e-05
linsenküchlein,1,12322,8.115565654926148e-05
eho,1,12322,8.115565654926148e-05
rob,1,12322,8.115565654926148e-05
maismchlpudding,1,12322,8.115565654926148e-05
dein,1,12322,8.115565654926148e-05
buttersohe,1,12322,8.115565654926148e-05
bon,1,12322,8.115565654926148e-05
weiterkochen,1,12322,8.115565654926148e-05
griesanflauf,1,12322,8.115565654926148e-05
entfettet,1,12322,8.115565654926148e-05
überbrüht,1,12322,8.115565654926148e-05
nenscheibe,1,12322,8.115565654926148e-05
fülleni,1,12322,8.115565654926148e-05
morgen,1,12322,8.115565654926148e-05
anziehen,1,12322,8.115565654926148e-05
suppengrün,1,12322,8.115565654926148e-05
knoblauch,1,12322,8.115565654926148e-05
sg,1,12322,8.115565654926148e-05
kohlsalat,1,12322,8.115565654926148e-05
schweren,1,12322,8.115565654926148e-05
tersoße,1,12322,8.115565654926148e-05
hefenknödl,1,12322,8.115565654926148e-05
durchsichtig,1,12322,8.115565654926148e-05
mangoldstielgemüse,1,12322,8.115565654926148e-05
vorratskammern,1,12322,8.115565654926148e-05
kommten,1,12322,8.115565654926148e-05
rettig,1,12322,8.115565654926148e-05
erweicht,1,12322,8.115565654926148e-05
bestrich,1,12322,8.115565654926148e-05
durchhalten,1,12322,8.115565654926148e-05
nahm,1,12322,8.115565654926148e-05
ll,1,12322,8.115565654926148e-05
rest,1,12322,8.115565654926148e-05
tosfel,1,12322,8.115565654926148e-05
ev,1,12322,8.115565654926148e-05
knollcnkiiseauflauf,1,12322,8.115565654926148e-05
softe,1,12322,8.115565654926148e-05
kartoffelklösze,1,12322,8.115565654926148e-05
ausgepreßte,1,12322,8.115565654926148e-05
löwenzahns,1,12322,8.115565654926148e-05
n?,1,12322,8.115565654926148e-05
eingefügt,1,12322,8.115565654926148e-05
125eramm,1,12322,8.115565654926148e-05
eemüse,1,12322,8.115565654926148e-05
ackersalat,1,12322,8.115565654926148e-05
ko,1,12322,8.115565654926148e-05
sii,1,12322,8.115565654926148e-05
abgekühlte,1,12322,8.115565654926148e-05
schwabengruß,1,12322,8.115565654926148e-05
sk,1,12322,8.115565654926148e-05
eins,1,12322,8.115565654926148e-05
orangenspeise,1,12322,8.115565654926148e-05
winterkohi,1,12322,8.115565654926148e-05
pe,1,12322,8.115565654926148e-05
12v,1,12322,8.115565654926148e-05
kirschenknchenmichel,1,12322,8.115565654926148e-05
belegt,1,12322,8.115565654926148e-05
befreit,1,12322,8.115565654926148e-05
cröme,1,12322,8.115565654926148e-05
lieben,1,12322,8.115565654926148e-05
lein,1,12322,8.115565654926148e-05
maismehlpfannkuchon,1,12322,8.115565654926148e-05
bnttersoße,1,12322,8.115565654926148e-05
vielem,1,12322,8.115565654926148e-05
nudelbrett,1,12322,8.115565654926148e-05
solz,1,12322,8.115565654926148e-05
h,1,12322,8.115565654926148e-05
neu,1,12322,8.115565654926148e-05
bohnenkraut,1,12322,8.115565654926148e-05
91,1,12322,8.115565654926148e-05
vohnenkerne,1,12322,8.115565654926148e-05
verrührtes,1,12322,8.115565654926148e-05
süs,1,12322,8.115565654926148e-05
fuße,1,12322,8.115565654926148e-05
kleiner,1,12322,8.115565654926148e-05
gehackt,1,12322,8.115565654926148e-05
hascht,1,12322,8.115565654926148e-05
flädlein,1,12322,8.115565654926148e-05
gemachte,1,12322,8.115565654926148e-05
abgeriebe,1,12322,8.115565654926148e-05
bleibendem,1,12322,8.115565654926148e-05
iz,1,12322,8.115565654926148e-05
luckeleskäse,1,12322,8.115565654926148e-05
flacher,1,12322,8.115565654926148e-05
4l,1,12322,8.115565654926148e-05
rhabarberstiele,1,12322,8.115565654926148e-05
8w,1,12322,8.115565654926148e-05
rübensalat,1,12322,8.115565654926148e-05
18v,1,12322,8.115565654926148e-05
hammelsbraten,1,12322,8.115565654926148e-05
lot,1,12322,8.115565654926148e-05
zweiten,1,12322,8.115565654926148e-05
tomatenbrei,1,12322,8.115565654926148e-05
fleischfülle,1,12322,8.115565654926148e-05
zusammengekocht,1,12322,8.115565654926148e-05
stetigem,1,12322,8.115565654926148e-05
gemüseküchlein,1,12322,8.115565654926148e-05
gen,1,12322,8.115565654926148e-05
zusam,1,12322,8.115565654926148e-05
kartoffelpudding,1,12322,8.115565654926148e-05
nudelnkuchcn,1,12322,8.115565654926148e-05
geschla,1,12322,8.115565654926148e-05
kartosselküchlein,1,12322,8.115565654926148e-05
feingeschnitten,1,12322,8.115565654926148e-05
geschafft,1,12322,8.115565654926148e-05
unten,1,12322,8.115565654926148e-05
schweinsnetz,1,12322,8.115565654926148e-05
schnittlauch,1,12322,8.115565654926148e-05
brauch,1,12322,8.115565654926148e-05
abgestielt,1,12322,8.115565654926148e-05
wenigem,1,12322,8.115565654926148e-05
kiemen,1,12322,8.115565654926148e-05
koch,1,12322,8.115565654926148e-05
pfen,1,12322,8.115565654926148e-05
musmehlbrci,1,12322,8.115565654926148e-05
geschnittenes,1,12322,8.115565654926148e-05
kolade,1,12322,8.115565654926148e-05
ja,1,12322,8.115565654926148e-05
pulver,1,12322,8.115565654926148e-05
weiche,1,12322,8.115565654926148e-05
gelee,1,12322,8.115565654926148e-05
kartoffelflädlcin,1,12322,8.115565654926148e-05
halten,1,12322,8.115565654926148e-05
süßwasser,1,12322,8.115565654926148e-05
zurück,1,12322,8.115565654926148e-05
hin,1,12322,8.115565654926148e-05
sch,1,12322,8.115565654926148e-05
kom,1,12322,8.115565654926148e-05
umbindet,1,12322,8.115565654926148e-05
tie,1,12322,8.115565654926148e-05
verschie,1,12322,8.115565654926148e-05
ehe,1,12322,8.115565654926148e-05
weg,1,12322,8.115565654926148e-05
abrosten,1,12322,8.115565654926148e-05
fingerlange,1,12322,8.115565654926148e-05
ma,1,12322,8.115565654926148e-05
wassec,1,12322,8.115565654926148e-05
kcr,1,12322,8.115565654926148e-05
mau,1,12322,8.115565654926148e-05
tomatensuppe,1,12322,8.115565654926148e-05
heringe,1,12322,8.115565654926148e-05
gurkengemüse,1,12322,8.115565654926148e-05
verkochen,1,12322,8.115565654926148e-05
endet,1,12322,8.115565654926148e-05
leichten,1,12322,8.115565654926148e-05
bedecken,1,12322,8.115565654926148e-05
worden,1,12322,8.115565654926148e-05
mothek,1,12322,8.115565654926148e-05
riichren,1,12322,8.115565654926148e-05
sche,1,12322,8.115565654926148e-05
retten,1,12322,8.115565654926148e-05
fürwahr,1,12322,8.115565654926148e-05
siiße,1,12322,8.115565654926148e-05
ins,1,12322,8.115565654926148e-05
maurer,1,12322,8.115565654926148e-05
gulasch,1,12322,8.115565654926148e-05
abziehen,1,12322,8.115565654926148e-05
herum,1,12322,8.115565654926148e-05
gesiebtes,1,12322,8.115565654926148e-05
rein,1,12322,8.115565654926148e-05
lösen,1,12322,8.115565654926148e-05
zerdrückten,1,12322,8.115565654926148e-05
musmehl,1,12322,8.115565654926148e-05
richten,1,12322,8.115565654926148e-05
gerö,1,12322,8.115565654926148e-05
hineingerührt,1,12322,8.115565654926148e-05
keks,1,12322,8.115565654926148e-05
dünn,1,12322,8.115565654926148e-05
zugegossen,1,12322,8.115565654926148e-05
sin,1,12322,8.115565654926148e-05
grünkernküchlein,1,12322,8.115565654926148e-05
mittelgroße,1,12322,8.115565654926148e-05
selleriewurzel,1,12322,8.115565654926148e-05
maisschnittensuppe,1,12322,8.115565654926148e-05
nem,1,12322,8.115565654926148e-05
ich,1,12322,8.115565654926148e-05
alter,1,12322,8.115565654926148e-05
erbsengemüse,1,12322,8.115565654926148e-05
unge,1,12322,8.115565654926148e-05
back,1,12322,8.115565654926148e-05
kartofselklöße,1,12322,8.115565654926148e-05
eelatin,1,12322,8.115565654926148e-05
apfelkompott,1,12322,8.115565654926148e-05
haferflockenschnitten,1,12322,8.115565654926148e-05
schnit,1,12322,8.115565654926148e-05
schmoren,1,12322,8.115565654926148e-05
virnenbrühe,1,12322,8.115565654926148e-05
fingerdicke,1,12322,8.115565654926148e-05
halbe,1,12322,8.115565654926148e-05
mehlbrei,1,12322,8.115565654926148e-05
warmen,1,12322,8.115565654926148e-05
verzeichnis,1,12322,8.115565654926148e-05
ernsten,1,12322,8.115565654926148e-05
lö,1,12322,8.115565654926148e-05
«ine,1,12322,8.115565654926148e-05
ss,1,12322,8.115565654926148e-05
amal,1,12322,8.115565654926148e-05
tomatensuppc,1,12322,8.115565654926148e-05
unigedreht,1,12322,8.115565654926148e-05
wildgeschmack,1,12322,8.115565654926148e-05
vorwort,1,12322,8.115565654926148e-05
einbren,1,12322,8.115565654926148e-05
gebot,1,12322,8.115565654926148e-05
abkühlen,1,12322,8.115565654926148e-05
blutwurst,1,12322,8.115565654926148e-05
seinem,1,12322,8.115565654926148e-05
kartoffelmasse,1,12322,8.115565654926148e-05
bleibt,1,12322,8.115565654926148e-05
kartosselsalat,1,12322,8.115565654926148e-05
albertkeks,1,12322,8.115565654926148e-05
dieselbe,1,12322,8.115565654926148e-05
knödeln,1,12322,8.115565654926148e-05
stange,1,12322,8.115565654926148e-05
6t,1,12322,8.115565654926148e-05
ablaufen,1,12322,8.115565654926148e-05
bratet,1,12322,8.115565654926148e-05
orangenschale,1,12322,8.115565654926148e-05
denen,1,12322,8.115565654926148e-05
griespudding,1,12322,8.115565654926148e-05
feingeschnittene,1,12322,8.115565654926148e-05
hefcnknödel,1,12322,8.115565654926148e-05
wassersuppen,1,12322,8.115565654926148e-05
kartoffelgemüse,1,12322,8.115565654926148e-05
pichelsteiner,1,12322,8.115565654926148e-05
mon,1,12322,8.115565654926148e-05
vtutter,1,12322,8.115565654926148e-05
lauchgemüsc,1,12322,8.115565654926148e-05
neis,1,12322,8.115565654926148e-05
mehr,1,12322,8.115565654926148e-05
flocken,1,12322,8.115565654926148e-05
blechgesetzt,1,12322,8.115565654926148e-05
eßlöffeln,1,12322,8.115565654926148e-05
gelöscht,1,12322,8.115565654926148e-05
weinsulz,1,12322,8.115565654926148e-05
dicklich,1,12322,8.115565654926148e-05
waschen,1,12322,8.115565654926148e-05
erdbeeren,1,12322,8.115565654926148e-05
kariosselküchle,1,12322,8.115565654926148e-05
erkaltete,1,12322,8.115565654926148e-05
tausend,1,12322,8.115565654926148e-05
rücken,1,12322,8.115565654926148e-05
gewürz,1,12322,8.115565654926148e-05
abge,1,12322,8.115565654926148e-05
uebrige,1,12322,8.115565654926148e-05
ig,1,12322,8.115565654926148e-05
tops,1,12322,8.115565654926148e-05
allein,1,12322,8.115565654926148e-05
haferflockenschnittcn,1,12322,8.115565654926148e-05
weichgekochten,1,12322,8.115565654926148e-05
braunen,1,12322,8.115565654926148e-05
verrühren,1,12322,8.115565654926148e-05
beiseite,1,12322,8.115565654926148e-05
hi,1,12322,8.115565654926148e-05
senssoße,1,12322,8.115565654926148e-05
sagobrei,1,12322,8.115565654926148e-05
rhabarberspeise,1,12322,8.115565654926148e-05
serkr^,1,12322,8.115565654926148e-05
salzwas,1,12322,8.115565654926148e-05
runden,1,12322,8.115565654926148e-05
kurze,1,12322,8.115565654926148e-05
sultaninen,1,12322,8.115565654926148e-05
griesküchlein,1,12322,8.115565654926148e-05
most,1,12322,8.115565654926148e-05
hausfrauen,1,12322,8.115565654926148e-05
tropfen,1,12322,8.115565654926148e-05
mehlschwitze,1,12322,8.115565654926148e-05
tramm,1,12322,8.115565654926148e-05
kirschenkuchcn,1,12322,8.115565654926148e-05
kein,1,12322,8.115565654926148e-05
wickel,1,12322,8.115565654926148e-05
kartoffelpsannkuchen,1,12322,8.115565654926148e-05
sohen,1,12322,8.115565654926148e-05
>u,1,12322,8.115565654926148e-05
flache,1,12322,8.115565654926148e-05
kuollenkäseauslaus,1,12322,8.115565654926148e-05
15g,1,12322,8.115565654926148e-05
größere,1,12322,8.115565654926148e-05
lauwarmes,1,12322,8.115565654926148e-05
stengel,1,12322,8.115565654926148e-05
nn,1,12322,8.115565654926148e-05
ct,1,12322,8.115565654926148e-05
hilf,1,12322,8.115565654926148e-05
griesbrei,1,12322,8.115565654926148e-05
drückt,1,12322,8.115565654926148e-05
august,1,12322,8.115565654926148e-05
tüch,1,12322,8.115565654926148e-05
ungeschält,1,12322,8.115565654926148e-05
kaffemühle,1,12322,8.115565654926148e-05
ausgekocht,1,12322,8.115565654926148e-05
kut,1,12322,8.115565654926148e-05
ziel,1,12322,8.115565654926148e-05
2s0,1,12322,8.115565654926148e-05
zwiebeln,1,12322,8.115565654926148e-05
5?itze,1,12322,8.115565654926148e-05
zen,1,12322,8.115565654926148e-05
schwäbische,1,12322,8.115565654926148e-05
länglichen,1,12322,8.115565654926148e-05
kaltet,1,12322,8.115565654926148e-05
stärke,1,12322,8.115565654926148e-05
siißkraut,1,12322,8.115565654926148e-05
miteinander,1,12322,8.115565654926148e-05
größe,1,12322,8.115565654926148e-05
gewendet,1,12322,8.115565654926148e-05
schinken,1,12322,8.115565654926148e-05
kartoffelklö,1,12322,8.115565654926148e-05
>7,1,12322,8.115565654926148e-05
loch,1,12322,8.115565654926148e-05
durchgedrückte,1,12322,8.115565654926148e-05
köpfe,1,12322,8.115565654926148e-05
eßlöfiel,1,12322,8.115565654926148e-05
geschüttelt,1,12322,8.115565654926148e-05
senfsoße,1,12322,8.115565654926148e-05
heringssalat,1,12322,8.115565654926148e-05
1k0,1,12322,8.115565654926148e-05
bereits,1,12322,8.115565654926148e-05
gleichmäßig,1,12322,8.115565654926148e-05
che,1,12322,8.115565654926148e-05
möge,1,12322,8.115565654926148e-05
weil,1,12322,8.115565654926148e-05
fester,1,12322,8.115565654926148e-05
umständen,1,12322,8.115565654926148e-05
selleriewürzelgemüse,1,12322,8.115565654926148e-05
170,1,12322,8.115565654926148e-05
weinsnlz,1,12322,8.115565654926148e-05
denn,1,12322,8.115565654926148e-05
klößchen,1,12322,8.115565654926148e-05
maisklösze,1,12322,8.115565654926148e-05
jeden,1,12322,8.115565654926148e-05
endivie,1,12322,8.115565654926148e-05
deutschen,1,12322,8.115565654926148e-05
neiskoch,1,12322,8.115565654926148e-05
haferkeks,1,12322,8.115565654926148e-05
abgegossen,1,12322,8.115565654926148e-05
eglöffel,1,12322,8.115565654926148e-05
sieden,1,12322,8.115565654926148e-05
ausgesteinte,1,12322,8.115565654926148e-05
helsen,1,12322,8.115565654926148e-05
feines,1,12322,8.115565654926148e-05
beliebige,1,12322,8.115565654926148e-05
senfi,1,12322,8.115565654926148e-05
tortenform,1,12322,8.115565654926148e-05
abrührt,1,12322,8.115565654926148e-05
kuchenblech,1,12322,8.115565654926148e-05
erreichen,1,12322,8.115565654926148e-05
starker,1,12322,8.115565654926148e-05
samt,1,12322,8.115565654926148e-05
volles,1,12322,8.115565654926148e-05
laran,1,12322,8.115565654926148e-05
zweimal,1,12322,8.115565654926148e-05
talergroße,1,12322,8.115565654926148e-05
brennessel,1,12322,8.115565654926148e-05
bodenkohlraben,1,12322,8.115565654926148e-05
latöls,1,12322,8.115565654926148e-05
2n,1,12322,8.115565654926148e-05
friedigend,1,12322,8.115565654926148e-05
stangen,1,12322,8.115565654926148e-05
kartosselbrei,1,12322,8.115565654926148e-05
kartoffelspeisen,1,12322,8.115565654926148e-05
se,1,12322,8.115565654926148e-05
aufnahme,1,12322,8.115565654926148e-05
gem,1,12322,8.115565654926148e-05
uebriger,1,12322,8.115565654926148e-05
kartosselpudding,1,12322,8.115565654926148e-05
schnittene,1,12322,8.115565654926148e-05
haferflockenpfannkuchen,1,12322,8.115565654926148e-05
hammelschlegel,1,12322,8.115565654926148e-05
weise,1,12322,8.115565654926148e-05
hellbraune,1,12322,8.115565654926148e-05
1b,1,12322,8.115565654926148e-05
zwischen,1,12322,8.115565654926148e-05
brühwürfel,1,12322,8.115565654926148e-05
lebensweise,1,12322,8.115565654926148e-05
nenzweigchen,1,12322,8.115565654926148e-05
bisknit,1,12322,8.115565654926148e-05
nudclspeise,1,12322,8.115565654926148e-05
^pfd,1,12322,8.115565654926148e-05
ausgedrückter,1,12322,8.115565654926148e-05
entkernt,1,12322,8.115565654926148e-05
od,1,12322,8.115565654926148e-05
winterkohl,1,12322,8.115565654926148e-05
steh,1,12322,8.115565654926148e-05
richtet,1,12322,8.115565654926148e-05
brötchenwllrfel,1,12322,8.115565654926148e-05
biskuitomeletle,1,12322,8.115565654926148e-05
tasie,1,12322,8.115565654926148e-05
stärkmehl,1,12322,8.115565654926148e-05
i91z,1,12322,8.115565654926148e-05
däm,1,12322,8.115565654926148e-05
zieht,1,12322,8.115565654926148e-05
kartosselpsannkuchen,1,12322,8.115565654926148e-05
maismehlgugelhops,1,12322,8.115565654926148e-05
heidelbeer,1,12322,8.115565654926148e-05
zusetzen,1,12322,8.115565654926148e-05
schöne,1,12322,8.115565654926148e-05
durchgesiebt,1,12322,8.115565654926148e-05
nötig,1,12322,8.115565654926148e-05
hasche,1,12322,8.115565654926148e-05
eckige,1,12322,8.115565654926148e-05
preßt,1,12322,8.115565654926148e-05
fortwährend,1,12322,8.115565654926148e-05
zohannisbeerkuchen,1,12322,8.115565654926148e-05
anrühren,1,12322,8.115565654926148e-05
2<1,1,12322,8.115565654926148e-05
3tt,1,12322,8.115565654926148e-05
jungen,1,12322,8.115565654926148e-05
durchschlag,1,12322,8.115565654926148e-05
roher,1,12322,8.115565654926148e-05
nährsalze,1,12322,8.115565654926148e-05
umgewendet,1,12322,8.115565654926148e-05
anbratet,1,12322,8.115565654926148e-05
mehlige,1,12322,8.115565654926148e-05
abgelaufen,1,12322,8.115565654926148e-05
viereck,1,12322,8.115565654926148e-05
roten,1,12322,8.115565654926148e-05
übergießt,1,12322,8.115565654926148e-05
ausstechen,1,12322,8.115565654926148e-05
heringskartoffcln,1,12322,8.115565654926148e-05
kartoffelauflauf,1,12322,8.115565654926148e-05
herumgelegt,1,12322,8.115565654926148e-05
brüht,1,12322,8.115565654926148e-05
gejanen,1,12322,8.115565654926148e-05
ti,1,12322,8.115565654926148e-05
billigen,1,12322,8.115565654926148e-05
festgeschlagenen,1,12322,8.115565654926148e-05
überstreuen,1,12322,8.115565654926148e-05
eierhaber,1,12322,8.115565654926148e-05
lauwarme,1,12322,8.115565654926148e-05
scharf,1,12322,8.115565654926148e-05
bliebenes,1,12322,8.115565654926148e-05
zarte,1,12322,8.115565654926148e-05
gerstensuppe,1,12322,8.115565654926148e-05
kriegsbrote,1,12322,8.115565654926148e-05
verbessern,1,12322,8.115565654926148e-05
salatgemüse,1,12322,8.115565654926148e-05
nußgroßen,1,12322,8.115565654926148e-05
karwffeltaler,1,12322,8.115565654926148e-05
hie,1,12322,8.115565654926148e-05
würst,1,12322,8.115565654926148e-05
wegbleiben,1,12322,8.115565654926148e-05
pfannenkuchen,1,12322,8.115565654926148e-05
gedrückten,1,12322,8.115565654926148e-05
ausgespült,1,12322,8.115565654926148e-05
s4,1,12322,8.115565654926148e-05
treibt,1,12322,8.115565654926148e-05
gekochtem,1,12322,8.115565654926148e-05
gott,1,12322,8.115565654926148e-05
einlaus,1,12322,8.115565654926148e-05
gemahlene,1,12322,8.115565654926148e-05
gib,1,12322,8.115565654926148e-05
fetzt,1,12322,8.115565654926148e-05
naßgemachtes,1,12322,8.115565654926148e-05
getriebener,1,12322,8.115565654926148e-05
hinzu,1,12322,8.115565654926148e-05
gröbsten,1,12322,8.115565654926148e-05
faden,1,12322,8.115565654926148e-05
karamel,1,12322,8.115565654926148e-05
herdes,1,12322,8.115565654926148e-05
psund,1,12322,8.115565654926148e-05
geschälter,1,12322,8.115565654926148e-05
ersetzt,1,12322,8.115565654926148e-05
würsten,1,12322,8.115565654926148e-05
nachgegossen,1,12322,8.115565654926148e-05
rcissuppe,1,12322,8.115565654926148e-05
linsenküchlcin,1,12322,8.115565654926148e-05
hafcrflockcnpfannkuchcn,1,12322,8.115565654926148e-05
eingeweide,1,12322,8.115565654926148e-05
feinerer,1,12322,8.115565654926148e-05
abtropfen,1,12322,8.115565654926148e-05
getrocknete,1,12322,8.115565654926148e-05
26>,1,12322,8.115565654926148e-05
kartosselauflauf,1,12322,8.115565654926148e-05
erünkerngries,1,12322,8.115565654926148e-05
abgeschwenkt,1,12322,8.115565654926148e-05
seln,1,12322,8.115565654926148e-05
ikerne,1,12322,8.115565654926148e-05
völlig,1,12322,8.115565654926148e-05
elch,1,12322,8.115565654926148e-05
mn,1,12322,8.115565654926148e-05
gossen,1,12322,8.115565654926148e-05
aleischbrühe,1,12322,8.115565654926148e-05
entsteht,1,12322,8.115565654926148e-05
diemilch,1,12322,8.115565654926148e-05
makkaroniepndding,1,12322,8.115565654926148e-05
binden,1,12322,8.115565654926148e-05
gedünstete,1,12322,8.115565654926148e-05
richtiger,1,12322,8.115565654926148e-05
geschnitte,1,12322,8.115565654926148e-05
mischr,1,12322,8.115565654926148e-05
holzteller,1,12322,8.115565654926148e-05
welchen,1,12322,8.115565654926148e-05
gedämpst,1,12322,8.115565654926148e-05
ik,1,12322,8.115565654926148e-05
daulich,1,12322,8.115565654926148e-05
schulter,1,12322,8.115565654926148e-05
pichclsteiner,1,12322,8.115565654926148e-05
wellt,1,12322,8.115565654926148e-05
daraus,1,12322,8.115565654926148e-05
