ngram,count,total_words,frequency
und,368,8902,0.04133902493821613
man,314,8902,0.035272972365760505
die,222,8902,0.024938216131206472
in,194,8902,0.02179285553808133
sie,160,8902,0.01797348910357223
mit,146,8902,0.01640080880700966
1,139,8902,0.015614468658728375
wasser,132,8902,0.01482812851044709
pfund,118,8902,0.01325544821388452
das,103,8902,0.011570433610424624
läßt,97,8902,0.010896427769040665
2,97,8902,0.010896427769040665
dann,87,8902,0.009773084700067401
zucker,77,8902,0.008649741631094136
salz,75,8902,0.008425073017299483
milch,75,8902,0.008425073017299483
den,74,8902,0.008312738710402157
oder,72,8902,0.008088070096607504
der,70,8902,0.007863401482812851
liter,69,8902,0.007751067175915525
kartoffeln,68,8902,0.007638732869018198
ihn,68,8902,0.007638732869018198
werden,58,8902,0.006515389800044934
gibt,56,8902,0.006290721186250281
ein,55,8902,0.006178386879352954
es,52,8902,0.005841383958660975
dem,51,8902,0.005729049651763648
an,50,8902,0.0056167153448663226
fett,49,8902,0.005504381037968996
kochen,48,8902,0.0053920467310716695
zu,47,8902,0.005279712424174343
auf,47,8902,0.005279712424174343
wird,47,8902,0.005279712424174343
wenn,47,8902,0.005279712424174343
ist,46,8902,0.0051673781172770165
eßlöffel,45,8902,0.00505504381037969
weich,44,8902,0.004942709503482363
gießt,44,8902,0.004942709503482363
eine,41,8902,0.004605706582790384
etwas,37,8902,0.004156369355201079
dazu,36,8902,0.004044035048303752
mehl,35,8902,0.003931700741406426
kocht,35,8902,0.003931700741406426
von,35,8902,0.003931700741406426
hinzu,34,8902,0.003819366434509099
gekocht,31,8902,0.0034823635138171195
klar,29,8902,0.003257694900022467
v,29,8902,0.003257694900022467
kartoffelmehl,28,8902,0.0031453605931251404
ab,27,8902,0.003033026286227814
gramm,27,8902,0.003033026286227814
gut,27,8902,0.003033026286227814
einem,27,8902,0.003033026286227814
fleisch,26,8902,0.0029206919793304874
4,26,8902,0.0029206919793304874
alles,26,8902,0.0029206919793304874
stunde,26,8902,0.0029206919793304874
minuten,26,8902,0.0029206919793304874
am,26,8902,0.0029206919793304874
suppe,25,8902,0.0028083576724331613
gar,25,8902,0.0028083576724331613
butter,25,8902,0.0028083576724331613
pfeffer,24,8902,0.0026960233655358348
kann,24,8902,0.0026960233655358348
nicht,24,8902,0.0026960233655358348
3,24,8902,0.0026960233655358348
nach,24,8902,0.0026960233655358348
bis,23,8902,0.0025836890586385082
noch,23,8902,0.0025836890586385082
aus,22,8902,0.0024713547517411817
uud,22,8902,0.0024713547517411817
sind,22,8902,0.0024713547517411817
hat,22,8902,0.0024713547517411817
er,21,8902,0.002359020444843855
masse,20,8902,0.0022466861379465287
langsam,20,8902,0.0022466861379465287
so,20,8902,0.0022466861379465287
kaltem,19,8902,0.0021343518310492026
durch,19,8902,0.0021343518310492026
wenig,19,8902,0.0021343518310492026
recht,19,8902,0.0021343518310492026
stücke,19,8902,0.0021343518310492026
essig,19,8902,0.0021343518310492026
geriebene,19,8902,0.0021343518310492026
zuletzt,18,8902,0.002022017524151876
zum,18,8902,0.002022017524151876
zwiebel,18,8902,0.002022017524151876
maggi,18,8902,0.002022017524151876
legt,18,8902,0.002022017524151876
äpfel,18,8902,0.002022017524151876
teelöffel,18,8902,0.002022017524151876
sehr,17,8902,0.0019096832172545495
wir,17,8902,0.0019096832172545495
setzt,17,8902,0.0019096832172545495
kalt,17,8902,0.0019096832172545495
unter,17,8902,0.0019096832172545495
geschnitten,17,8902,0.0019096832172545495
rührt,17,8902,0.0019096832172545495
braun,16,8902,0.001797348910357223
sich,16,8902,0.001797348910357223
00,16,8902,0.001797348910357223
ei,16,8902,0.001797348910357223
reis,15,8902,0.0016850146034598967
einen,15,8902,0.0016850146034598967
schale,15,8902,0.0016850146034598967
auch,15,8902,0.0016850146034598967
10,14,8902,0.0015726802965625702
sieb,14,8902,0.0015726802965625702
wie,14,8902,0.0015726802965625702
scheiben,14,8902,0.0015726802965625702
rühren,14,8902,0.0015726802965625702
fügt,13,8902,0.0014603459896652437
ebenso,13,8902,0.0014603459896652437
etwa,13,8902,0.0014603459896652437
für,13,8902,0.0014603459896652437
schneidet,13,8902,0.0014603459896652437
sein,13,8902,0.0014603459896652437
teig,13,8902,0.0014603459896652437
salzwasser,13,8902,0.0014603459896652437
damit,13,8902,0.0014603459896652437
wäscht,12,8902,0.0013480116827679174
löffel,12,8902,0.0013480116827679174
seiten,12,8902,0.0013480116827679174
z,12,8902,0.0013480116827679174
viel,12,8902,0.0013480116827679174
stunden,12,8902,0.0013480116827679174
gemüse,12,8902,0.0013480116827679174
halb,12,8902,0.0013480116827679174
zusammen,12,8902,0.0013480116827679174
zimt,12,8902,0.0013480116827679174
knochen,11,8902,0.0012356773758705909
15,11,8902,0.0012356773758705909
beiden,11,8902,0.0012356773758705909
vorher,11,8902,0.0012356773758705909
im,11,8902,0.0012356773758705909
quirlt,11,8902,0.0012356773758705909
kochende,11,8902,0.0012356773758705909
vor,11,8902,0.0012356773758705909
gekochten,11,8902,0.0012356773758705909
geb,11,8902,0.0012356773758705909
fein,11,8902,0.0012356773758705909
grieß,11,8902,0.0012356773758705909
hinein,10,8902,0.0011233430689732643
^,10,8902,0.0011233430689732643
essen,10,8902,0.0011233430689732643
nimmt,10,8902,0.0011233430689732643
muß,10,8902,0.0011233430689732643
ganz,10,8902,0.0011233430689732643
aufkochen,10,8902,0.0011233430689732643
brät,10,8902,0.0011233430689732643
darauf,10,8902,0.0011233430689732643
einmal,10,8902,0.0011233430689732643
bouillonwürfel,10,8902,0.0011233430689732643
50,10,8902,0.0011233430689732643
tag,10,8902,0.0011233430689732643
i,10,8902,0.0011233430689732643
öl,9,8902,0.001011008762075938
heißes,9,8902,0.001011008762075938
saft,9,8902,0.001011008762075938
zutaten,9,8902,0.001011008762075938
6,9,8902,0.001011008762075938
brot,9,8902,0.001011008762075938
macht,9,8902,0.001011008762075938
streut,9,8902,0.001011008762075938
l,9,8902,0.001011008762075938
magermilch,9,8902,0.001011008762075938
kleine,9,8902,0.001011008762075938
geben,9,8902,0.001011008762075938
topf,9,8902,0.001011008762075938
kaltes,9,8902,0.001011008762075938
mau,9,8902,0.001011008762075938
schicht,8,8902,0.0008986744551786115
stück,8,8902,0.0008986744551786115
statt,8,8902,0.0008986744551786115
nudeln,8,8902,0.0008986744551786115
obst,8,8902,0.0008986744551786115
zentimeter,8,8902,0.0008986744551786115
brühe,8,8902,0.0008986744551786115
daß,8,8902,0.0008986744551786115
gekochte,8,8902,0.0008986744551786115
gerührt,8,8902,0.0008986744551786115
daran,8,8902,0.0008986744551786115
tage,8,8902,0.0008986744551786115
braten,8,8902,0.0008986744551786115
speck,8,8902,0.0008986744551786115
zur,8,8902,0.0008986744551786115
«,8,8902,0.0008986744551786115
kochendes,8,8902,0.0008986744551786115
ißt,8,8902,0.0008986744551786115
ge,8,8902,0.0008986744551786115
semmel,8,8902,0.0008986744551786115
uns,8,8902,0.0008986744551786115
petersilie,8,8902,0.0008986744551786115
bäckt,8,8902,0.0008986744551786115
paar,8,8902,0.0008986744551786115
schinken,8,8902,0.0008986744551786115
soße,8,8902,0.0008986744551786115
feuer,7,8902,0.0007863401482812851
geschnittenen,7,8902,0.0007863401482812851
geschält,7,8902,0.0007863401482812851
makkaroni,7,8902,0.0007863401482812851
vom,7,8902,0.0007863401482812851
zitronenschale,7,8902,0.0007863401482812851
darin,7,8902,0.0007863401482812851
0,7,8902,0.0007863401482812851
besten,7,8902,0.0007863401482812851
fest,7,8902,0.0007863401482812851
würze,7,8902,0.0007863401482812851
diese,7,8902,0.0007863401482812851
abend,7,8902,0.0007863401482812851
bohnen,7,8902,0.0007863401482812851
fisch,7,8902,0.0007863401482812851
geschnittene,7,8902,0.0007863401482812851
form,7,8902,0.0007863401482812851
hefe,7,8902,0.0007863401482812851
5,7,8902,0.0007863401482812851
vz,7,8902,0.0007863401482812851
buttermilch,7,8902,0.0007863401482812851
gequirlte,7,8902,0.0007863401482812851
käse,7,8902,0.0007863401482812851
sahne,6,8902,0.0006740058413839587
nächsten,6,8902,0.0006740058413839587
wirsing,6,8902,0.0006740058413839587
eß,6,8902,0.0006740058413839587
ort,6,8902,0.0006740058413839587
suppengrün,6,8902,0.0006740058413839587
klöße,6,8902,0.0006740058413839587
geschmack,6,8902,0.0006740058413839587
nur,6,8902,0.0006740058413839587
wieder,6,8902,0.0006740058413839587
erbsen,6,8902,0.0006740058413839587
zugedeckt,6,8902,0.0006740058413839587
aber,6,8902,0.0006740058413839587
braucht,6,8902,0.0006740058413839587
schält,6,8902,0.0006740058413839587
ent,6,8902,0.0006740058413839587
dieses,6,8902,0.0006740058413839587
knetet,6,8902,0.0006740058413839587
entfernt,6,8902,0.0006740058413839587
sämig,6,8902,0.0006740058413839587
bestreut,6,8902,0.0006740058413839587
schüttet,6,8902,0.0006740058413839587
25,6,8902,0.0006740058413839587
heiß,6,8902,0.0006740058413839587
einige,6,8902,0.0006740058413839587
brei,6,8902,0.0006740058413839587
warm,6,8902,0.0006740058413839587
über,6,8902,0.0006740058413839587
v«,6,8902,0.0006740058413839587
nian,6,8902,0.0006740058413839587
angesetzt,6,8902,0.0006740058413839587
rindfleisch,6,8902,0.0006740058413839587
kopf,5,8902,0.0005616715344866322
siedendem,5,8902,0.0005616715344866322
salat,5,8902,0.0005616715344866322
einweichwasser,5,8902,0.0005616715344866322
beeren,5,8902,0.0005616715344866322
gotha,5,8902,0.0005616715344866322
kaffee,5,8902,0.0005616715344866322
gehen,5,8902,0.0005616715344866322
warmen,5,8902,0.0005616715344866322
möhren,5,8902,0.0005616715344866322
kirschen,5,8902,0.0005616715344866322
heringe,5,8902,0.0005616715344866322
heraus,5,8902,0.0005616715344866322
immer,5,8902,0.0005616715344866322
gewiegte,5,8902,0.0005616715344866322
jede,5,8902,0.0005616715344866322
spinat,5,8902,0.0005616715344866322
soviel,5,8902,0.0005616715344866322
schön,5,8902,0.0005616715344866322
nnt,5,8902,0.0005616715344866322
kartoffel,5,8902,0.0005616715344866322
heißem,5,8902,0.0005616715344866322
sauber,5,8902,0.0005616715344866322
tut,5,8902,0.0005616715344866322
zerlassene,5,8902,0.0005616715344866322
um,5,8902,0.0005616715344866322
lochen,5,8902,0.0005616715344866322
gewaschen,5,8902,0.0005616715344866322
pfuud,5,8902,0.0005616715344866322
8,5,8902,0.0005616715344866322
tropfen,5,8902,0.0005616715344866322
pfd,5,8902,0.0005616715344866322
pfanne,5,8902,0.0005616715344866322
hafergrütze,5,8902,0.0005616715344866322
darüber,5,8902,0.0005616715344866322
würfel,5,8902,0.0005616715344866322
gequirlt,5,8902,0.0005616715344866322
ziehen,5,8902,0.0005616715344866322
gegossen,5,8902,0.0005616715344866322
jedem,5,8902,0.0005616715344866322
art,5,8902,0.0005616715344866322
gute,5,8902,0.0005616715344866322
schnell,5,8902,0.0005616715344866322
prise,5,8902,0.0005616715344866322
gelee,5,8902,0.0005616715344866322
daun,5,8902,0.0005616715344866322
alle,5,8902,0.0005616715344866322
mehr,5,8902,0.0005616715344866322
erhält,5,8902,0.0005616715344866322
kar,5,8902,0.0005616715344866322
24,5,8902,0.0005616715344866322
dick,4,8902,0.00044933722758930576
bei,4,8902,0.00044933722758930576
zitronen,4,8902,0.00044933722758930576
messerspitze,4,8902,0.00044933722758930576
senf,4,8902,0.00044933722758930576
vi,4,8902,0.00044933722758930576
wiegt,4,8902,0.00044933722758930576
nun,4,8902,0.00044933722758930576
zncker,4,8902,0.00044933722758930576
jeder,4,8902,0.00044933722758930576
johannisbeeren,4,8902,0.00044933722758930576
beständigem,4,8902,0.00044933722758930576
schweinsohr,4,8902,0.00044933722758930576
g,4,8902,0.00044933722758930576
frisches,4,8902,0.00044933722758930576
voll,4,8902,0.00044933722758930576
übrigen,4,8902,0.00044933722758930576
formt,4,8902,0.00044933722758930576
himbeeren,4,8902,0.00044933722758930576
kohl,4,8902,0.00044933722758930576
lage,4,8902,0.00044933722758930576
„,4,8902,0.00044933722758930576
mehlschwitze,4,8902,0.00044933722758930576
dicklich,4,8902,0.00044933722758930576
20,4,8902,0.00044933722758930576
kochbeutel,4,8902,0.00044933722758930576
nacht,4,8902,0.00044933722758930576
toffelmehl,4,8902,0.00044933722758930576
nnd,4,8902,0.00044933722758930576
stückchen,4,8902,0.00044933722758930576
fortwährendem,4,8902,0.00044933722758930576
schnei,4,8902,0.00044933722758930576
reich,4,8902,0.00044933722758930576
graupen,4,8902,0.00044933722758930576
det,4,8902,0.00044933722758930576
schmoren,4,8902,0.00044933722758930576
heißen,4,8902,0.00044933722758930576
suppen,4,8902,0.00044933722758930576
heißer,4,8902,0.00044933722758930576
verlesen,4,8902,0.00044933722758930576
klein,4,8902,0.00044933722758930576
wohl,4,8902,0.00044933722758930576
als,4,8902,0.00044933722758930576
blätter,4,8902,0.00044933722758930576
sonst,4,8902,0.00044933722758930576
vermischt,4,8902,0.00044933722758930576
sauerkraut,4,8902,0.00044933722758930576
zeit,4,8902,0.00044933722758930576
erbswurst,4,8902,0.00044933722758930576
saure,4,8902,0.00044933722758930576
kümmel,4,8902,0.00044933722758930576
1v,4,8902,0.00044933722758930576
dieser,4,8902,0.00044933722758930576
vanille,4,8902,0.00044933722758930576
ohne,4,8902,0.00044933722758930576
oben,4,8902,0.00044933722758930576
kommen,4,8902,0.00044933722758930576
machen,4,8902,0.00044933722758930576
geriebener,4,8902,0.00044933722758930576
abgegossen,4,8902,0.00044933722758930576
zitrone,4,8902,0.00044933722758930576
auskochen,4,8902,0.00044933722758930576
tee,4,8902,0.00044933722758930576
blumenkohl,3,8902,0.00033700292069197934
geschüttet,3,8902,0.00033700292069197934
ans,3,8902,0.00033700292069197934
gehäuften,3,8902,0.00033700292069197934
kohlrüben,3,8902,0.00033700292069197934
mus,3,8902,0.00033700292069197934
lassen,3,8902,0.00033700292069197934
klopft,3,8902,0.00033700292069197934
rechnet,3,8902,0.00033700292069197934
flüssigkeit,3,8902,0.00033700292069197934
saurer,3,8902,0.00033700292069197934
tasse,3,8902,0.00033700292069197934
streicht,3,8902,0.00033700292069197934
lauwarm,3,8902,0.00033700292069197934
jedes,3,8902,0.00033700292069197934
pfefferkörner,3,8902,0.00033700292069197934
2^,3,8902,0.00033700292069197934
gerinnt,3,8902,0.00033700292069197934
durcheinander,3,8902,0.00033700292069197934
herstellen,3,8902,0.00033700292069197934
doch,3,8902,0.00033700292069197934
kohlrabi,3,8902,0.00033700292069197934
100,3,8902,0.00033700292069197934
feine,3,8902,0.00033700292069197934
boden,3,8902,0.00033700292069197934
diesem,3,8902,0.00033700292069197934
fast,3,8902,0.00033700292069197934
ehe,3,8902,0.00033700292069197934
müssen,3,8902,0.00033700292069197934
gericht,3,8902,0.00033700292069197934
abgeriebene,3,8902,0.00033700292069197934
dies,3,8902,0.00033700292069197934
vs,3,8902,0.00033700292069197934
butterstückchen,3,8902,0.00033700292069197934
blüten,3,8902,0.00033700292069197934
schüssel,3,8902,0.00033700292069197934
demselben,3,8902,0.00033700292069197934
eßl,3,8902,0.00033700292069197934
v2,3,8902,0.00033700292069197934
backen,3,8902,0.00033700292069197934
schmeckt,3,8902,0.00033700292069197934
erkaltet,3,8902,0.00033700292069197934
sago,3,8902,0.00033700292069197934
flammeri,3,8902,0.00033700292069197934
grünes,3,8902,0.00033700292069197934
schweinefleisch,3,8902,0.00033700292069197934
pf,3,8902,0.00033700292069197934
7,3,8902,0.00033700292069197934
speisen,3,8902,0.00033700292069197934
buchweizengrütze,3,8902,0.00033700292069197934
genäßte,3,8902,0.00033700292069197934
kakao,3,8902,0.00033700292069197934
geschälte,3,8902,0.00033700292069197934
backobst,3,8902,0.00033700292069197934
wässert,3,8902,0.00033700292069197934
v4,3,8902,0.00033700292069197934
lit,3,8902,0.00033700292069197934
geworden,3,8902,0.00033700292069197934
eier,3,8902,0.00033700292069197934
mandeln,3,8902,0.00033700292069197934
will,3,8902,0.00033700292069197934
lorbeerblatt,3,8902,0.00033700292069197934
tüchtig,3,8902,0.00033700292069197934
sv,3,8902,0.00033700292069197934
linsen,3,8902,0.00033700292069197934
unfern,3,8902,0.00033700292069197934
hagebuttentee,3,8902,0.00033700292069197934
eingeweicht,3,8902,0.00033700292069197934
40,3,8902,0.00033700292069197934
einer,3,8902,0.00033700292069197934
abends,3,8902,0.00033700292069197934
hering,3,8902,0.00033700292069197934
können,3,8902,0.00033700292069197934
rohe,3,8902,0.00033700292069197934
bouillon,3,8902,0.00033700292069197934
hoch,3,8902,0.00033700292069197934
gerieben,3,8902,0.00033700292069197934
lunge,3,8902,0.00033700292069197934
deutsche,3,8902,0.00033700292069197934
reicht,3,8902,0.00033700292069197934
kommt,3,8902,0.00033700292069197934
nehmen,3,8902,0.00033700292069197934
segeltuch,3,8902,0.00033700292069197934
erst,3,8902,0.00033700292069197934
nelken,3,8902,0.00033700292069197934
danach,3,8902,0.00033700292069197934
weiter,3,8902,0.00033700292069197934
holzwolle,3,8902,0.00033700292069197934
morgen,3,8902,0.00033700292069197934
gelocht,3,8902,0.00033700292069197934
backpulver,3,8902,0.00033700292069197934
große,3,8902,0.00033700292069197934
lange,3,8902,0.00033700292069197934
küche,3,8902,0.00033700292069197934
schnee,3,8902,0.00033700292069197934
male,3,8902,0.00033700292069197934
reichlich,3,8902,0.00033700292069197934
gebratenen,3,8902,0.00033700292069197934
kerne,3,8902,0.00033700292069197934
gebacken,3,8902,0.00033700292069197934
pfannkuchen,3,8902,0.00033700292069197934
>,3,8902,0.00033700292069197934
auchen,3,8902,0.00033700292069197934
rohen,3,8902,0.00033700292069197934
gegessen,3,8902,0.00033700292069197934
ii,3,8902,0.00033700292069197934
blech,3,8902,0.00033700292069197934
sorgfältig,3,8902,0.00033700292069197934
kleinen,3,8902,0.00033700292069197934
pflanzenbutter,3,8902,0.00033700292069197934
denn,3,8902,0.00033700292069197934
teller,3,8902,0.00033700292069197934
herz,3,8902,0.00033700292069197934
k,3,8902,0.00033700292069197934
200,3,8902,0.00033700292069197934
fernt,3,8902,0.00033700292069197934
kuchen,3,8902,0.00033700292069197934
rotkohl,3,8902,0.00033700292069197934
aartoffeln,3,8902,0.00033700292069197934
gehören,3,8902,0.00033700292069197934
zuerst,3,8902,0.00033700292069197934
verrührt,3,8902,0.00033700292069197934
deckel,3,8902,0.00033700292069197934
a,3,8902,0.00033700292069197934
mittagessen,2,8902,0.00022466861379465288
eiergraupen,2,8902,0.00022466861379465288
selbst,2,8902,0.00022466861379465288
geputzte,2,8902,0.00022466861379465288
verlag,2,8902,0.00022466861379465288
nötig,2,8902,0.00022466861379465288
mann,2,8902,0.00022466861379465288
menge,2,8902,0.00022466861379465288
süße,2,8902,0.00022466861379465288
gebrüht,2,8902,0.00022466861379465288
zweck,2,8902,0.00022466861379465288
weil,2,8902,0.00022466861379465288
dämpfen,2,8902,0.00022466861379465288
salzheringe,2,8902,0.00022466861379465288
weicht,2,8902,0.00022466861379465288
che,2,8902,0.00022466861379465288
apfelmus,2,8902,0.00022466861379465288
frau,2,8902,0.00022466861379465288
großer,2,8902,0.00022466861379465288
vii,2,8902,0.00022466861379465288
gehacktes,2,8902,0.00022466861379465288
3v,2,8902,0.00022466861379465288
suppenwürfel,2,8902,0.00022466861379465288
ansetzt,2,8902,0.00022466861379465288
pappen,2,8902,0.00022466861379465288
sobald,2,8902,0.00022466861379465288
klopse,2,8902,0.00022466861379465288
hausfrau,2,8902,0.00022466861379465288
blatt,2,8902,0.00022466861379465288
gurken,2,8902,0.00022466861379465288
dcr,2,8902,0.00022466861379465288
lasse,2,8902,0.00022466861379465288
eiern,2,8902,0.00022466861379465288
öfterem,2,8902,0.00022466861379465288
gertrud,2,8902,0.00022466861379465288
bier,2,8902,0.00022466861379465288
fertigen,2,8902,0.00022466861379465288
kalb,2,8902,0.00022466861379465288
genau,2,8902,0.00022466861379465288
erbsensuppe,2,8902,0.00022466861379465288
rezepten,2,8902,0.00022466861379465288
schwein,2,8902,0.00022466861379465288
anweisung,2,8902,0.00022466861379465288
zwei,2,8902,0.00022466861379465288
tassen,2,8902,0.00022466861379465288
dreht,2,8902,0.00022466861379465288
axfelspeise,2,8902,0.00022466861379465288
kochbuch,2,8902,0.00022466861379465288
geriebenen,2,8902,0.00022466861379465288
tuch,2,8902,0.00022466861379465288
haferflocken,2,8902,0.00022466861379465288
schaumig,2,8902,0.00022466861379465288
lleine,2,8902,0.00022466861379465288
nahrhaft,2,8902,0.00022466861379465288
hirse,2,8902,0.00022466861379465288
stürzt,2,8902,0.00022466861379465288
paul,2,8902,0.00022466861379465288
iv,2,8902,0.00022466861379465288
person,2,8902,0.00022466861379465288
kräftigen,2,8902,0.00022466861379465288
äer,2,8902,0.00022466861379465288
umrühren,2,8902,0.00022466861379465288
mischt,2,8902,0.00022466861379465288
12,2,8902,0.00022466861379465288
1t,2,8902,0.00022466861379465288
ich,2,8902,0.00022466861379465288
zubereitet,2,8902,0.00022466861379465288
zichorie,2,8902,0.00022466861379465288
näht,2,8902,0.00022466861379465288
35,2,8902,0.00022466861379465288
was,2,8902,0.00022466861379465288
indem,2,8902,0.00022466861379465288
weichen,2,8902,0.00022466861379465288
streifen,2,8902,0.00022466861379465288
viii,2,8902,0.00022466861379465288
gerade,2,8902,0.00022466861379465288
aartoffelklöße,2,8902,0.00022466861379465288
umgerührt,2,8902,0.00022466861379465288
weizenmehl,2,8902,0.00022466861379465288
fischgerichte,2,8902,0.00022466861379465288
stets,2,8902,0.00022466861379465288
begießen,2,8902,0.00022466861379465288
großen,2,8902,0.00022466861379465288
tops,2,8902,0.00022466861379465288
jedesmal,2,8902,0.00022466861379465288
daraus,2,8902,0.00022466861379465288
andern,2,8902,0.00022466861379465288
brauner,2,8902,0.00022466861379465288
verhelfen,2,8902,0.00022466861379465288
formen,2,8902,0.00022466861379465288
nnter,2,8902,0.00022466861379465288
nachdem,2,8902,0.00022466861379465288
paßt,2,8902,0.00022466861379465288
lauwarmer,2,8902,0.00022466861379465288
altes,2,8902,0.00022466861379465288
28,2,8902,0.00022466861379465288
herdstelle,2,8902,0.00022466861379465288
j,2,8902,0.00022466861379465288
19,2,8902,0.00022466861379465288
schokolade,2,8902,0.00022466861379465288
verbesserte,2,8902,0.00022466861379465288
drückt,2,8902,0.00022466861379465288
angerührt,2,8902,0.00022466861379465288
zerkochen,2,8902,0.00022466861379465288
seite,2,8902,0.00022466861379465288
gelatine,2,8902,0.00022466861379465288
rind,2,8902,0.00022466861379465288
rote,2,8902,0.00022466861379465288
rollt,2,8902,0.00022466861379465288
getränke,2,8902,0.00022466861379465288
gekochtem,2,8902,0.00022466861379465288
kinder,2,8902,0.00022466861379465288
abgeschnitten,2,8902,0.00022466861379465288
zugebunden,2,8902,0.00022466861379465288
zweite,2,8902,0.00022466861379465288
hitze,2,8902,0.00022466861379465288
kurz,2,8902,0.00022466861379465288
drei,2,8902,0.00022466861379465288
hand,2,8902,0.00022466861379465288
kaltein,2,8902,0.00022466861379465288
zerlassener,2,8902,0.00022466861379465288
is,2,8902,0.00022466861379465288
h,2,8902,0.00022466861379465288
volks,2,8902,0.00022466861379465288
ungefähr,2,8902,0.00022466861379465288
zwetschen,2,8902,0.00022466861379465288
ix,2,8902,0.00022466861379465288
lauwarme,2,8902,0.00022466861379465288
richtet,2,8902,0.00022466861379465288
trocknet,2,8902,0.00022466861379465288
ofen,2,8902,0.00022466861379465288
eigelbe,2,8902,0.00022466861379465288
gelb,2,8902,0.00022466861379465288
gewässert,2,8902,0.00022466861379465288
rückt,2,8902,0.00022466861379465288
marmeladen,2,8902,0.00022466861379465288
runde,2,8902,0.00022466861379465288
<,2,8902,0.00022466861379465288
stehen,2,8902,0.00022466861379465288
gebäck,2,8902,0.00022466861379465288
ablaufen,2,8902,0.00022466861379465288
durchgeschnitten,2,8902,0.00022466861379465288
erbswurstmasse,2,8902,0.00022466861379465288
geschmierte,2,8902,0.00022466861379465288
erste,2,8902,0.00022466861379465288
grütze,2,8902,0.00022466861379465288
ausprobierten,2,8902,0.00022466861379465288
klares,2,8902,0.00022466861379465288
trockenen,2,8902,0.00022466861379465288
ebenfalls,2,8902,0.00022466861379465288
je,2,8902,0.00022466861379465288
dünne,2,8902,0.00022466861379465288
vorsichtig,2,8902,0.00022466861379465288
schellfisch,2,8902,0.00022466861379465288
kraut,2,8902,0.00022466861379465288
30,2,8902,0.00022466861379465288
hergestellt,2,8902,0.00022466861379465288
ausquellen,2,8902,0.00022466861379465288
füllt,2,8902,0.00022466861379465288
dein,2,8902,0.00022466861379465288
legen,2,8902,0.00022466861379465288
paarmal,2,8902,0.00022466861379465288
des,2,8902,0.00022466861379465288
bleiben,2,8902,0.00022466861379465288
vollendet,2,8902,0.00022466861379465288
geschälten,2,8902,0.00022466861379465288
stiele,2,8902,0.00022466861379465288
75,2,8902,0.00022466861379465288
13,2,8902,0.00022466861379465288
personen,2,8902,0.00022466861379465288
1915,2,8902,0.00022466861379465288
darf,2,8902,0.00022466861379465288
ansetzen,2,8902,0.00022466861379465288
getan,2,8902,0.00022466861379465288
ernährung,2,8902,0.00022466861379465288
breiig,2,8902,0.00022466861379465288
hafermehl,2,8902,0.00022466861379465288
gurke,2,8902,0.00022466861379465288
31,2,8902,0.00022466861379465288
fertig,2,8902,0.00022466861379465288
liebe,2,8902,0.00022466861379465288
durchkochen,2,8902,0.00022466861379465288
pfefferminz,2,8902,0.00022466861379465288
da,2,8902,0.00022466861379465288
rudolph,2,8902,0.00022466861379465288
grünkohl,2,8902,0.00022466861379465288
gefüllt,2,8902,0.00022466861379465288
breit,2,8902,0.00022466861379465288
kochendem,2,8902,0.00022466861379465288
wassersuppe,2,8902,0.00022466861379465288
dessen,2,8902,0.00022466861379465288
fischwasser,2,8902,0.00022466861379465288
abgekocht,2,8902,0.00022466861379465288
leber,2,8902,0.00022466861379465288
beutel,2,8902,0.00022466861379465288
härtung,2,8902,0.00022466861379465288
grüne,2,8902,0.00022466861379465288
davon,2,8902,0.00022466861379465288
reibt,2,8902,0.00022466861379465288
apfel,2,8902,0.00022466861379465288
nudelsuppe,2,8902,0.00022466861379465288
mondamin,2,8902,0.00022466861379465288
iii,2,8902,0.00022466861379465288
?,2,8902,0.00022466861379465288
beides,2,8902,0.00022466861379465288
jetzt,2,8902,0.00022466861379465288
70,2,8902,0.00022466861379465288
schlägt,2,8902,0.00022466861379465288
möglichst,2,8902,0.00022466861379465288
eiue,2,8902,0.00022466861379465288
gläser,2,8902,0.00022466861379465288
geschabt,2,8902,0.00022466861379465288
be,2,8902,0.00022466861379465288
belieben,2,8902,0.00022466861379465288
kauft,2,8902,0.00022466861379465288
bedeckt,2,8902,0.00022466861379465288
warmem,2,8902,0.00022466861379465288
marmelade,2,8902,0.00022466861379465288
anbrennt,2,8902,0.00022466861379465288
körner,2,8902,0.00022466861379465288
billigen,2,8902,0.00022466861379465288
uus,2,8902,0.00022466861379465288
haushalt,2,8902,0.00022466861379465288
iso,2,8902,0.00022466861379465288
tun,2,8902,0.00022466861379465288
bereitet,2,8902,0.00022466861379465288
pflaumen,2,8902,0.00022466861379465288
rezepte,2,8902,0.00022466861379465288
illustriert,2,8902,0.00022466861379465288
morgens,2,8902,0.00022466861379465288
schmort,2,8902,0.00022466861379465288
bringt,2,8902,0.00022466861379465288
dreimal,2,8902,0.00022466861379465288
ja,2,8902,0.00022466861379465288
stielen,2,8902,0.00022466861379465288
unten,2,8902,0.00022466861379465288
illustr,2,8902,0.00022466861379465288
gehäufter,2,8902,0.00022466861379465288
t,2,8902,0.00022466861379465288
leicht,2,8902,0.00022466861379465288
töpfchen,1,8902,0.00011233430689732644
sügt,1,8902,0.00011233430689732644
semmelkrumen,1,8902,0.00011233430689732644
mäßer,1,8902,0.00011233430689732644
zitronenscheiben,1,8902,0.00011233430689732644
satze,1,8902,0.00011233430689732644
5v,1,8902,0.00011233430689732644
uleiszkohl,1,8902,0.00011233430689732644
bratkartoffeln,1,8902,0.00011233430689732644
kochender,1,8902,0.00011233430689732644
vt,1,8902,0.00011233430689732644
kriegökochbuch,1,8902,0.00011233430689732644
psefferkraut,1,8902,0.00011233430689732644
gesliigelsuppe,1,8902,0.00011233430689732644
zufuhr,1,8902,0.00011233430689732644
brauchen,1,8902,0.00011233430689732644
ten,1,8902,0.00011233430689732644
izuark,1,8902,0.00011233430689732644
bestreicht,1,8902,0.00011233430689732644
kaldaunen,1,8902,0.00011233430689732644
zubereiten,1,8902,0.00011233430689732644
22,1,8902,0.00011233430689732644
berechnet,1,8902,0.00011233430689732644
falle,1,8902,0.00011233430689732644
heute,1,8902,0.00011233430689732644
erbsengroßes,1,8902,0.00011233430689732644
dannt,1,8902,0.00011233430689732644
angegebene,1,8902,0.00011233430689732644
27,1,8902,0.00011233430689732644
aalbs,1,8902,0.00011233430689732644
geschieht,1,8902,0.00011233430689732644
knapp,1,8902,0.00011233430689732644
enthäutet,1,8902,0.00011233430689732644
hnnbeerinarmelade,1,8902,0.00011233430689732644
lv,1,8902,0.00011233430689732644
hackbraten,1,8902,0.00011233430689732644
16,1,8902,0.00011233430689732644
klarer,1,8902,0.00011233430689732644
mir,1,8902,0.00011233430689732644
zeiten,1,8902,0.00011233430689732644
gauz,1,8902,0.00011233430689732644
hungern,1,8902,0.00011233430689732644
brotform,1,8902,0.00011233430689732644
hinzngesügt,1,8902,0.00011233430689732644
80,1,8902,0.00011233430689732644
stark,1,8902,0.00011233430689732644
nutzen,1,8902,0.00011233430689732644
?auz,1,8902,0.00011233430689732644
eszt,1,8902,0.00011233430689732644
noggenmehl,1,8902,0.00011233430689732644
schnur,1,8902,0.00011233430689732644
oceaö,1,8902,0.00011233430689732644
rezept,1,8902,0.00011233430689732644
kloß,1,8902,0.00011233430689732644
mengt,1,8902,0.00011233430689732644
billig,1,8902,0.00011233430689732644
vorzüglicher,1,8902,0.00011233430689732644
gebrochene,1,8902,0.00011233430689732644
nötigen,1,8902,0.00011233430689732644
häufigem,1,8902,0.00011233430689732644
melbau,1,8902,0.00011233430689732644
literwasser,1,8902,0.00011233430689732644
schnittener,1,8902,0.00011233430689732644
mutter,1,8902,0.00011233430689732644
abgestreift,1,8902,0.00011233430689732644
mäßig,1,8902,0.00011233430689732644
5>riegskochbuch,1,8902,0.00011233430689732644
mitt,1,8902,0.00011233430689732644
schwachem,1,8902,0.00011233430689732644
vrels,1,8902,0.00011233430689732644
zwischen,1,8902,0.00011233430689732644
eiweißen,1,8902,0.00011233430689732644
gersteusuppe,1,8902,0.00011233430689732644
nie,1,8902,0.00011233430689732644
herauskriechen,1,8902,0.00011233430689732644
vare,1,8902,0.00011233430689732644
zischküche,1,8902,0.00011233430689732644
gemacht,1,8902,0.00011233430689732644
haut,1,8902,0.00011233430689732644
alelban,1,8902,0.00011233430689732644
pseffer,1,8902,0.00011233430689732644
semmelwürfel,1,8902,0.00011233430689732644
molton,1,8902,0.00011233430689732644
friedrich,1,8902,0.00011233430689732644
schnellküche,1,8902,0.00011233430689732644
begießt,1,8902,0.00011233430689732644
obstkaltschale,1,8902,0.00011233430689732644
kochtes,1,8902,0.00011233430689732644
ausgestrichene,1,8902,0.00011233430689732644
behält,1,8902,0.00011233430689732644
120,1,8902,0.00011233430689732644
koteletts,1,8902,0.00011233430689732644
sparsam,1,8902,0.00011233430689732644
hause,1,8902,0.00011233430689732644
seid,1,8902,0.00011233430689732644
fchmack,1,8902,0.00011233430689732644
gequirltem,1,8902,0.00011233430689732644
zerrührt,1,8902,0.00011233430689732644
ben,1,8902,0.00011233430689732644
zervelatwurst,1,8902,0.00011233430689732644
folgenden,1,8902,0.00011233430689732644
deu,1,8902,0.00011233430689732644
behandlung,1,8902,0.00011233430689732644
1460,1,8902,0.00011233430689732644
aktiengesellschaft,1,8902,0.00011233430689732644
gerührtes,1,8902,0.00011233430689732644
mandel,1,8902,0.00011233430689732644
8v,1,8902,0.00011233430689732644
backform,1,8902,0.00011233430689732644
ihrem,1,8902,0.00011233430689732644
brotsuppe,1,8902,0.00011233430689732644
7^,1,8902,0.00011233430689732644
verrühren,1,8902,0.00011233430689732644
gebraten,1,8902,0.00011233430689732644
umdrehen,1,8902,0.00011233430689732644
übrige,1,8902,0.00011233430689732644
dabei,1,8902,0.00011233430689732644
schneide,1,8902,0.00011233430689732644
nachgießt,1,8902,0.00011233430689732644
sommer,1,8902,0.00011233430689732644
wellt,1,8902,0.00011233430689732644
hals,1,8902,0.00011233430689732644
kaldaurien,1,8902,0.00011233430689732644
perthes,1,8902,0.00011233430689732644
61,1,8902,0.00011233430689732644
lflanmenreis,1,8902,0.00011233430689732644
ashl,1,8902,0.00011233430689732644
hammelfleisch,1,8902,0.00011233430689732644
220,1,8902,0.00011233430689732644
gerstensuppe,1,8902,0.00011233430689732644
gestoßener,1,8902,0.00011233430689732644
blättern,1,8902,0.00011233430689732644
gewohn,1,8902,0.00011233430689732644
auslochen,1,8902,0.00011233430689732644
zurückkehren,1,8902,0.00011233430689732644
bon,1,8902,0.00011233430689732644
apfelkuchen,1,8902,0.00011233430689732644
felde,1,8902,0.00011233430689732644
starke,1,8902,0.00011233430689732644
gräupcheusuppe,1,8902,0.00011233430689732644
rhabarbersujijie,1,8902,0.00011233430689732644
heißt,1,8902,0.00011233430689732644
ötkersches,1,8902,0.00011233430689732644
acrninchenxfeffcr,1,8902,0.00011233430689732644
steppt,1,8902,0.00011233430689732644
stachel,1,8902,0.00011233430689732644
rosinen,1,8902,0.00011233430689732644
locker,1,8902,0.00011233430689732644
war,1,8902,0.00011233430689732644
genommen,1,8902,0.00011233430689732644
zeitungs,1,8902,0.00011233430689732644
vf,1,8902,0.00011233430689732644
schmeckend,1,8902,0.00011233430689732644
sollen,1,8902,0.00011233430689732644
stärkemehl,1,8902,0.00011233430689732644
gerinnen,1,8902,0.00011233430689732644
lockeren,1,8902,0.00011233430689732644
normalen,1,8902,0.00011233430689732644
zerreißt,1,8902,0.00011233430689732644
kops,1,8902,0.00011233430689732644
fürchten,1,8902,0.00011233430689732644
bräunlich,1,8902,0.00011233430689732644
kriegsge,1,8902,0.00011233430689732644
quillt,1,8902,0.00011233430689732644
falläpfel,1,8902,0.00011233430689732644
gnrken,1,8902,0.00011233430689732644
heit,1,8902,0.00011233430689732644
ganzes,1,8902,0.00011233430689732644
kalte,1,8902,0.00011233430689732644
anrbis,1,8902,0.00011233430689732644
gewinnt,1,8902,0.00011233430689732644
schwarze,1,8902,0.00011233430689732644
schei,1,8902,0.00011233430689732644
herdplatte,1,8902,0.00011233430689732644
illustriertes,1,8902,0.00011233430689732644
befreit,1,8902,0.00011233430689732644
kraftmehl,1,8902,0.00011233430689732644
vanilleuzncker,1,8902,0.00011233430689732644
schmackhafter,1,8902,0.00011233430689732644
350,1,8902,0.00011233430689732644
pfefferkörnern,1,8902,0.00011233430689732644
mittagbrot,1,8902,0.00011233430689732644
wandern,1,8902,0.00011233430689732644
heringsmilch,1,8902,0.00011233430689732644
aste,1,8902,0.00011233430689732644
die?,1,8902,0.00011233430689732644
v?,1,8902,0.00011233430689732644
aartsffelsxeise,1,8902,0.00011233430689732644
haniiuel,1,8902,0.00011233430689732644
sticht,1,8902,0.00011233430689732644
umwenden,1,8902,0.00011233430689732644
talt,1,8902,0.00011233430689732644
seingeschnit,1,8902,0.00011233430689732644
aünnnel,1,8902,0.00011233430689732644
senfsosze,1,8902,0.00011233430689732644
400,1,8902,0.00011233430689732644
hänfigem,1,8902,0.00011233430689732644
anzahl,1,8902,0.00011233430689732644
eingeschlagen,1,8902,0.00011233430689732644
find,1,8902,0.00011233430689732644
zzuarktuchen,1,8902,0.00011233430689732644
auflösen,1,8902,0.00011233430689732644
junggesellenkochbuch,1,8902,0.00011233430689732644
nuten,1,8902,0.00011233430689732644
26,1,8902,0.00011233430689732644
gefähr,1,8902,0.00011233430689732644
zeigt,1,8902,0.00011233430689732644
bestrichenen,1,8902,0.00011233430689732644
otto,1,8902,0.00011233430689732644
verarbeitet,1,8902,0.00011233430689732644
znm,1,8902,0.00011233430689732644
gern,1,8902,0.00011233430689732644
fleischhammer,1,8902,0.00011233430689732644
äußerst,1,8902,0.00011233430689732644
festem,1,8902,0.00011233430689732644
morgen?,1,8902,0.00011233430689732644
nötige,1,8902,0.00011233430689732644
kartosfelküche,1,8902,0.00011233430689732644
löst,1,8902,0.00011233430689732644
semniel,1,8902,0.00011233430689732644
psund,1,8902,0.00011233430689732644
muskat,1,8902,0.00011233430689732644
psuud,1,8902,0.00011233430689732644
verbünde,1,8902,0.00011233430689732644
aartoffelmehl,1,8902,0.00011233430689732644
sefenklötze,1,8902,0.00011233430689732644
wirtschaft,1,8902,0.00011233430689732644
steifer,1,8902,0.00011233430689732644
hafer,1,8902,0.00011233430689732644
154,1,8902,0.00011233430689732644
ewas,1,8902,0.00011233430689732644
pfcfscrkrant,1,8902,0.00011233430689732644
auslage,1,8902,0.00011233430689732644
dicklichen,1,8902,0.00011233430689732644
eßössel,1,8902,0.00011233430689732644
frei,1,8902,0.00011233430689732644
fingerlange,1,8902,0.00011233430689732644
offen,1,8902,0.00011233430689732644
aartosselsuppe,1,8902,0.00011233430689732644
köpfchen,1,8902,0.00011233430689732644
nus,1,8902,0.00011233430689732644
farbe,1,8902,0.00011233430689732644
düune,1,8902,0.00011233430689732644
zeigen,1,8902,0.00011233430689732644
flach,1,8902,0.00011233430689732644
aufgekocht,1,8902,0.00011233430689732644
ävfel,1,8902,0.00011233430689732644
meine,1,8902,0.00011233430689732644
14,1,8902,0.00011233430689732644
dickliche,1,8902,0.00011233430689732644
tue,1,8902,0.00011233430689732644
heringskloxs,1,8902,0.00011233430689732644
aaninchenbraten,1,8902,0.00011233430689732644
möglich,1,8902,0.00011233430689732644
fang,1,8902,0.00011233430689732644
ihm,1,8902,0.00011233430689732644
feinen,1,8902,0.00011233430689732644
tene,1,8902,0.00011233430689732644
vollends,1,8902,0.00011233430689732644
tassenkopf,1,8902,0.00011233430689732644
durchgearbeitet,1,8902,0.00011233430689732644
tees,1,8902,0.00011233430689732644
einweichen,1,8902,0.00011233430689732644
neues,1,8902,0.00011233430689732644
kirche,1,8902,0.00011233430689732644
sest,1,8902,0.00011233430689732644
it,1,8902,0.00011233430689732644
sorint,1,8902,0.00011233430689732644
airschsuxxe,1,8902,0.00011233430689732644
tun?,1,8902,0.00011233430689732644
ihr,1,8902,0.00011233430689732644
vg,1,8902,0.00011233430689732644
dauert,1,8902,0.00011233430689732644
gewiegt,1,8902,0.00011233430689732644
anmachen,1,8902,0.00011233430689732644
griesz,1,8902,0.00011233430689732644
anscheinend,1,8902,0.00011233430689732644
zudeckt,1,8902,0.00011233430689732644
kartoffelniehl,1,8902,0.00011233430689732644
aakao,1,8902,0.00011233430689732644
schweren,1,8902,0.00011233430689732644
frucht,1,8902,0.00011233430689732644
ziehe,1,8902,0.00011233430689732644
cakeläekoration,1,8902,0.00011233430689732644
liegen,1,8902,0.00011233430689732644
hoflieferant,1,8902,0.00011233430689732644
iohanni,1,8902,0.00011233430689732644
ausland,1,8902,0.00011233430689732644
werde,1,8902,0.00011233430689732644
geriebeu,1,8902,0.00011233430689732644
grüukerusuppe,1,8902,0.00011233430689732644
täte,1,8902,0.00011233430689732644
gebrauch,1,8902,0.00011233430689732644
>nit,1,8902,0.00011233430689732644
kräftiges,1,8902,0.00011233430689732644
weile,1,8902,0.00011233430689732644
mehlsuppe,1,8902,0.00011233430689732644
45,1,8902,0.00011233430689732644
abschäumen,1,8902,0.00011233430689732644
praktische«,1,8902,0.00011233430689732644
gesetzt,1,8902,0.00011233430689732644
schabt,1,8902,0.00011233430689732644
gespickt,1,8902,0.00011233430689732644
aartoffelbrei,1,8902,0.00011233430689732644
getrockneten,1,8902,0.00011233430689732644
sorgsam,1,8902,0.00011233430689732644
entgrätet,1,8902,0.00011233430689732644
ganze,1,8902,0.00011233430689732644
setzen,1,8902,0.00011233430689732644
schiedenster,1,8902,0.00011233430689732644
vorhanden,1,8902,0.00011233430689732644
7r,1,8902,0.00011233430689732644
aller,1,8902,0.00011233430689732644
lt,1,8902,0.00011233430689732644
ausgerollten,1,8902,0.00011233430689732644
anfangen,1,8902,0.00011233430689732644
sichtig,1,8902,0.00011233430689732644
überzieht,1,8902,0.00011233430689732644
lisch,1,8902,0.00011233430689732644
z5ökex,1,8902,0.00011233430689732644
steckrüben,1,8902,0.00011233430689732644
erwärmte,1,8902,0.00011233430689732644
laufen,1,8902,0.00011233430689732644
getränk,1,8902,0.00011233430689732644
entsteint,1,8902,0.00011233430689732644
vorderbeine,1,8902,0.00011233430689732644
snppengrünes,1,8902,0.00011233430689732644
gieße,1,8902,0.00011233430689732644
bündel,1,8902,0.00011233430689732644
koaen,1,8902,0.00011233430689732644
schwache,1,8902,0.00011233430689732644
gebrochen,1,8902,0.00011233430689732644
si,1,8902,0.00011233430689732644
gabeln,1,8902,0.00011233430689732644
hammelgeschlinge,1,8902,0.00011233430689732644
zuckert,1,8902,0.00011233430689732644
backpflaumen,1,8902,0.00011233430689732644
oberste,1,8902,0.00011233430689732644
hängt,1,8902,0.00011233430689732644
bestrichen,1,8902,0.00011233430689732644
darum,1,8902,0.00011233430689732644
würmer,1,8902,0.00011233430689732644
geschnit,1,8902,0.00011233430689732644
asggenmehlsuxxe,1,8902,0.00011233430689732644
röschen,1,8902,0.00011233430689732644
denen,1,8902,0.00011233430689732644
unserer,1,8902,0.00011233430689732644
fastenküche,1,8902,0.00011233430689732644
verbindet,1,8902,0.00011233430689732644
mitnimmt,1,8902,0.00011233430689732644
jlflauinen,1,8902,0.00011233430689732644
besonders,1,8902,0.00011233430689732644
bratpfanne,1,8902,0.00011233430689732644
sammen,1,8902,0.00011233430689732644
äpfeln,1,8902,0.00011233430689732644
quirlte,1,8902,0.00011233430689732644
würstchen,1,8902,0.00011233430689732644
schließen,1,8902,0.00011233430689732644
salzt,1,8902,0.00011233430689732644
biegsam,1,8902,0.00011233430689732644
besser,1,8902,0.00011233430689732644
kühlen,1,8902,0.00011233430689732644
ausgedrückten,1,8902,0.00011233430689732644
hackt,1,8902,0.00011233430689732644
brann,1,8902,0.00011233430689732644
verbraucht,1,8902,0.00011233430689732644
gemüsesuppe,1,8902,0.00011233430689732644
23,1,8902,0.00011233430689732644
gefüllter,1,8902,0.00011233430689732644
feiner,1,8902,0.00011233430689732644
hafersuppe,1,8902,0.00011233430689732644
scharf,1,8902,0.00011233430689732644
fla,1,8902,0.00011233430689732644
fleißigem,1,8902,0.00011233430689732644
knappen,1,8902,0.00011233430689732644
teile,1,8902,0.00011233430689732644
uleisze,1,8902,0.00011233430689732644
ilpeilen,1,8902,0.00011233430689732644
überkocht,1,8902,0.00011233430689732644
würde,1,8902,0.00011233430689732644
sollte,1,8902,0.00011233430689732644
fflaumemnarmelade,1,8902,0.00011233430689732644
rinzeszkartoffeln,1,8902,0.00011233430689732644
stiften,1,8902,0.00011233430689732644
rock,1,8902,0.00011233430689732644
gräten,1,8902,0.00011233430689732644
nahrhaftes,1,8902,0.00011233430689732644
zenbutter,1,8902,0.00011233430689732644
dazuge,1,8902,0.00011233430689732644
äasfee,1,8902,0.00011233430689732644
monat,1,8902,0.00011233430689732644
falscher,1,8902,0.00011233430689732644
rapünzchen,1,8902,0.00011233430689732644
schichtet,1,8902,0.00011233430689732644
vsn,1,8902,0.00011233430689732644
ochsenherz,1,8902,0.00011233430689732644
breche,1,8902,0.00011233430689732644
reinigt,1,8902,0.00011233430689732644
gebackenes,1,8902,0.00011233430689732644
geplatzt,1,8902,0.00011233430689732644
vlck,1,8902,0.00011233430689732644
gestreift,1,8902,0.00011233430689732644
mitschwestern,1,8902,0.00011233430689732644
dadurch,1,8902,0.00011233430689732644
gleichmäßig,1,8902,0.00011233430689732644
^arulsv,1,8902,0.00011233430689732644
backfett,1,8902,0.00011233430689732644
häutet,1,8902,0.00011233430689732644
bisher,1,8902,0.00011233430689732644
kunst,1,8902,0.00011233430689732644
quadraten,1,8902,0.00011233430689732644
k^raft,1,8902,0.00011233430689732644
packt,1,8902,0.00011233430689732644
bereiten,1,8902,0.00011233430689732644
nebst,1,8902,0.00011233430689732644
brust,1,8902,0.00011233430689732644
beginnen,1,8902,0.00011233430689732644
litermagermilch,1,8902,0.00011233430689732644
abwechselnd,1,8902,0.00011233430689732644
inhalt,1,8902,0.00011233430689732644
gecleckte,1,8902,0.00011233430689732644
deni,1,8902,0.00011233430689732644
1m0,1,8902,0.00011233430689732644
obstkuchen,1,8902,0.00011233430689732644
gewiß,1,8902,0.00011233430689732644
aartoffel,1,8902,0.00011233430689732644
«stunde,1,8902,0.00011233430689732644
öfteren,1,8902,0.00011233430689732644
grieszsupxe,1,8902,0.00011233430689732644
willkommen,1,8902,0.00011233430689732644
gehäuse,1,8902,0.00011233430689732644
billiger,1,8902,0.00011233430689732644
gewaschenen,1,8902,0.00011233430689732644
mindestens,1,8902,0.00011233430689732644
dicke,1,8902,0.00011233430689732644
sslanzenbutter,1,8902,0.00011233430689732644
eierspeisen,1,8902,0.00011233430689732644
ausgewaschen,1,8902,0.00011233430689732644
18,1,8902,0.00011233430689732644
bratröhre,1,8902,0.00011233430689732644
gestellt,1,8902,0.00011233430689732644
fleischkloß,1,8902,0.00011233430689732644
hälfte,1,8902,0.00011233430689732644
herzchen,1,8902,0.00011233430689732644
17,1,8902,0.00011233430689732644
heißein,1,8902,0.00011233430689732644
lann,1,8902,0.00011233430689732644
polks,1,8902,0.00011233430689732644
garnieren,1,8902,0.00011233430689732644
tiefer,1,8902,0.00011233430689732644
jahreszeit,1,8902,0.00011233430689732644
psanne,1,8902,0.00011233430689732644
frost,1,8902,0.00011233430689732644
beideu,1,8902,0.00011233430689732644
flammeris,1,8902,0.00011233430689732644
spiegeleier,1,8902,0.00011233430689732644
rieben,1,8902,0.00011233430689732644
teel,1,8902,0.00011233430689732644
könnte,1,8902,0.00011233430689732644
knochenbrühe,1,8902,0.00011233430689732644
feingeschnittener,1,8902,0.00011233430689732644
käsekuchen,1,8902,0.00011233430689732644
durchzurühren,1,8902,0.00011233430689732644
stachelbeersuxxe,1,8902,0.00011233430689732644
wässern,1,8902,0.00011233430689732644
napfkuchen,1,8902,0.00011233430689732644
quark,1,8902,0.00011233430689732644
aoblrabi,1,8902,0.00011233430689732644
schämen,1,8902,0.00011233430689732644
anrühren,1,8902,0.00011233430689732644
den?,1,8902,0.00011233430689732644
sparen,1,8902,0.00011233430689732644
töpfe,1,8902,0.00011233430689732644
angequirlt,1,8902,0.00011233430689732644
gesagt,1,8902,0.00011233430689732644
abgekochten,1,8902,0.00011233430689732644
unä,1,8902,0.00011233430689732644
roggeumehlsuppe,1,8902,0.00011233430689732644
reichen,1,8902,0.00011233430689732644
wer,1,8902,0.00011233430689732644
langsamem,1,8902,0.00011233430689732644
auslösen,1,8902,0.00011233430689732644
praktischer,1,8902,0.00011233430689732644
havei,1,8902,0.00011233430689732644
schwacher,1,8902,0.00011233430689732644
uicht,1,8902,0.00011233430689732644
liebt,1,8902,0.00011233430689732644
hase,1,8902,0.00011233430689732644
durchgebacken,1,8902,0.00011233430689732644
gebe,1,8902,0.00011233430689732644
vornehmlich,1,8902,0.00011233430689732644
knöäelküche,1,8902,0.00011233430689732644
75geb,1,8902,0.00011233430689732644
zeitungspapier,1,8902,0.00011233430689732644
gießen,1,8902,0.00011233430689732644
guter,1,8902,0.00011233430689732644
vorbemerkung,1,8902,0.00011233430689732644
fruchtsaft,1,8902,0.00011233430689732644
eigenen,1,8902,0.00011233430689732644
grllue,1,8902,0.00011233430689732644
anschmoren,1,8902,0.00011233430689732644
reihe,1,8902,0.00011233430689732644
zergehen,1,8902,0.00011233430689732644
tann,1,8902,0.00011233430689732644
?einwascherei,1,8902,0.00011233430689732644
nschäecken,1,8902,0.00011233430689732644
löffeln,1,8902,0.00011233430689732644
eigelbs,1,8902,0.00011233430689732644
zieht,1,8902,0.00011233430689732644
eingewässert,1,8902,0.00011233430689732644
280,1,8902,0.00011233430689732644
arbeitet,1,8902,0.00011233430689732644
leberwürste,1,8902,0.00011233430689732644
walnußgroße,1,8902,0.00011233430689732644
fleischreste,1,8902,0.00011233430689732644
schwitze,1,8902,0.00011233430689732644
getrocknetes,1,8902,0.00011233430689732644
fabrik,1,8902,0.00011233430689732644
brühwasser,1,8902,0.00011233430689732644
her,1,8902,0.00011233430689732644
vermengt,1,8902,0.00011233430689732644
teil,1,8902,0.00011233430689732644
kartoffelgerichte,1,8902,0.00011233430689732644
kalten«,1,8902,0.00011233430689732644
einkochen,1,8902,0.00011233430689732644
eidotter,1,8902,0.00011233430689732644
preisliste,1,8902,0.00011233430689732644
rhabarber,1,8902,0.00011233430689732644
feucht,1,8902,0.00011233430689732644
gothaer,1,8902,0.00011233430689732644
lrbswurstsuppe,1,8902,0.00011233430689732644
heidemehl,1,8902,0.00011233430689732644
deutschen,1,8902,0.00011233430689732644
euppengrünes,1,8902,0.00011233430689732644
pichelsteiner,1,8902,0.00011233430689732644
sieden,1,8902,0.00011233430689732644
mohrrüben,1,8902,0.00011233430689732644
mitmilch,1,8902,0.00011233430689732644
haarsieb,1,8902,0.00011233430689732644
körperlich,1,8902,0.00011233430689732644
rinderbraten,1,8902,0.00011233430689732644
ureigensten,1,8902,0.00011233430689732644
hülsenfrüchte,1,8902,0.00011233430689732644
abgezogen,1,8902,0.00011233430689732644
axfelgelee,1,8902,0.00011233430689732644
geputzt,1,8902,0.00011233430689732644
ganzer,1,8902,0.00011233430689732644
allgemein,1,8902,0.00011233430689732644
versand,1,8902,0.00011233430689732644
znehlsnxpe,1,8902,0.00011233430689732644
einfachste,1,8902,0.00011233430689732644
durchgeschlagen,1,8902,0.00011233430689732644
od,1,8902,0.00011233430689732644
milchsupxe,1,8902,0.00011233430689732644
nns,1,8902,0.00011233430689732644
quellen,1,8902,0.00011233430689732644
bäcktstunde,1,8902,0.00011233430689732644
granpen,1,8902,0.00011233430689732644
wendet,1,8902,0.00011233430689732644
warmer,1,8902,0.00011233430689732644
verliest,1,8902,0.00011233430689732644
fortwährend,1,8902,0.00011233430689732644
verschäumt,1,8902,0.00011233430689732644
beergelee,1,8902,0.00011233430689732644
wirst,1,8902,0.00011233430689732644
9,1,8902,0.00011233430689732644
stuude,1,8902,0.00011233430689732644
festschließenden,1,8902,0.00011233430689732644
inhaber,1,8902,0.00011233430689732644
verwendet,1,8902,0.00011233430689732644
altvordern,1,8902,0.00011233430689732644
holzlöffel,1,8902,0.00011233430689732644
versetzen,1,8902,0.00011233430689732644
grnnkohl,1,8902,0.00011233430689732644
geröstete,1,8902,0.00011233430689732644
wüßte,1,8902,0.00011233430689732644
znr,1,8902,0.00011233430689732644
gegeben,1,8902,0.00011233430689732644
aochbeutel,1,8902,0.00011233430689732644
raupen,1,8902,0.00011233430689732644
verbessern,1,8902,0.00011233430689732644
grieszbrei,1,8902,0.00011233430689732644
durchschlagen,1,8902,0.00011233430689732644
ablausen,1,8902,0.00011233430689732644
größe,1,8902,0.00011233430689732644
elegante,1,8902,0.00011233430689732644
abendbrot,1,8902,0.00011233430689732644
augesetzt,1,8902,0.00011233430689732644
kern,1,8902,0.00011233430689732644
kosten,1,8902,0.00011233430689732644
euch,1,8902,0.00011233430689732644
birne,1,8902,0.00011233430689732644
lemüseküche,1,8902,0.00011233430689732644
einbrenne,1,8902,0.00011233430689732644
stampft,1,8902,0.00011233430689732644
grünen,1,8902,0.00011233430689732644
linden,1,8902,0.00011233430689732644
lieben,1,8902,0.00011233430689732644
airschmarmelade,1,8902,0.00011233430689732644
uötigeu,1,8902,0.00011233430689732644
harten,1,8902,0.00011233430689732644
plan,1,8902,0.00011233430689732644
daraufgegossen,1,8902,0.00011233430689732644
hell,1,8902,0.00011233430689732644
2v,1,8902,0.00011233430689732644
behren,1,8902,0.00011233430689732644
steine,1,8902,0.00011233430689732644
äußeren,1,8902,0.00011233430689732644
nndeln,1,8902,0.00011233430689732644
lockerer,1,8902,0.00011233430689732644
1913,1,8902,0.00011233430689732644
fiauskonäitorei,1,8902,0.00011233430689732644
startung,1,8902,0.00011233430689732644
blnmenkohlsupxe,1,8902,0.00011233430689732644
milcherne,1,8902,0.00011233430689732644
gnrkengciniise,1,8902,0.00011233430689732644
mark,1,8902,0.00011233430689732644
quadratmäßig,1,8902,0.00011233430689732644
eierkuchen,1,8902,0.00011233430689732644
zerschellen,1,8902,0.00011233430689732644
entblättert,1,8902,0.00011233430689732644
leitung,1,8902,0.00011233430689732644
graupensuppe,1,8902,0.00011233430689732644
guß,1,8902,0.00011233430689732644
heftchens,1,8902,0.00011233430689732644
14v,1,8902,0.00011233430689732644
schaffen,1,8902,0.00011233430689732644
kotelett,1,8902,0.00011233430689732644
auflage,1,8902,0.00011233430689732644
prikts,1,8902,0.00011233430689732644
fcnnilienhlppe,1,8902,0.00011233430689732644
«pfund,1,8902,0.00011233430689732644
benutzt,1,8902,0.00011233430689732644
eins,1,8902,0.00011233430689732644
stehende,1,8902,0.00011233430689732644
reißt,1,8902,0.00011233430689732644
heringssalat,1,8902,0.00011233430689732644
würzeim,1,8902,0.00011233430689732644
nndelbrett,1,8902,0.00011233430689732644
lust,1,8902,0.00011233430689732644
60,1,8902,0.00011233430689732644
angesehen,1,8902,0.00011233430689732644
genug,1,8902,0.00011233430689732644
?ur,1,8902,0.00011233430689732644
gelegt,1,8902,0.00011233430689732644
trinken,1,8902,0.00011233430689732644
kl,1,8902,0.00011233430689732644
papier,1,8902,0.00011233430689732644
wieviel,1,8902,0.00011233430689732644
früher,1,8902,0.00011233430689732644
zerlegt,1,8902,0.00011233430689732644
schmackhaft,1,8902,0.00011233430689732644
l^er,1,8902,0.00011233430689732644
iz,1,8902,0.00011233430689732644
heiße,1,8902,0.00011233430689732644
biersuppe,1,8902,0.00011233430689732644
mondän,1,8902,0.00011233430689732644
aartosfelzinsfer,1,8902,0.00011233430689732644
cebev,1,8902,0.00011233430689732644
kleines,1,8902,0.00011233430689732644
dazugetan,1,8902,0.00011233430689732644
nächte,1,8902,0.00011233430689732644
äpsel,1,8902,0.00011233430689732644
wasche,1,8902,0.00011233430689732644
plätzchen,1,8902,0.00011233430689732644
roter,1,8902,0.00011233430689732644
waffer,1,8902,0.00011233430689732644
vors,1,8902,0.00011233430689732644
kochend,1,8902,0.00011233430689732644
eiszbrot,1,8902,0.00011233430689732644
mehlverbrauch,1,8902,0.00011233430689732644
lischresten,1,8902,0.00011233430689732644
herd,1,8902,0.00011233430689732644
nnen,1,8902,0.00011233430689732644
teilt,1,8902,0.00011233430689732644
kräftige,1,8902,0.00011233430689732644
abgekochte,1,8902,0.00011233430689732644
natron,1,8902,0.00011233430689732644
speisezettel,1,8902,0.00011233430689732644
gesuchte,1,8902,0.00011233430689732644
weiteren,1,8902,0.00011233430689732644
kansbiicher,1,8902,0.00011233430689732644
saubere,1,8902,0.00011233430689732644
obere,1,8902,0.00011233430689732644
frauen,1,8902,0.00011233430689732644
grüner,1,8902,0.00011233430689732644
auflochen,1,8902,0.00011233430689732644
kerngehänse,1,8902,0.00011233430689732644
fort,1,8902,0.00011233430689732644
teurerer,1,8902,0.00011233430689732644
sestklopft,1,8902,0.00011233430689732644
kriegsverteidignngsznstand,1,8902,0.00011233430689732644
verteilt,1,8902,0.00011233430689732644
feindesland,1,8902,0.00011233430689732644
kiter,1,8902,0.00011233430689732644
uni,1,8902,0.00011233430689732644
eignet,1,8902,0.00011233430689732644
bedeutend,1,8902,0.00011233430689732644
servieren,1,8902,0.00011233430689732644
einlochen,1,8902,0.00011233430689732644
sogleich,1,8902,0.00011233430689732644
geklopft,1,8902,0.00011233430689732644
gesund,1,8902,0.00011233430689732644
alipxsisch,1,8902,0.00011233430689732644
fortlassen,1,8902,0.00011233430689732644
brühkartoffeln,1,8902,0.00011233430689732644
5riichte260,1,8902,0.00011233430689732644
geschuppt,1,8902,0.00011233430689732644
täglich,1,8902,0.00011233430689732644
einfach,1,8902,0.00011233430689732644
un,1,8902,0.00011233430689732644
schon,1,8902,0.00011233430689732644
fehlen,1,8902,0.00011233430689732644
eiweiße,1,8902,0.00011233430689732644
2lx>,1,8902,0.00011233430689732644
lindenblütentee,1,8902,0.00011233430689732644
feldgrauen,1,8902,0.00011233430689732644
lösen,1,8902,0.00011233430689732644
3^,1,8902,0.00011233430689732644
milchsuppe,1,8902,0.00011233430689732644
d,1,8902,0.00011233430689732644
schmackhafte,1,8902,0.00011233430689732644
üraten,1,8902,0.00011233430689732644
rasch,1,8902,0.00011233430689732644
kilogramm,1,8902,0.00011233430689732644
kochendein,1,8902,0.00011233430689732644
kanne,1,8902,0.00011233430689732644
nud,1,8902,0.00011233430689732644
mittags,1,8902,0.00011233430689732644
volksküche,1,8902,0.00011233430689732644
lernen,1,8902,0.00011233430689732644
einigen,1,8902,0.00011233430689732644
sämige,1,8902,0.00011233430689732644
auheuter,1,8902,0.00011233430689732644
kartoffelsalat,1,8902,0.00011233430689732644
beliebigen,1,8902,0.00011233430689732644
iohannisbeersujijie,1,8902,0.00011233430689732644
korinthen,1,8902,0.00011233430689732644
hebt,1,8902,0.00011233430689732644
ausgesteinte,1,8902,0.00011233430689732644
dal,1,8902,0.00011233430689732644
ausgedrückt,1,8902,0.00011233430689732644
dünn,1,8902,0.00011233430689732644
heidel,1,8902,0.00011233430689732644
springend,1,8902,0.00011233430689732644
11,1,8902,0.00011233430689732644
vitt,1,8902,0.00011233430689732644
aufgelöste,1,8902,0.00011233430689732644
suppenkräutern,1,8902,0.00011233430689732644
rindfleischsnppe,1,8902,0.00011233430689732644
russischen,1,8902,0.00011233430689732644
hellbraun,1,8902,0.00011233430689732644
mi,1,8902,0.00011233430689732644
heideinehltorte,1,8902,0.00011233430689732644
gib,1,8902,0.00011233430689732644
frühstück,1,8902,0.00011233430689732644
flüssiger,1,8902,0.00011233430689732644
irsing,1,8902,0.00011233430689732644
pslanzenbutter,1,8902,0.00011233430689732644
außen,1,8902,0.00011233430689732644
pflanzen,1,8902,0.00011233430689732644
bricht,1,8902,0.00011233430689732644
grieszsnxxe,1,8902,0.00011233430689732644
klch,1,8902,0.00011233430689732644
grbssuppe,1,8902,0.00011233430689732644
mittelgroße,1,8902,0.00011233430689732644
kexepte,1,8902,0.00011233430689732644
augenblicke,1,8902,0.00011233430689732644
fortwahrend,1,8902,0.00011233430689732644
mutig,1,8902,0.00011233430689732644
gestürzt,1,8902,0.00011233430689732644
luch,1,8902,0.00011233430689732644
salami,1,8902,0.00011233430689732644
reisbackmehl,1,8902,0.00011233430689732644
asteletts,1,8902,0.00011233430689732644
lü,1,8902,0.00011233430689732644
wobei,1,8902,0.00011233430689732644
reif,1,8902,0.00011233430689732644
stange,1,8902,0.00011233430689732644
dars,1,8902,0.00011233430689732644
indischen,1,8902,0.00011233430689732644
backäpfel,1,8902,0.00011233430689732644
dazn,1,8902,0.00011233430689732644
aartoffelsuppe,1,8902,0.00011233430689732644
21,1,8902,0.00011233430689732644
wassersuppen,1,8902,0.00011233430689732644
viele,1,8902,0.00011233430689732644
zbo,1,8902,0.00011233430689732644
männer,1,8902,0.00011233430689732644
gewiegten,1,8902,0.00011233430689732644
29,1,8902,0.00011233430689732644
vorwort,1,8902,0.00011233430689732644
müßten,1,8902,0.00011233430689732644
gebrühten,1,8902,0.00011233430689732644
steintopf,1,8902,0.00011233430689732644
"„natura""",1,8902,0.00011233430689732644
folgen,1,8902,0.00011233430689732644
liz,1,8902,0.00011233430689732644
schlechten,1,8902,0.00011233430689732644
festen,1,8902,0.00011233430689732644
32,1,8902,0.00011233430689732644
gekochtes,1,8902,0.00011233430689732644
stellt,1,8902,0.00011233430689732644
himbeersaft,1,8902,0.00011233430689732644
alter,1,8902,0.00011233430689732644
vier,1,8902,0.00011233430689732644
znakkaronisuxxe,1,8902,0.00011233430689732644
ausgesetzt,1,8902,0.00011233430689732644
blutwurst,1,8902,0.00011233430689732644
bleibt,1,8902,0.00011233430689732644
bestreutes,1,8902,0.00011233430689732644
gestrichene,1,8902,0.00011233430689732644
reissuppe,1,8902,0.00011233430689732644
ä,1,8902,0.00011233430689732644
innen,1,8902,0.00011233430689732644
stelle,1,8902,0.00011233430689732644
hlannneri,1,8902,0.00011233430689732644
deckt,1,8902,0.00011233430689732644
grätet,1,8902,0.00011233430689732644
sahue,1,8902,0.00011233430689732644
senfsoße,1,8902,0.00011233430689732644
feinschmecker,1,8902,0.00011233430689732644
bereite,1,8902,0.00011233430689732644
jitronengelee,1,8902,0.00011233430689732644
dürfen,1,8902,0.00011233430689732644
beert,1,8902,0.00011233430689732644
blaukraut,1,8902,0.00011233430689732644
gestrichener,1,8902,0.00011233430689732644
toffeln,1,8902,0.00011233430689732644
lose,1,8902,0.00011233430689732644
zwiebeln,1,8902,0.00011233430689732644
übersteht,1,8902,0.00011233430689732644
reisbrei,1,8902,0.00011233430689732644
miteinander,1,8902,0.00011233430689732644
heidelbeersuxxe,1,8902,0.00011233430689732644
lerer,1,8902,0.00011233430689732644
empfehle,1,8902,0.00011233430689732644
willen,1,8902,0.00011233430689732644
ausreichendes,1,8902,0.00011233430689732644
weinbeeren,1,8902,0.00011233430689732644
erdbeeren,1,8902,0.00011233430689732644
gestoßenen,1,8902,0.00011233430689732644
aeine,1,8902,0.00011233430689732644
rücken,1,8902,0.00011233430689732644
ig,1,8902,0.00011233430689732644
daraufgelegt,1,8902,0.00011233430689732644
axfelreis,1,8902,0.00011233430689732644
birnen,1,8902,0.00011233430689732644
töpschen,1,8902,0.00011233430689732644
brett,1,8902,0.00011233430689732644
wissen,1,8902,0.00011233430689732644
flache,1,8902,0.00011233430689732644
dgl,1,8902,0.00011233430689732644
pfnnd,1,8902,0.00011233430689732644
beginn,1,8902,0.00011233430689732644
nindfleischkloxs,1,8902,0.00011233430689732644
stettin,1,8902,0.00011233430689732644
arnim,1,8902,0.00011233430689732644
kochte,1,8902,0.00011233430689732644
nut,1,8902,0.00011233430689732644
borrat,1,8902,0.00011233430689732644
bitte,1,8902,0.00011233430689732644
kolba,1,8902,0.00011233430689732644
brüdern,1,8902,0.00011233430689732644
rein,1,8902,0.00011233430689732644
fleischwaren,1,8902,0.00011233430689732644
pwnd,1,8902,0.00011233430689732644
fleischresten,1,8902,0.00011233430689732644
zerdrückten,1,8902,0.00011233430689732644
ulirsing,1,8902,0.00011233430689732644
koche,1,8902,0.00011233430689732644
selbe,1,8902,0.00011233430689732644
geschmeidig,1,8902,0.00011233430689732644
billige,1,8902,0.00011233430689732644
länglichen,1,8902,0.00011233430689732644
polster,1,8902,0.00011233430689732644
eiumal,1,8902,0.00011233430689732644
unserem,1,8902,0.00011233430689732644
finger,1,8902,0.00011233430689732644
äever,1,8902,0.00011233430689732644
brotkrumen,1,8902,0.00011233430689732644
4mal,1,8902,0.00011233430689732644
hülsensrüchte,1,8902,0.00011233430689732644
ausgekocht,1,8902,0.00011233430689732644
grünkern,1,8902,0.00011233430689732644
sülze,1,8902,0.00011233430689732644
hinzufügt,1,8902,0.00011233430689732644
arbeitenden,1,8902,0.00011233430689732644
aabeljau,1,8902,0.00011233430689732644
ratschläge,1,8902,0.00011233430689732644
ver,1,8902,0.00011233430689732644
frischem,1,8902,0.00011233430689732644
unser,1,8902,0.00011233430689732644
kalter,1,8902,0.00011233430689732644
feingewiegte,1,8902,0.00011233430689732644
1^,1,8902,0.00011233430689732644
schaumlöffel,1,8902,0.00011233430689732644
diinue,1,8902,0.00011233430689732644
erfrischendes,1,8902,0.00011233430689732644
aartoffelgerichte,1,8902,0.00011233430689732644
februar,1,8902,0.00011233430689732644
schnittlauch,1,8902,0.00011233430689732644
aamillen,1,8902,0.00011233430689732644
zurückläßt,1,8902,0.00011233430689732644
pflauzenbutter,1,8902,0.00011233430689732644
warum,1,8902,0.00011233430689732644
aocht,1,8902,0.00011233430689732644
geld,1,8902,0.00011233430689732644
kreisen,1,8902,0.00011233430689732644
kirschkerne,1,8902,0.00011233430689732644
nasser,1,8902,0.00011233430689732644
alsdann,1,8902,0.00011233430689732644
durchziehen,1,8902,0.00011233430689732644
geschnitte,1,8902,0.00011233430689732644
annimmt,1,8902,0.00011233430689732644
dachte,1,8902,0.00011233430689732644
umgelehrten,1,8902,0.00011233430689732644
schnitten,1,8902,0.00011233430689732644
zähe,1,8902,0.00011233430689732644
beträchtliche,1,8902,0.00011233430689732644
kochens,1,8902,0.00011233430689732644
lchtmarmelade,1,8902,0.00011233430689732644
erwärmter,1,8902,0.00011233430689732644
gebiet,1,8902,0.00011233430689732644
buttevmilchsuxxe,1,8902,0.00011233430689732644
150,1,8902,0.00011233430689732644
znakkavoni,1,8902,0.00011233430689732644
durchschlag,1,8902,0.00011233430689732644
hausschlachten,1,8902,0.00011233430689732644
aufgebraten,1,8902,0.00011233430689732644
keine,1,8902,0.00011233430689732644
ke^cpte,1,8902,0.00011233430689732644
kresse,1,8902,0.00011233430689732644
hierauf,1,8902,0.00011233430689732644
außenseite,1,8902,0.00011233430689732644
dunkelgelbe,1,8902,0.00011233430689732644
manche,1,8902,0.00011233430689732644
offenem,1,8902,0.00011233430689732644
feines,1,8902,0.00011233430689732644
tapferen,1,8902,0.00011233430689732644
aaldaunen,1,8902,0.00011233430689732644
gleich,1,8902,0.00011233430689732644
pflan,1,8902,0.00011233430689732644
falten,1,8902,0.00011233430689732644
warmes,1,8902,0.00011233430689732644
äienermel,1,8902,0.00011233430689732644
freudig,1,8902,0.00011233430689732644
manchmal,1,8902,0.00011233430689732644
verlangen,1,8902,0.00011233430689732644
llar,1,8902,0.00011233430689732644
l>l,1,8902,0.00011233430689732644
hefenstück,1,8902,0.00011233430689732644
starker,1,8902,0.00011233430689732644
gespart,1,8902,0.00011233430689732644
axfelsuxxe,1,8902,0.00011233430689732644
spöttisch,1,8902,0.00011233430689732644
weun,1,8902,0.00011233430689732644
bouillonwürfeln,1,8902,0.00011233430689732644
aussieht,1,8902,0.00011233430689732644
loren,1,8902,0.00011233430689732644
zweimal,1,8902,0.00011233430689732644
abgequirlt,1,8902,0.00011233430689732644
genießen,1,8902,0.00011233430689732644
aartoffelsalat,1,8902,0.00011233430689732644
speise,1,8902,0.00011233430689732644
4z,1,8902,0.00011233430689732644
sxeckkartoffeln,1,8902,0.00011233430689732644
wurst,1,8902,0.00011233430689732644
aufgelöster,1,8902,0.00011233430689732644
fisches,1,8902,0.00011233430689732644
ter,1,8902,0.00011233430689732644
^ochkunltverlag,1,8902,0.00011233430689732644
riebenen,1,8902,0.00011233430689732644
unentbehrlichen,1,8902,0.00011233430689732644
apfelmarinelade,1,8902,0.00011233430689732644
zuschnürt,1,8902,0.00011233430689732644
lerlsags,1,8902,0.00011233430689732644
übrig,1,8902,0.00011233430689732644
ungeschälten,1,8902,0.00011233430689732644
gestoßene,1,8902,0.00011233430689732644
öfter,1,8902,0.00011233430689732644
empfiehlt,1,8902,0.00011233430689732644
niehl,1,8902,0.00011233430689732644
gedämpft,1,8902,0.00011233430689732644
literlauwarme,1,8902,0.00011233430689732644
anflcrnf,1,8902,0.00011233430689732644
rucksack,1,8902,0.00011233430689732644
abläuft,1,8902,0.00011233430689732644
hafergriitzsujixe,1,8902,0.00011233430689732644
meunler,1,8902,0.00011233430689732644
marnielade,1,8902,0.00011233430689732644
milchreis,1,8902,0.00011233430689732644
abgelocht,1,8902,0.00011233430689732644
mleitung,1,8902,0.00011233430689732644
eineu,1,8902,0.00011233430689732644
ersatz,1,8902,0.00011233430689732644
gewaschene,1,8902,0.00011233430689732644
reste,1,8902,0.00011233430689732644
erneuert,1,8902,0.00011233430689732644
halbe,1,8902,0.00011233430689732644
stock,1,8902,0.00011233430689732644
verzeichnis,1,8902,0.00011233430689732644
darunter,1,8902,0.00011233430689732644
kauu,1,8902,0.00011233430689732644
hafermehlsnppe,1,8902,0.00011233430689732644
apselreis,1,8902,0.00011233430689732644
trockener,1,8902,0.00011233430689732644
schnitzel,1,8902,0.00011233430689732644
cs,1,8902,0.00011233430689732644
soll,1,8902,0.00011233430689732644
lauer,1,8902,0.00011233430689732644
las,1,8902,0.00011233430689732644
zuckerwaffer,1,8902,0.00011233430689732644
kocheu,1,8902,0.00011233430689732644
saftige,1,8902,0.00011233430689732644
labt,1,8902,0.00011233430689732644
worauf,1,8902,0.00011233430689732644
biersüpplein,1,8902,0.00011233430689732644
pfg,1,8902,0.00011233430689732644
blutgibt,1,8902,0.00011233430689732644
abgewaschen,1,8902,0.00011233430689732644
besonder?,1,8902,0.00011233430689732644
spitzen,1,8902,0.00011233430689732644
übergießt,1,8902,0.00011233430689732644
ermöglicht,1,8902,0.00011233430689732644
aaninchensupxe,1,8902,0.00011233430689732644
nen,1,8902,0.00011233430689732644
aase,1,8902,0.00011233430689732644
fetzt,1,8902,0.00011233430689732644
äas,1,8902,0.00011233430689732644
dreifr,1,8902,0.00011233430689732644
viertelstunde,1,8902,0.00011233430689732644
liegt,1,8902,0.00011233430689732644
umgewendet,1,8902,0.00011233430689732644
eiu,1,8902,0.00011233430689732644
untere,1,8902,0.00011233430689732644
länge,1,8902,0.00011233430689732644
wollen,1,8902,0.00011233430689732644
sirse,1,8902,0.00011233430689732644
kochschokolade,1,8902,0.00011233430689732644
bohnenkaffee,1,8902,0.00011233430689732644
zöo,1,8902,0.00011233430689732644
helfen,1,8902,0.00011233430689732644
