ngram,count,total_words,frequency
und,210,5313,0.039525691699604744
mit,173,5313,0.03256164125729343
in,123,5313,0.023150762281197064
der,103,5313,0.019386410690758516
dem,100,5313,0.018821757952192736
die,99,5313,0.018633540372670808
1,89,5313,0.016751364577451532
kartoffeln,82,5313,0.015433841520798042
eßlöffel,67,5313,0.012610577827969132
2,64,5313,0.01204592508940335
wird,62,5313,0.011669489930359496
salz,60,5313,0.01129305477131564
zucker,59,5313,0.011104837191793714
wasser,55,5313,0.010351966873706004
kilogramm,51,5313,0.009599096555618294
den,47,5313,0.008846226237530586
von,47,5313,0.008846226237530586
^,47,5313,0.008846226237530586
fett,46,5313,0.008658008658008658
liter,46,5313,0.008658008658008658
gramm,42,5313,0.007905138339920948
nach,39,5313,0.007340485601355167
man,39,5313,0.007340485601355167
werden,38,5313,0.007152268021833239
zu,38,5313,0.007152268021833239
gekocht,38,5313,0.007152268021833239
das,37,5313,0.006964050442311312
oder,35,5313,0.006587615283267457
für,31,5313,0.005834744965179748
nährhefe,29,5313,0.005458309806135893
4,28,5313,0.005270092226613966
eine,27,5313,0.005081874647092038
aus,27,5313,0.005081874647092038
ge,26,5313,0.004893657067570111
3,26,5313,0.004893657067570111
essig,25,5313,0.004705439488048184
ersatz,25,5313,0.004705439488048184
pfeffer,24,5313,0.004517221908526256
eiweiß,24,5313,0.004517221908526256
käse,23,5313,0.004329004329004329
sie,21,5313,0.003952569169960474
geschnittenen,21,5313,0.003952569169960474
milch,21,5313,0.003952569169960474
scheiben,18,5313,0.0033879164313946925
auf,18,5313,0.0033879164313946925
ei,18,5313,0.0033879164313946925
mehl,17,5313,0.003199698851872765
ein,17,5313,0.003199698851872765
als,16,5313,0.0030114812723508375
geschmack,16,5313,0.0030114812723508375
etwas,16,5313,0.0030114812723508375
schale,15,5313,0.00282326369282891
teelöffel,15,5313,0.00282326369282891
6,15,5313,0.00282326369282891
läßt,15,5313,0.00282326369282891
roggenmehl,15,5313,0.00282326369282891
zwiebel,15,5313,0.00282326369282891
noch,15,5313,0.00282326369282891
durch,15,5313,0.00282326369282891
vermischt,14,5313,0.002635046113306983
masse,14,5313,0.002635046113306983
gericht,14,5313,0.002635046113306983
getrocknetes,14,5313,0.002635046113306983
brei,14,5313,0.002635046113306983
weizenmehl,14,5313,0.002635046113306983
stunde,13,5313,0.0024468285337850555
vegetabilisches,13,5313,0.0024468285337850555
geriebene,13,5313,0.0024468285337850555
buttermilch,13,5313,0.0024468285337850555
5,13,5313,0.0024468285337850555
einem,13,5313,0.0024468285337850555
ab,13,5313,0.0024468285337850555
hinzu,12,5313,0.002258610954263128
schmeckt,12,5313,0.002258610954263128
zwiebeln,12,5313,0.002258610954263128
es,12,5313,0.002258610954263128
7,12,5313,0.002258610954263128
8,12,5313,0.002258610954263128
suppe,11,5313,0.002070393374741201
im,11,5313,0.002070393374741201
brühe,11,5313,0.002070393374741201
knapper,11,5313,0.002070393374741201
zum,11,5313,0.002070393374741201
eier,11,5313,0.002070393374741201
aepfel,11,5313,0.002070393374741201
ist,11,5313,0.002070393374741201
kocht,11,5313,0.002070393374741201
soße,11,5313,0.002070393374741201
gewürzen,10,5313,0.0018821757952192735
saure,10,5313,0.0018821757952192735
kartoffelmehl,10,5313,0.0018821757952192735
abgeschmeckt,10,5313,0.0018821757952192735
kochen,10,5313,0.0018821757952192735
gar,10,5313,0.0018821757952192735
vor,10,5313,0.0018821757952192735
kleine,9,5313,0.0016939582156973462
bis,9,5313,0.0016939582156973462
so,9,5313,0.0016939582156973462
fleisch,9,5313,0.0016939582156973462
z,9,5313,0.0016939582156973462
magermilch,9,5313,0.0016939582156973462
nicht,9,5313,0.0016939582156973462
er,9,5313,0.0016939582156973462
ver,9,5313,0.0016939582156973462
gefüllt,9,5313,0.0016939582156973462
roh,9,5313,0.0016939582156973462
abgezogenen,9,5313,0.0016939582156973462
einmal,8,5313,0.0015057406361754188
grieß,8,5313,0.0015057406361754188
mischt,8,5313,0.0015057406361754188
schellfisch,8,5313,0.0015057406361754188
seite,8,5313,0.0015057406361754188
fügt,8,5313,0.0015057406361754188
verrührt,8,5313,0.0015057406361754188
heringe,8,5313,0.0015057406361754188
gestreckt,8,5313,0.0015057406361754188
vorschrift,8,5313,0.0015057406361754188
ohne,8,5313,0.0015057406361754188
13,8,5313,0.0015057406361754188
weich,8,5313,0.0015057406361754188
anstatt,8,5313,0.0015057406361754188
stücke,8,5313,0.0015057406361754188
mohrrüben,8,5313,0.0015057406361754188
geschälten,8,5313,0.0015057406361754188
zitronensaft,8,5313,0.0015057406361754188
zur,8,5313,0.0015057406361754188
einer,8,5313,0.0015057406361754188
hergestellt,7,5313,0.0013175230566534915
sind,7,5313,0.0013175230566534915
geschlagen,7,5313,0.0013175230566534915
20,7,5313,0.0013175230566534915
gebraten,7,5313,0.0013175230566534915
messerspitze,7,5313,0.0013175230566534915
schnee,7,5313,0.0013175230566534915
10,7,5313,0.0013175230566534915
salzwasser,7,5313,0.0013175230566534915
einige,7,5313,0.0013175230566534915
sieb,7,5313,0.0013175230566534915
zimt,7,5313,0.0013175230566534915
27,7,5313,0.0013175230566534915
teig,7,5313,0.0013175230566534915
an,7,5313,0.0013175230566534915
frische,7,5313,0.0013175230566534915
nnd,7,5313,0.0013175230566534915
aber,7,5313,0.0013175230566534915
weißem,7,5313,0.0013175230566534915
gelatine,7,5313,0.0013175230566534915
1^,7,5313,0.0013175230566534915
minuten,7,5313,0.0013175230566534915
schon,7,5313,0.0013175230566534915
23,6,5313,0.001129305477131564
hirse,6,5313,0.001129305477131564
heiß,6,5313,0.001129305477131564
bestreut,6,5313,0.001129305477131564
nur,6,5313,0.001129305477131564
weißer,6,5313,0.001129305477131564
gebacken,6,5313,0.001129305477131564
25,6,5313,0.001129305477131564
weiße,6,5313,0.001129305477131564
heißen,6,5313,0.001129305477131564
ziehen,6,5313,0.001129305477131564
halb,6,5313,0.001129305477131564
kann,6,5313,0.001129305477131564
weißkohl,6,5313,0.001129305477131564
17,6,5313,0.001129305477131564
auch,6,5313,0.001129305477131564
l,6,5313,0.001129305477131564
125,6,5313,0.001129305477131564
gerieben,6,5313,0.001129305477131564
zutaten,6,5313,0.001129305477131564
potsdam,6,5313,0.001129305477131564
zitronenschale,6,5313,0.001129305477131564
leicht,6,5313,0.001129305477131564
31,6,5313,0.001129305477131564
eierkuchen,6,5313,0.001129305477131564
des,6,5313,0.001129305477131564
aufgefüllt,5,5313,0.0009410878976096367
art,5,5313,0.0009410878976096367
ausgestrichene,5,5313,0.0009410878976096367
zeit,5,5313,0.0009410878976096367
ihr,5,5313,0.0009410878976096367
gut,5,5313,0.0009410878976096367
kartoffel,5,5313,0.0009410878976096367
braun,5,5313,0.0009410878976096367
14,5,5313,0.0009410878976096367
schnitten,5,5313,0.0009410878976096367
klöße,5,5313,0.0009410878976096367
helle,5,5313,0.0009410878976096367
verbrauch,5,5313,0.0009410878976096367
kaltem,5,5313,0.0009410878976096367
übrigen,5,5313,0.0009410878976096367
32,5,5313,0.0009410878976096367
29,5,5313,0.0009410878976096367
auflaufform,5,5313,0.0009410878976096367
26,5,5313,0.0009410878976096367
ofen,5,5313,0.0009410878976096367
stunden,5,5313,0.0009410878976096367
i,5,5313,0.0009410878976096367
uns,5,5313,0.0009410878976096367
streifen,5,5313,0.0009410878976096367
be,5,5313,0.0009410878976096367
einbrenne,5,5313,0.0009410878976096367
vermengt,5,5313,0.0009410878976096367
anrichten,5,5313,0.0009410878976096367
22,5,5313,0.0009410878976096367
gewaschen,5,5313,0.0009410878976096367
abge,5,5313,0.0009410878976096367
x,5,5313,0.0009410878976096367
lange,5,5313,0.0009410878976096367
lagenweise,5,5313,0.0009410878976096367
mittelgroße,5,5313,0.0009410878976096367
12,5,5313,0.0009410878976096367
19,5,5313,0.0009410878976096367
aufkochen,5,5313,0.0009410878976096367
glasschale,5,5313,0.0009410878976096367
^4,5,5313,0.0009410878976096367
16,5,5313,0.0009410878976096367
viertelstunde,5,5313,0.0009410878976096367
jeder,4,5313,0.0007528703180877094
geriebener,4,5313,0.0007528703180877094
geringer,4,5313,0.0007528703180877094
mandeln,4,5313,0.0007528703180877094
kartoffelflockenmehl,4,5313,0.0007528703180877094
gekochte,4,5313,0.0007528703180877094
quark,4,5313,0.0007528703180877094
beziehen,4,5313,0.0007528703180877094
wohl,4,5313,0.0007528703180877094
kohl,4,5313,0.0007528703180877094
kartoffelbrei,4,5313,0.0007528703180877094
30,4,5313,0.0007528703180877094
geschält,4,5313,0.0007528703180877094
kochendes,4,5313,0.0007528703180877094
sich,4,5313,0.0007528703180877094
33,4,5313,0.0007528703180877094
roggen,4,5313,0.0007528703180877094
einen,4,5313,0.0007528703180877094
18,4,5313,0.0007528703180877094
topf,4,5313,0.0007528703180877094
hafergrütze,4,5313,0.0007528703180877094
wie,4,5313,0.0007528703180877094
aufgelöst,4,5313,0.0007528703180877094
reicht,4,5313,0.0007528703180877094
kochend,4,5313,0.0007528703180877094
ii,4,5313,0.0007528703180877094
geschnitten,4,5313,0.0007528703180877094
köpfe,4,5313,0.0007528703180877094
blatt,4,5313,0.0007528703180877094
15,4,5313,0.0007528703180877094
petersilie,4,5313,0.0007528703180877094
parmesankäse,4,5313,0.0007528703180877094
gebackene,4,5313,0.0007528703180877094
24,4,5313,0.0007528703180877094
rohen,4,5313,0.0007528703180877094
rüben,4,5313,0.0007528703180877094
her,4,5313,0.0007528703180877094
müssen,4,5313,0.0007528703180877094
11,4,5313,0.0007528703180877094
v,4,5313,0.0007528703180877094
aufgelöste,4,5313,0.0007528703180877094
gegossen,4,5313,0.0007528703180877094
39,4,5313,0.0007528703180877094
backobst,4,5313,0.0007528703180877094
unter,4,5313,0.0007528703180877094
birnen,4,5313,0.0007528703180877094
backen,4,5313,0.0007528703180877094
9,4,5313,0.0007528703180877094
abgekühlten,4,5313,0.0007528703180877094
frischer,4,5313,0.0007528703180877094
füllt,4,5313,0.0007528703180877094
große,4,5313,0.0007528703180877094
diese,4,5313,0.0007528703180877094
wir,4,5313,0.0007528703180877094
100,4,5313,0.0007528703180877094
kohlrabi,4,5313,0.0007528703180877094
trocken,3,5313,0.000564652738565782
flockenmehl,3,5313,0.000564652738565782
rezepte,3,5313,0.000564652738565782
kalten,3,5313,0.000564652738565782
saft,3,5313,0.000564652738565782
bittere,3,5313,0.000564652738565782
makkaroni,3,5313,0.000564652738565782
gurken,3,5313,0.000564652738565782
k,3,5313,0.000564652738565782
form,3,5313,0.000564652738565782
speisen,3,5313,0.000564652738565782
beträufelt,3,5313,0.000564652738565782
über,3,5313,0.000564652738565782
erkalten,3,5313,0.000564652738565782
flüssig,3,5313,0.000564652738565782
fleischfüllung,3,5313,0.000564652738565782
dann,3,5313,0.000564652738565782
langsam,3,5313,0.000564652738565782
43,3,5313,0.000564652738565782
daher,3,5313,0.000564652738565782
zitrone,3,5313,0.000564652738565782
sehr,3,5313,0.000564652738565782
seiten,3,5313,0.000564652738565782
speise,3,5313,0.000564652738565782
obst,3,5313,0.000564652738565782
kepfeln,3,5313,0.000564652738565782
unsere,3,5313,0.000564652738565782
>,3,5313,0.000564652738565782
kohlrüben,3,5313,0.000564652738565782
375,3,5313,0.000564652738565782
warmem,3,5313,0.000564652738565782
alle,3,5313,0.000564652738565782
rote,3,5313,0.000564652738565782
gekochten,3,5313,0.000564652738565782
sür,3,5313,0.000564652738565782
75,3,5313,0.000564652738565782
verwenden,3,5313,0.000564652738565782
tage,3,5313,0.000564652738565782
rotkohl,3,5313,0.000564652738565782
suppen,3,5313,0.000564652738565782
fein,3,5313,0.000564652738565782
gebunden,3,5313,0.000564652738565782
steifer,3,5313,0.000564652738565782
erstarren,3,5313,0.000564652738565782
49,3,5313,0.000564652738565782
etwa,3,5313,0.000564652738565782
sowie,3,5313,0.000564652738565782
uud,3,5313,0.000564652738565782
wenn,3,5313,0.000564652738565782
28,3,5313,0.000564652738565782
1v,3,5313,0.000564652738565782
21,3,5313,0.000564652738565782
knappe,3,5313,0.000564652738565782
eisernen,3,5313,0.000564652738565782
zitronensäure,3,5313,0.000564652738565782
vielleicht,3,5313,0.000564652738565782
worden,3,5313,0.000564652738565782
nahrungsmittel,3,5313,0.000564652738565782
seine,3,5313,0.000564652738565782
bei,3,5313,0.000564652738565782
wirsingkohl,3,5313,0.000564652738565782
schneebesen,3,5313,0.000564652738565782
nr,3,5313,0.000564652738565782
lebensmittel,3,5313,0.000564652738565782
beliebiger,3,5313,0.000564652738565782
haferflocken,3,5313,0.000564652738565782
fleischextrakt,3,5313,0.000564652738565782
zn,3,5313,0.000564652738565782
geschlagenen,3,5313,0.000564652738565782
wer,3,5313,0.000564652738565782
schweinebauch,3,5313,0.000564652738565782
neue,3,5313,0.000564652738565782
pulver,3,5313,0.000564652738565782
rührt,3,5313,0.000564652738565782
würfel,3,5313,0.000564652738565782
lang,3,5313,0.000564652738565782
vaterländischen,2,5313,0.0003764351590438547
muß,2,5313,0.0003764351590438547
habe,2,5313,0.0003764351590438547
weiß,2,5313,0.0003764351590438547
zogenen,2,5313,0.0003764351590438547
braunbier,2,5313,0.0003764351590438547
frisches,2,5313,0.0003764351590438547
schlag,2,5313,0.0003764351590438547
hat,2,5313,0.0003764351590438547
verkocht,2,5313,0.0003764351590438547
weichgekocht,2,5313,0.0003764351590438547
vii,2,5313,0.0003764351590438547
ganz,2,5313,0.0003764351590438547
g,2,5313,0.0003764351590438547
gläser,2,5313,0.0003764351590438547
geformt,2,5313,0.0003764351590438547
kochende,2,5313,0.0003764351590438547
ginnt,2,5313,0.0003764351590438547
geschälte,2,5313,0.0003764351590438547
stellt,2,5313,0.0003764351590438547
belehrungen,2,5313,0.0003764351590438547
zerteilt,2,5313,0.0003764351590438547
braunen,2,5313,0.0003764351590438547
250,2,5313,0.0003764351590438547
vi,2,5313,0.0003764351590438547
himbeersaft,2,5313,0.0003764351590438547
gestrichen,2,5313,0.0003764351590438547
kar,2,5313,0.0003764351590438547
geschnittene,2,5313,0.0003764351590438547
sauerkohlsuppe,2,5313,0.0003764351590438547
natron,2,5313,0.0003764351590438547
fische,2,5313,0.0003764351590438547
speck,2,5313,0.0003764351590438547
übrige,2,5313,0.0003764351590438547
senfsoße,2,5313,0.0003764351590438547
handels,2,5313,0.0003764351590438547
heringskartoffeln,2,5313,0.0003764351590438547
rieben,2,5313,0.0003764351590438547
gemüsegerichte,2,5313,0.0003764351590438547
getrieben,2,5313,0.0003764351590438547
abgegossen,2,5313,0.0003764351590438547
b,2,5313,0.0003764351590438547
schüttet,2,5313,0.0003764351590438547
gleichen,2,5313,0.0003764351590438547
3v,2,5313,0.0003764351590438547
sahne,2,5313,0.0003764351590438547
zugedeckt,2,5313,0.0003764351590438547
gekochtes,2,5313,0.0003764351590438547
hackbraten,2,5313,0.0003764351590438547
ernst,2,5313,0.0003764351590438547
viel,2,5313,0.0003764351590438547
iv,2,5313,0.0003764351590438547
5v,2,5313,0.0003764351590438547
kochkiste,2,5313,0.0003764351590438547
2l,2,5313,0.0003764351590438547
41,2,5313,0.0003764351590438547
toffeln,2,5313,0.0003764351590438547
puddingform,2,5313,0.0003764351590438547
veg,2,5313,0.0003764351590438547
muskat,2,5313,0.0003764351590438547
hinzugefügt,2,5313,0.0003764351590438547
holländische,2,5313,0.0003764351590438547
geschichtet,2,5313,0.0003764351590438547
eines,2,5313,0.0003764351590438547
gekochter,2,5313,0.0003764351590438547
stehen,2,5313,0.0003764351590438547
verarbeitet,2,5313,0.0003764351590438547
gedrückt,2,5313,0.0003764351590438547
500,2,5313,0.0003764351590438547
gewiegte,2,5313,0.0003764351590438547
pökelbrühe,2,5313,0.0003764351590438547
menge,2,5313,0.0003764351590438547
46,2,5313,0.0003764351590438547
ihm,2,5313,0.0003764351590438547
ausgenommen,2,5313,0.0003764351590438547
himbeerschnee,2,5313,0.0003764351590438547
eierersatz,2,5313,0.0003764351590438547
aepfeln,2,5313,0.0003764351590438547
36,2,5313,0.0003764351590438547
buchweizenmehl,2,5313,0.0003764351590438547
42,2,5313,0.0003764351590438547
labskaus,2,5313,0.0003764351590438547
aufgekocht,2,5313,0.0003764351590438547
schmale,2,5313,0.0003764351590438547
47,2,5313,0.0003764351590438547
zubereitet,2,5313,0.0003764351590438547
38,2,5313,0.0003764351590438547
einzurichten,2,5313,0.0003764351590438547
jetzt,2,5313,0.0003764351590438547
pflaumen,2,5313,0.0003764351590438547
kartoffelauflauf,2,5313,0.0003764351590438547
schnittenen,2,5313,0.0003764351590438547
roten,2,5313,0.0003764351590438547
pflaumenmus,2,5313,0.0003764351590438547
mengen,2,5313,0.0003764351590438547
zerschnitten,2,5313,0.0003764351590438547
ttlötze,2,5313,0.0003764351590438547
ausnahme,2,5313,0.0003764351590438547
<,2,5313,0.0003764351590438547
ja,2,5313,0.0003764351590438547
grüne,2,5313,0.0003764351590438547
caramelcreme,2,5313,0.0003764351590438547
belieben,2,5313,0.0003764351590438547
alsdann,2,5313,0.0003764351590438547
ttäse,2,5313,0.0003764351590438547
mehr,2,5313,0.0003764351590438547
ö,2,5313,0.0003764351590438547
stürzt,2,5313,0.0003764351590438547
lockeren,2,5313,0.0003764351590438547
pudding,2,5313,0.0003764351590438547
eigenen,2,5313,0.0003764351590438547
korinthen,2,5313,0.0003764351590438547
flammerie,2,5313,0.0003764351590438547
unseres,2,5313,0.0003764351590438547
44,2,5313,0.0003764351590438547
seemannsart,2,5313,0.0003764351590438547
speckschwarten,2,5313,0.0003764351590438547
fleischgerichte,2,5313,0.0003764351590438547
götterspeise,2,5313,0.0003764351590438547
feinden,2,5313,0.0003764351590438547
kleinen,2,5313,0.0003764351590438547
unseren,2,5313,0.0003764351590438547
pfg,2,5313,0.0003764351590438547
2^,2,5313,0.0003764351590438547
schmack,2,5313,0.0003764351590438547
kgl,2,5313,0.0003764351590438547
gewendet,2,5313,0.0003764351590438547
sonst,2,5313,0.0003764351590438547
zncker,2,5313,0.0003764351590438547
beiden,2,5313,0.0003764351590438547
bratheringe,2,5313,0.0003764351590438547
allen,2,5313,0.0003764351590438547
getrocknete,2,5313,0.0003764351590438547
45,2,5313,0.0003764351590438547
schwarzbrot,2,5313,0.0003764351590438547
400,2,5313,0.0003764351590438547
hausfrauen,2,5313,0.0003764351590438547
just,2,5313,0.0003764351590438547
milchsuppe,2,5313,0.0003764351590438547
gebote,2,5313,0.0003764351590438547
schüssel,2,5313,0.0003764351590438547
immer,2,5313,0.0003764351590438547
gedünstet,2,5313,0.0003764351590438547
gewerbeschule,2,5313,0.0003764351590438547
formt,2,5313,0.0003764351590438547
bratfett,2,5313,0.0003764351590438547
darüber,2,5313,0.0003764351590438547
familie,2,5313,0.0003764351590438547
gezogenen,2,5313,0.0003764351590438547
ueberstreuen,2,5313,0.0003764351590438547
kochzeit,2,5313,0.0003764351590438547
fischgerichte,2,5313,0.0003764351590438547
pflicht,2,5313,0.0003764351590438547
vorwort,2,5313,0.0003764351590438547
ttartoffelgerichte,2,5313,0.0003764351590438547
gemischt,2,5313,0.0003764351590438547
vanille,2,5313,0.0003764351590438547
büchsen,2,5313,0.0003764351590438547
niit,2,5313,0.0003764351590438547
suppengrün,2,5313,0.0003764351590438547
gebrannt,2,5313,0.0003764351590438547
löffel,2,5313,0.0003764351590438547
herstellung,2,5313,0.0003764351590438547
wollen,2,5313,0.0003764351590438547
übergossen,2,5313,0.0003764351590438547
trockenmilch,2,5313,0.0003764351590438547
34,2,5313,0.0003764351590438547
back,2,5313,0.0003764351590438547
sauerkraut,2,5313,0.0003764351590438547
heiße,2,5313,0.0003764351590438547
hingestellt,2,5313,0.0003764351590438547
gelegt,2,5313,0.0003764351590438547
mostrich,2,5313,0.0003764351590438547
gehäufte,2,5313,0.0003764351590438547
löst,2,5313,0.0003764351590438547
daß,2,5313,0.0003764351590438547
senf,2,5313,0.0003764351590438547
muskatnuß,2,5313,0.0003764351590438547
nelken,2,5313,0.0003764351590438547
eßlöffeln,2,5313,0.0003764351590438547
richt,2,5313,0.0003764351590438547
aepseln,2,5313,0.0003764351590438547
ganze,2,5313,0.0003764351590438547
flüssigkeit,2,5313,0.0003764351590438547
dazu,2,5313,0.0003764351590438547
gemüseragout,2,5313,0.0003764351590438547
schuld,2,5313,0.0003764351590438547
od,1,5313,0.00018821757952192734
backfett,1,5313,0.00018821757952192734
sinenschale,1,5313,0.00018821757952192734
48,1,5313,0.00018821757952192734
nartoffelauflauf,1,5313,0.00018821757952192734
überstäubt,1,5313,0.00018821757952192734
lvv,1,5313,0.00018821757952192734
tzte,1,5313,0.00018821757952192734
abgießen,1,5313,0.00018821757952192734
suttermilchspeise,1,5313,0.00018821757952192734
gesal,1,5313,0.00018821757952192734
buttermilchsuppe,1,5313,0.00018821757952192734
bäckt,1,5313,0.00018821757952192734
sparens,1,5313,0.00018821757952192734
rechnung,1,5313,0.00018821757952192734
käses,1,5313,0.00018821757952192734
deutschen,1,5313,0.00018821757952192734
am,1,5313,0.00018821757952192734
anfertigung,1,5313,0.00018821757952192734
körper,1,5313,0.00018821757952192734
kochbücher,1,5313,0.00018821757952192734
mögen,1,5313,0.00018821757952192734
ttartoffelstückchen,1,5313,0.00018821757952192734
mau,1,5313,0.00018821757952192734
möglich,1,5313,0.00018821757952192734
fleischertrakr,1,5313,0.00018821757952192734
mengt,1,5313,0.00018821757952192734
schmortes,1,5313,0.00018821757952192734
grießklöße,1,5313,0.00018821757952192734
kartoffelbreies,1,5313,0.00018821757952192734
10l,1,5313,0.00018821757952192734
weißbrot,1,5313,0.00018821757952192734
verschiedene,1,5313,0.00018821757952192734
petersilienwurzeln,1,5313,0.00018821757952192734
roggeumehl,1,5313,0.00018821757952192734
stange,1,5313,0.00018821757952192734
entspricht,1,5313,0.00018821757952192734
zurückbehalten,1,5313,0.00018821757952192734
abgezogen,1,5313,0.00018821757952192734
kolonialwarenhand,1,5313,0.00018821757952192734
"„wollen""",1,5313,0.00018821757952192734
10v,1,5313,0.00018821757952192734
schwierigen,1,5313,0.00018821757952192734
ernährung,1,5313,0.00018821757952192734
könnte,1,5313,0.00018821757952192734
altgewohnten,1,5313,0.00018821757952192734
entgrätet,1,5313,0.00018821757952192734
pfefferkörner,1,5313,0.00018821757952192734
?s,1,5313,0.00018821757952192734
st,1,5313,0.00018821757952192734
jedermann,1,5313,0.00018821757952192734
iso,1,5313,0.00018821757952192734
25v,1,5313,0.00018821757952192734
seiner,1,5313,0.00018821757952192734
300,1,5313,0.00018821757952192734
kompott,1,5313,0.00018821757952192734
preis,1,5313,0.00018821757952192734
backpulver,1,5313,0.00018821757952192734
fettes,1,5313,0.00018821757952192734
klößchen,1,5313,0.00018821757952192734
buttermilchspeise,1,5313,0.00018821757952192734
knapp,1,5313,0.00018821757952192734
sreien,1,5313,0.00018821757952192734
ausgepreßt,1,5313,0.00018821757952192734
vereinßdruckerei,1,5313,0.00018821757952192734
rot,1,5313,0.00018821757952192734
gehacktes,1,5313,0.00018821757952192734
vorbereitete,1,5313,0.00018821757952192734
solche,1,5313,0.00018821757952192734
haushalt,1,5313,0.00018821757952192734
können,1,5313,0.00018821757952192734
aufgestellt,1,5313,0.00018821757952192734
speisever,1,5313,0.00018821757952192734
anwendung,1,5313,0.00018821757952192734
unzerschnitten,1,5313,0.00018821757952192734
leben,1,5313,0.00018821757952192734
vieles,1,5313,0.00018821757952192734
bremen,1,5313,0.00018821757952192734
fr,1,5313,0.00018821757952192734
cm,1,5313,0.00018821757952192734
iägerkohl,1,5313,0.00018821757952192734
weiterer,1,5313,0.00018821757952192734
beigefügten,1,5313,0.00018821757952192734
wenig,1,5313,0.00018821757952192734
jeden,1,5313,0.00018821757952192734
fle,1,5313,0.00018821757952192734
65,1,5313,0.00018821757952192734
aepsel,1,5313,0.00018821757952192734
kartoffelstückchen,1,5313,0.00018821757952192734
merden,1,5313,0.00018821757952192734
bracht,1,5313,0.00018821757952192734
rezepten,1,5313,0.00018821757952192734
gelösten,1,5313,0.00018821757952192734
1>,1,5313,0.00018821757952192734
befolgen,1,5313,0.00018821757952192734
beimischung,1,5313,0.00018821757952192734
see,1,5313,0.00018821757952192734
umstand,1,5313,0.00018821757952192734
schmeckende,1,5313,0.00018821757952192734
grießpudding,1,5313,0.00018821757952192734
apfelsine,1,5313,0.00018821757952192734
wiesenen,1,5313,0.00018821757952192734
fisch,1,5313,0.00018821757952192734
seit,1,5313,0.00018821757952192734
mäßig,1,5313,0.00018821757952192734
nachdenke,1,5313,0.00018821757952192734
nährpräparat,1,5313,0.00018821757952192734
schmackhaft,1,5313,0.00018821757952192734
fischreste,1,5313,0.00018821757952192734
feine,1,5313,0.00018821757952192734
ers,1,5313,0.00018821757952192734
weitzem,1,5313,0.00018821757952192734
wohlgeschmack,1,5313,0.00018821757952192734
nächsten,1,5313,0.00018821757952192734
festen,1,5313,0.00018821757952192734
enthält,1,5313,0.00018821757952192734
stiftungsoerlag,1,5313,0.00018821757952192734
gestoßene,1,5313,0.00018821757952192734
heißem,1,5313,0.00018821757952192734
erschienen,1,5313,0.00018821757952192734
ttartoffeln,1,5313,0.00018821757952192734
gemüsen,1,5313,0.00018821757952192734
benutzung,1,5313,0.00018821757952192734
öer,1,5313,0.00018821757952192734
iii,1,5313,0.00018821757952192734
lebens,1,5313,0.00018821757952192734
bnttcrinilchplinsen,1,5313,0.00018821757952192734
rind,1,5313,0.00018821757952192734
vergeudet,1,5313,0.00018821757952192734
reichlich,1,5313,0.00018821757952192734
knolle,1,5313,0.00018821757952192734
elisabeth,1,5313,0.00018821757952192734
auswahl,1,5313,0.00018821757952192734
volkes?,1,5313,0.00018821757952192734
mitkochen,1,5313,0.00018821757952192734
billiger,1,5313,0.00018821757952192734
schienen,1,5313,0.00018821757952192734
ergeben,1,5313,0.00018821757952192734
karl,1,5313,0.00018821757952192734
führung,1,5313,0.00018821757952192734
lasse,1,5313,0.00018821757952192734
gereicht,1,5313,0.00018821757952192734
töllner,1,5313,0.00018821757952192734
erfolg,1,5313,0.00018821757952192734
wem,1,5313,0.00018821757952192734
sprechenden,1,5313,0.00018821757952192734
gewaschenen,1,5313,0.00018821757952192734
gegenwart,1,5313,0.00018821757952192734
treuen,1,5313,0.00018821757952192734
geführt,1,5313,0.00018821757952192734
richtet,1,5313,0.00018821757952192734
zwiebelsotze,1,5313,0.00018821757952192734
15v,1,5313,0.00018821757952192734
ernte,1,5313,0.00018821757952192734
pökelfleisch,1,5313,0.00018821757952192734
löffeln,1,5313,0.00018821757952192734
zweckent,1,5313,0.00018821757952192734
lau,1,5313,0.00018821757952192734
soda,1,5313,0.00018821757952192734
1000,1,5313,0.00018821757952192734
gerichts,1,5313,0.00018821757952192734
au,1,5313,0.00018821757952192734
makkaronipudding,1,5313,0.00018821757952192734
apfelsinen,1,5313,0.00018821757952192734
existenz,1,5313,0.00018821757952192734
sackobst,1,5313,0.00018821757952192734
sieden,1,5313,0.00018821757952192734
eigenem,1,5313,0.00018821757952192734
>>,1,5313,0.00018821757952192734
eiern,1,5313,0.00018821757952192734
vegetabilischen,1,5313,0.00018821757952192734
erprobt,1,5313,0.00018821757952192734
kartoffelflockenniehl,1,5313,0.00018821757952192734
inzwischen,1,5313,0.00018821757952192734
erweiterte,1,5313,0.00018821757952192734
anregen,1,5313,0.00018821757952192734
aufs,1,5313,0.00018821757952192734
flammeris,1,5313,0.00018821757952192734
keiner,1,5313,0.00018821757952192734
grießauflauf,1,5313,0.00018821757952192734
setzen,1,5313,0.00018821757952192734
wert,1,5313,0.00018821757952192734
vuttermilchplinsen,1,5313,0.00018821757952192734
liegen,1,5313,0.00018821757952192734
wichtigen,1,5313,0.00018821757952192734
möchte,1,5313,0.00018821757952192734
gießt,1,5313,0.00018821757952192734
nachdenken,1,5313,0.00018821757952192734
doch,1,5313,0.00018821757952192734
kommender,1,5313,0.00018821757952192734
2>,1,5313,0.00018821757952192734
1w,1,5313,0.00018821757952192734
stücken,1,5313,0.00018821757952192734
beim,1,5313,0.00018821757952192734
hühnereies,1,5313,0.00018821757952192734
gestürzt,1,5313,0.00018821757952192734
spart,1,5313,0.00018821757952192734
gewicht,1,5313,0.00018821757952192734
niemand,1,5313,0.00018821757952192734
ausgelösten,1,5313,0.00018821757952192734
backsett,1,5313,0.00018821757952192734
geriebenen,1,5313,0.00018821757952192734
nährpräparate,1,5313,0.00018821757952192734
nein,1,5313,0.00018821757952192734
vuchiveizenmehl,1,5313,0.00018821757952192734
getrockneten,1,5313,0.00018821757952192734
sago,1,5313,0.00018821757952192734
sämtliche,1,5313,0.00018821757952192734
ausgefüllt,1,5313,0.00018821757952192734
kapern,1,5313,0.00018821757952192734
preise,1,5313,0.00018821757952192734
zenem,1,5313,0.00018821757952192734
äanncmann,1,5313,0.00018821757952192734
getragen,1,5313,0.00018821757952192734
liriegzkxlhbulli,1,5313,0.00018821757952192734
zutateu,1,5313,0.00018821757952192734
noggen,1,5313,0.00018821757952192734
wegzkochbilift,1,5313,0.00018821757952192734
übri,1,5313,0.00018821757952192734
berlin,1,5313,0.00018821757952192734
nährstoff,1,5313,0.00018821757952192734
kalte,1,5313,0.00018821757952192734
jedes,1,5313,0.00018821757952192734
summiert,1,5313,0.00018821757952192734
angegeben,1,5313,0.00018821757952192734
auskochen,1,5313,0.00018821757952192734
hälfte,1,5313,0.00018821757952192734
mög,1,5313,0.00018821757952192734
hefe,1,5313,0.00018821757952192734
laden?,1,5313,0.00018821757952192734
süsze,1,5313,0.00018821757952192734
gekochr,1,5313,0.00018821757952192734
verbraucht,1,5313,0.00018821757952192734
schließen,1,5313,0.00018821757952192734
zweite,1,5313,0.00018821757952192734
manche,1,5313,0.00018821757952192734
frau,1,5313,0.00018821757952192734
denen,1,5313,0.00018821757952192734
gelblich,1,5313,0.00018821757952192734
lebensmitteln,1,5313,0.00018821757952192734
bekannten,1,5313,0.00018821757952192734
beste,1,5313,0.00018821757952192734
vanillezucker,1,5313,0.00018821757952192734
1sv,1,5313,0.00018821757952192734
übergeben,1,5313,0.00018821757952192734
keine,1,5313,0.00018821757952192734
vermengten,1,5313,0.00018821757952192734
lebt,1,5313,0.00018821757952192734
verwendeten,1,5313,0.00018821757952192734
beherzige,1,5313,0.00018821757952192734
fleischreste,1,5313,0.00018821757952192734
gestellten,1,5313,0.00018821757952192734
frsiienhlllse,1,5313,0.00018821757952192734
kartoffelklöße,1,5313,0.00018821757952192734
eürrypulver,1,5313,0.00018821757952192734
teilweise,1,5313,0.00018821757952192734
erhöht,1,5313,0.00018821757952192734
verquirlt,1,5313,0.00018821757952192734
kenden,1,5313,0.00018821757952192734
ange,1,5313,0.00018821757952192734
denke,1,5313,0.00018821757952192734
einschränkung,1,5313,0.00018821757952192734
ringens,1,5313,0.00018821757952192734
ehlöffel,1,5313,0.00018821757952192734
wacholderbeeren,1,5313,0.00018821757952192734
beeinträchtigt,1,5313,0.00018821757952192734
iy,1,5313,0.00018821757952192734
tomaten,1,5313,0.00018821757952192734
apfelsinenschale,1,5313,0.00018821757952192734
trockenmilch^,1,5313,0.00018821757952192734
beschrän,1,5313,0.00018821757952192734
gerieb,1,5313,0.00018821757952192734
wohlschmeckenden,1,5313,0.00018821757952192734
lich,1,5313,0.00018821757952192734
vuttermilchsuppe,1,5313,0.00018821757952192734
brotes,1,5313,0.00018821757952192734
schaumig,1,5313,0.00018821757952192734
kolvnialwarengeschäfte,1,5313,0.00018821757952192734
größere,1,5313,0.00018821757952192734
gegenwärtigen,1,5313,0.00018821757952192734
parmesan,1,5313,0.00018821757952192734
gelee,1,5313,0.00018821757952192734
grietzklötze,1,5313,0.00018821757952192734
riebene,1,5313,0.00018821757952192734
streut,1,5313,0.00018821757952192734
stellen,1,5313,0.00018821757952192734
extrakt,1,5313,0.00018821757952192734
kuchen,1,5313,0.00018821757952192734
cürry,1,5313,0.00018821757952192734
rinderpökelbrust,1,5313,0.00018821757952192734
gebräunten,1,5313,0.00018821757952192734
"""auch",1,5313,0.00018821757952192734
reste,1,5313,0.00018821757952192734
ttartoffelauflauf,1,5313,0.00018821757952192734
obersten,1,5313,0.00018821757952192734
re,1,5313,0.00018821757952192734
gossene,1,5313,0.00018821757952192734
näse,1,5313,0.00018821757952192734
bestim,1,5313,0.00018821757952192734
bestäubten,1,5313,0.00018821757952192734
verwende,1,5313,0.00018821757952192734
berücksichtigung,1,5313,0.00018821757952192734
mehrleistungen,1,5313,0.00018821757952192734
inhaltsverzeichnis,1,5313,0.00018821757952192734
kriegsmonat,1,5313,0.00018821757952192734
schnce,1,5313,0.00018821757952192734
verarbeiten,1,5313,0.00018821757952192734
ssich,1,5313,0.00018821757952192734
warenhandlungen,1,5313,0.00018821757952192734
kochten,1,5313,0.00018821757952192734
sultaninen,1,5313,0.00018821757952192734
stets,1,5313,0.00018821757952192734
makkaronipndding,1,5313,0.00018821757952192734
nahrhafte,1,5313,0.00018821757952192734
eürrhpulver,1,5313,0.00018821757952192734
darauf,1,5313,0.00018821757952192734
hervorgehend,1,5313,0.00018821757952192734
sein,1,5313,0.00018821757952192734
suppeneinlage,1,5313,0.00018821757952192734
johanna,1,5313,0.00018821757952192734
zeitigt,1,5313,0.00018821757952192734
deren,1,5313,0.00018821757952192734
geröstet,1,5313,0.00018821757952192734
zugefüllt,1,5313,0.00018821757952192734
gelten,1,5313,0.00018821757952192734
schriften,1,5313,0.00018821757952192734
ausgebreitet,1,5313,0.00018821757952192734
versuchen,1,5313,0.00018821757952192734
kommt,1,5313,0.00018821757952192734
ihre,1,5313,0.00018821757952192734
haarsieb,1,5313,0.00018821757952192734
brett,1,5313,0.00018821757952192734
gilt,1,5313,0.00018821757952192734
entweder,1,5313,0.00018821757952192734
tausens,1,5313,0.00018821757952192734
nachdem,1,5313,0.00018821757952192734
zusammenzu,1,5313,0.00018821757952192734
tausend,1,5313,0.00018821757952192734
rveitzkohl,1,5313,0.00018821757952192734
geschwenkt,1,5313,0.00018821757952192734
lveihkohl,1,5313,0.00018821757952192734
karamelifiert,1,5313,0.00018821757952192734
lorbeerblätter,1,5313,0.00018821757952192734
aufgaben,1,5313,0.00018821757952192734
geniüse,1,5313,0.00018821757952192734
zuckerwasser,1,5313,0.00018821757952192734
zeitgeinäsze,1,5313,0.00018821757952192734
tuch,1,5313,0.00018821757952192734
ernährungssrage,1,5313,0.00018821757952192734
prüfen,1,5313,0.00018821757952192734
großen,1,5313,0.00018821757952192734
befreit,1,5313,0.00018821757952192734
allein,1,5313,0.00018821757952192734
suppengemüse,1,5313,0.00018821757952192734
seile,1,5313,0.00018821757952192734
abgeriebene,1,5313,0.00018821757952192734
dünsteten,1,5313,0.00018821757952192734
erhitzt,1,5313,0.00018821757952192734
schau,1,5313,0.00018821757952192734
lehr,1,5313,0.00018821757952192734
wieder,1,5313,0.00018821757952192734
ans,1,5313,0.00018821757952192734
sütze,1,5313,0.00018821757952192734
da,1,5313,0.00018821757952192734
herausgabe,1,5313,0.00018821757952192734
unzerfchnitten,1,5313,0.00018821757952192734
stift,1,5313,0.00018821757952192734
gestampft,1,5313,0.00018821757952192734
bratet,1,5313,0.00018821757952192734
zwischen,1,5313,0.00018821757952192734
gebrachten,1,5313,0.00018821757952192734
graupen,1,5313,0.00018821757952192734
aufzuklären,1,5313,0.00018821757952192734
ttlöbe,1,5313,0.00018821757952192734
ragout,1,5313,0.00018821757952192734
buch,1,5313,0.00018821757952192734
rest,1,5313,0.00018821757952192734
verfügung,1,5313,0.00018821757952192734
keinem,1,5313,0.00018821757952192734
runde,1,5313,0.00018821757952192734
ob,1,5313,0.00018821757952192734
mig,1,5313,0.00018821757952192734
bade,1,5313,0.00018821757952192734
dürfte,1,5313,0.00018821757952192734
viele,1,5313,0.00018821757952192734
hängt,1,5313,0.00018821757952192734
apfel,1,5313,0.00018821757952192734
nndeln,1,5313,0.00018821757952192734
150,1,5313,0.00018821757952192734
darunter,1,5313,0.00018821757952192734
verwendet,1,5313,0.00018821757952192734
gerichte,1,5313,0.00018821757952192734
steifem,1,5313,0.00018821757952192734
kriegstochbuch,1,5313,0.00018821757952192734
halbe,1,5313,0.00018821757952192734
backpslaumen,1,5313,0.00018821757952192734
mungen,1,5313,0.00018821757952192734
eingelegte,1,5313,0.00018821757952192734
vorübergehende,1,5313,0.00018821757952192734
kiemen,1,5313,0.00018821757952192734
türrq,1,5313,0.00018821757952192734
abgerieben,1,5313,0.00018821757952192734
dein,1,5313,0.00018821757952192734
wohlge,1,5313,0.00018821757952192734
beilage,1,5313,0.00018821757952192734
garkochen,1,5313,0.00018821757952192734
zerstampft,1,5313,0.00018821757952192734
heiligen,1,5313,0.00018821757952192734
sügt,1,5313,0.00018821757952192734
geriebenes,1,5313,0.00018821757952192734
nartoffelklöke,1,5313,0.00018821757952192734
275,1,5313,0.00018821757952192734
stiftungsverlag,1,5313,0.00018821757952192734
graues,1,5313,0.00018821757952192734
nartoffeln,1,5313,0.00018821757952192734
ne,1,5313,0.00018821757952192734
kartoffelpresse,1,5313,0.00018821757952192734
gewiegtes,1,5313,0.00018821757952192734
i7,1,5313,0.00018821757952192734
ernstlich,1,5313,0.00018821757952192734
dunkle,1,5313,0.00018821757952192734
erfahrungen,1,5313,0.00018821757952192734
gerührt,1,5313,0.00018821757952192734
reichlicher,1,5313,0.00018821757952192734
mädchen,1,5313,0.00018821757952192734
apfelscheiben,1,5313,0.00018821757952192734
zv,1,5313,0.00018821757952192734
gestrichene,1,5313,0.00018821757952192734
alles,1,5313,0.00018821757952192734
richten,1,5313,0.00018821757952192734
paketen,1,5313,0.00018821757952192734
mancher,1,5313,0.00018821757952192734
entsprechend,1,5313,0.00018821757952192734
sellerie,1,5313,0.00018821757952192734
kriegsverhältnissen,1,5313,0.00018821757952192734
gossen,1,5313,0.00018821757952192734
brauch,1,5313,0.00018821757952192734
"um""",1,5313,0.00018821757952192734
kartoffelmasse,1,5313,0.00018821757952192734
y,1,5313,0.00018821757952192734
andere,1,5313,0.00018821757952192734
zusammenzusetzen,1,5313,0.00018821757952192734
jedoch,1,5313,0.00018821757952192734
eßlössel,1,5313,0.00018821757952192734
getränk,1,5313,0.00018821757952192734
zwungen,1,5313,0.00018821757952192734
beliebig,1,5313,0.00018821757952192734
zerschnittene,1,5313,0.00018821757952192734
knappen,1,5313,0.00018821757952192734
fleischbrühe,1,5313,0.00018821757952192734
besonders,1,5313,0.00018821757952192734
unserer,1,5313,0.00018821757952192734
haar,1,5313,0.00018821757952192734
schlägt,1,5313,0.00018821757952192734
o,1,5313,0.00018821757952192734
angedünstet,1,5313,0.00018821757952192734
angerührten,1,5313,0.00018821757952192734
120,1,5313,0.00018821757952192734
verbundenen,1,5313,0.00018821757952192734
12k,1,5313,0.00018821757952192734
lungen,1,5313,0.00018821757952192734
ivl,1,5313,0.00018821757952192734
50,1,5313,0.00018821757952192734
fruchtgelee,1,5313,0.00018821757952192734
ersetzen,1,5313,0.00018821757952192734
verzichtet,1,5313,0.00018821757952192734
kannt,1,5313,0.00018821757952192734
mann,1,5313,0.00018821757952192734
ziehung,1,5313,0.00018821757952192734
ziele,1,5313,0.00018821757952192734
schneidet,1,5313,0.00018821757952192734
eigene,1,5313,0.00018821757952192734
zepte,1,5313,0.00018821757952192734
seinem,1,5313,0.00018821757952192734
isch,1,5313,0.00018821757952192734
hitze,1,5313,0.00018821757952192734
versorgung,1,5313,0.00018821757952192734
verteilt,1,5313,0.00018821757952192734
backpflaumen,1,5313,0.00018821757952192734
psesfer,1,5313,0.00018821757952192734
flugblätter,1,5313,0.00018821757952192734
79,1,5313,0.00018821757952192734
pflegt,1,5313,0.00018821757952192734
mittlerer,1,5313,0.00018821757952192734
dadurch,1,5313,0.00018821757952192734
überhoben,1,5313,0.00018821757952192734
grietzauflauf,1,5313,0.00018821757952192734
bisher,1,5313,0.00018821757952192734
weiteren,1,5313,0.00018821757952192734
schwach,1,5313,0.00018821757952192734
kepfel,1,5313,0.00018821757952192734
vorsteherin,1,5313,0.00018821757952192734
auflage,1,5313,0.00018821757952192734
pilz,1,5313,0.00018821757952192734
zeitungen,1,5313,0.00018821757952192734
kollegium,1,5313,0.00018821757952192734
gewürzten,1,5313,0.00018821757952192734
führen,1,5313,0.00018821757952192734
gegenwärtig,1,5313,0.00018821757952192734
zusammen,1,5313,0.00018821757952192734
verwendung,1,5313,0.00018821757952192734
geschmortes,1,5313,0.00018821757952192734
wahrscheinlich,1,5313,0.00018821757952192734
ingwer,1,5313,0.00018821757952192734
1s,1,5313,0.00018821757952192734
vorschriftsmäßig,1,5313,0.00018821757952192734
schicht,1,5313,0.00018821757952192734
quirlte,1,5313,0.00018821757952192734
umfange,1,5313,0.00018821757952192734
brenne,1,5313,0.00018821757952192734
geworden,1,5313,0.00018821757952192734
wertvolles,1,5313,0.00018821757952192734
zerlassenen,1,5313,0.00018821757952192734
pflaumenmussotze,1,5313,0.00018821757952192734
sauren,1,5313,0.00018821757952192734
gen,1,5313,0.00018821757952192734
vorträge,1,5313,0.00018821757952192734
grob,1,5313,0.00018821757952192734
kuflauf,1,5313,0.00018821757952192734
gärungsgewerbe,1,5313,0.00018821757952192734
kreise,1,5313,0.00018821757952192734
februar,1,5313,0.00018821757952192734
ungsverlag,1,5313,0.00018821757952192734
eingefüllt,1,5313,0.00018821757952192734
59,1,5313,0.00018821757952192734
deutscher,1,5313,0.00018821757952192734
füllen,1,5313,0.00018821757952192734
allem,1,5313,0.00018821757952192734
zerkocht,1,5313,0.00018821757952192734
kpfelstnenspeise,1,5313,0.00018821757952192734
gestellt,1,5313,0.00018821757952192734
nnt,1,5313,0.00018821757952192734
weizenmehles,1,5313,0.00018821757952192734
apselsinenscheiben,1,5313,0.00018821757952192734
einzelne,1,5313,0.00018821757952192734
finden,1,5313,0.00018821757952192734
nachstehenden,1,5313,0.00018821757952192734
braim,1,5313,0.00018821757952192734
bekösti,1,5313,0.00018821757952192734
wäre,1,5313,0.00018821757952192734
institut,1,5313,0.00018821757952192734
raum,1,5313,0.00018821757952192734
schweinefleisch,1,5313,0.00018821757952192734
durchgeknetet,1,5313,0.00018821757952192734
hinzugegeben,1,5313,0.00018821757952192734
lagen,1,5313,0.00018821757952192734
weil,1,5313,0.00018821757952192734
ebenso,1,5313,0.00018821757952192734
54,1,5313,0.00018821757952192734
wasserbad,1,5313,0.00018821757952192734
verziert,1,5313,0.00018821757952192734
ernährungsfrage,1,5313,0.00018821757952192734
jahren,1,5313,0.00018821757952192734
nitben,1,5313,0.00018821757952192734
früchte,1,5313,0.00018821757952192734
lauwarmen,1,5313,0.00018821757952192734
ueberstrenen,1,5313,0.00018821757952192734
bücher,1,5313,0.00018821757952192734
damit,1,5313,0.00018821757952192734
40,1,5313,0.00018821757952192734
1k,1,5313,0.00018821757952192734
gewürzkörner,1,5313,0.00018821757952192734
fruchtsaft,1,5313,0.00018821757952192734
lt>,1,5313,0.00018821757952192734
soust,1,5313,0.00018821757952192734
reis,1,5313,0.00018821757952192734
ttochsack,1,5313,0.00018821757952192734
süß,1,5313,0.00018821757952192734
schließe,1,5313,0.00018821757952192734
gespülte,1,5313,0.00018821757952192734
dick,1,5313,0.00018821757952192734
verwerten,1,5313,0.00018821757952192734
arnold,1,5313,0.00018821757952192734
1vv,1,5313,0.00018821757952192734
senfsosze,1,5313,0.00018821757952192734
richtigen,1,5313,0.00018821757952192734
kochenden,1,5313,0.00018821757952192734
nun,1,5313,0.00018821757952192734
größe,1,5313,0.00018821757952192734
1915,1,5313,0.00018821757952192734
personen,1,5313,0.00018821757952192734
um,1,5313,0.00018821757952192734
gung,1,5313,0.00018821757952192734
zuträgliches,1,5313,0.00018821757952192734
zrauenhülfe,1,5313,0.00018821757952192734
vegetabil,1,5313,0.00018821757952192734
°,1,5313,0.00018821757952192734
hirsebrei,1,5313,0.00018821757952192734
resten,1,5313,0.00018821757952192734
beträgt,1,5313,0.00018821757952192734
stück,1,5313,0.00018821757952192734
abteilung,1,5313,0.00018821757952192734
nahrungsmitteln,1,5313,0.00018821757952192734
gewässert,1,5313,0.00018821757952192734
land,1,5313,0.00018821757952192734
einlegen,1,5313,0.00018821757952192734
_,1,5313,0.00018821757952192734
behördlicher,1,5313,0.00018821757952192734
unbequemlichkeiten,1,5313,0.00018821757952192734
daran,1,5313,0.00018821757952192734
35,1,5313,0.00018821757952192734
r,1,5313,0.00018821757952192734
keit,1,5313,0.00018821757952192734
praktische,1,5313,0.00018821757952192734
empfohlen,1,5313,0.00018821757952192734
karwffel,1,5313,0.00018821757952192734
augen,1,5313,0.00018821757952192734
feindes,1,5313,0.00018821757952192734
«,1,5313,0.00018821757952192734
ersparnis,1,5313,0.00018821757952192734
lösung,1,5313,0.00018821757952192734
erweisen,1,5313,0.00018821757952192734
zwange,1,5313,0.00018821757952192734
tier,1,5313,0.00018821757952192734
nartoffelflockenmehl,1,5313,0.00018821757952192734
wärmste,1,5313,0.00018821757952192734
grietzpudding,1,5313,0.00018821757952192734
schnell,1,5313,0.00018821757952192734
h,1,5313,0.00018821757952192734
gewordenen,1,5313,0.00018821757952192734
gelbes,1,5313,0.00018821757952192734
aepselu,1,5313,0.00018821757952192734
hauswirtschaftlichen,1,5313,0.00018821757952192734
dieser,1,5313,0.00018821757952192734
gerieben?,1,5313,0.00018821757952192734
salzheringe,1,5313,0.00018821757952192734
apfelsinenspeise,1,5313,0.00018821757952192734
motze,1,5313,0.00018821757952192734
würfeln,1,5313,0.00018821757952192734
2v,1,5313,0.00018821757952192734
schweizerkäse,1,5313,0.00018821757952192734
ihn,1,5313,0.00018821757952192734
kochvor,1,5313,0.00018821757952192734
psg,1,5313,0.00018821757952192734
einigen,1,5313,0.00018821757952192734
sauerkohl,1,5313,0.00018821757952192734
gewiegt,1,5313,0.00018821757952192734
riebenen,1,5313,0.00018821757952192734
durchschnittlich,1,5313,0.00018821757952192734
angerichtet,1,5313,0.00018821757952192734
sommer,1,5313,0.00018821757952192734
kolonial,1,5313,0.00018821757952192734
fleischsuppe,1,5313,0.00018821757952192734
80,1,5313,0.00018821757952192734
mus,1,5313,0.00018821757952192734
klößen,1,5313,0.00018821757952192734
gesunden,1,5313,0.00018821757952192734
steifen,1,5313,0.00018821757952192734
wendbar,1,5313,0.00018821757952192734
kämpfer,1,5313,0.00018821757952192734
auflauf,1,5313,0.00018821757952192734
bieten,1,5313,0.00018821757952192734
kartoffelslockeumehl,1,5313,0.00018821757952192734
dieses,1,5313,0.00018821757952192734
höher,1,5313,0.00018821757952192734
erhitzten,1,5313,0.00018821757952192734
gesundheit,1,5313,0.00018821757952192734
fruchtsast,1,5313,0.00018821757952192734
37,1,5313,0.00018821757952192734
blut,1,5313,0.00018821757952192734
berechnet,1,5313,0.00018821757952192734
bindet,1,5313,0.00018821757952192734
fehlen,1,5313,0.00018821757952192734
hühnerei,1,5313,0.00018821757952192734
kesten,1,5313,0.00018821757952192734
lv,1,5313,0.00018821757952192734
tan,1,5313,0.00018821757952192734
sei,1,5313,0.00018821757952192734
iu,1,5313,0.00018821757952192734
jägerkohl,1,5313,0.00018821757952192734
essigbrühe,1,5313,0.00018821757952192734
pflaumeumusfoße,1,5313,0.00018821757952192734
handel,1,5313,0.00018821757952192734
leider,1,5313,0.00018821757952192734
säure,1,5313,0.00018821757952192734
abkühlung,1,5313,0.00018821757952192734
gemüse,1,5313,0.00018821757952192734
anch,1,5313,0.00018821757952192734
etzlöffel,1,5313,0.00018821757952192734
gibt,1,5313,0.00018821757952192734
päckchen,1,5313,0.00018821757952192734
kartofs,1,5313,0.00018821757952192734
rohe,1,5313,0.00018821757952192734
daraus,1,5313,0.00018821757952192734
