ngram,count,total_words,frequency
mit,130,4484,0.028991971454058876
in,116,4484,0.025869759143621766
die,116,4484,0.025869759143621766
und,111,4484,0.024754683318465656
nnd,73,4484,0.016280107047279214
der,63,4484,0.014049955396966993
werden,59,4484,0.013157894736842105
wird,58,4484,0.012934879571810883
oder,54,4484,0.012042818911685994
man,48,4484,0.010704727921498661
zu,40,4484,0.008920606601248885
2,38,4484,0.00847457627118644
etwas,37,4484,0.00825156110615522
uud,37,4484,0.00825156110615522
eine,33,4484,0.0073595004460303304
salz,33,4484,0.0073595004460303304
wasser,31,4484,0.006913470115967886
das,31,4484,0.006913470115967886
kartoffeln,30,4484,0.006690454950936664
den,28,4484,0.006244424620874219
milch,26,4484,0.005798394290811775
von,24,4484,0.0053523639607493305
i,24,4484,0.0053523639607493305
dem,23,4484,0.005129348795718109
gibt,23,4484,0.005129348795718109
dann,23,4484,0.005129348795718109
fleisch,21,4484,0.004683318465655665
fett,21,4484,0.004683318465655665
mehl,20,4484,0.0044603033006244425
sie,20,4484,0.0044603033006244425
gekocht,19,4484,0.00423728813559322
1,19,4484,0.00423728813559322
läßt,18,4484,0.004014272970561998
einem,18,4484,0.004014272970561998
ein,18,4484,0.004014272970561998
suppe,18,4484,0.004014272970561998
es,17,4484,0.003791257805530776
gut,17,4484,0.003791257805530776
zwiebel,17,4484,0.003791257805530776
4,16,4484,0.003568242640499554
ge,16,4484,0.003568242640499554
ab,16,4484,0.003568242640499554
geschnitten,16,4484,0.003568242640499554
ist,15,4484,0.003345227475468332
ei,15,4484,0.003345227475468332
butter,15,4484,0.003345227475468332
teig,15,4484,0.003345227475468332
pfund,14,4484,0.0031222123104371097
stunde,14,4484,0.0031222123104371097
salzwasser,14,4484,0.0031222123104371097
iu,13,4484,0.0028991971454058875
noch,13,4484,0.0028991971454058875
zucker,13,4484,0.0028991971454058875
dazu,13,4484,0.0028991971454058875
fleischbrühe,13,4484,0.0028991971454058875
einer,12,4484,0.0026761819803746653
kleine,12,4484,0.0026761819803746653
kartoffel,12,4484,0.0026761819803746653
nach,12,4484,0.0026761819803746653
zn,12,4484,0.0026761819803746653
kochen,12,4484,0.0026761819803746653
auf,12,4484,0.0026761819803746653
geriebene,11,4484,0.0024531668153434435
gegeben,11,4484,0.0024531668153434435
als,11,4484,0.0024531668153434435
des,11,4484,0.0024531668153434435
im,11,4484,0.0024531668153434435
mau,10,4484,0.0022301516503122213
sich,10,4484,0.0022301516503122213
eigelb,10,4484,0.0022301516503122213
diese,10,4484,0.0022301516503122213
fein,10,4484,0.0022301516503122213
gebacken,10,4484,0.0022301516503122213
^,10,4484,0.0022301516503122213
scheiben,10,4484,0.0022301516503122213
zeit,9,4484,0.002007136485280999
würfel,9,4484,0.002007136485280999
bis,9,4484,0.002007136485280999
aus,9,4484,0.002007136485280999
gelb,9,4484,0.002007136485280999
pfeffer,9,4484,0.002007136485280999
löffel,9,4484,0.002007136485280999
6,9,4484,0.002007136485280999
lassen,9,4484,0.002007136485280999
etwa,9,4484,0.002007136485280999
löscht,8,4484,0.001784121320249777
rahm,8,4484,0.001784121320249777
sauce,8,4484,0.001784121320249777
kocht,8,4484,0.001784121320249777
geschält,8,4484,0.001784121320249777
einige,8,4484,0.001784121320249777
geriebenen,8,4484,0.001784121320249777
ver,8,4484,0.001784121320249777
minuten,7,4484,0.0015611061552185548
stunden,7,4484,0.0015611061552185548
gar,7,4484,0.0015611061552185548
weich,7,4484,0.0015611061552185548
auch,7,4484,0.0015611061552185548
gnt,7,4484,0.0015611061552185548
aepfel,7,4484,0.0015611061552185548
alles,7,4484,0.0015611061552185548
nicht,7,4484,0.0015611061552185548
10,7,4484,0.0015611061552185548
gemüse,7,4484,0.0015611061552185548
belieben,7,4484,0.0015611061552185548
eier,7,4484,0.0015611061552185548
stückchen,7,4484,0.0015611061552185548
eßlöffel,7,4484,0.0015611061552185548
8,7,4484,0.0015611061552185548
verwendet,7,4484,0.0015611061552185548
geröstet,7,4484,0.0015611061552185548
gekochte,7,4484,0.0015611061552185548
schön,6,4484,0.0013380909901873326
heißem,6,4484,0.0013380909901873326
lage,6,4484,0.0013380909901873326
zum,6,4484,0.0013380909901873326
schale,6,4484,0.0013380909901873326
abgelöscht,6,4484,0.0013380909901873326
sind,6,4484,0.0013380909901873326
ar,6,4484,0.0013380909901873326
^2,6,4484,0.0013380909901873326
für,6,4484,0.0013380909901873326
l,6,4484,0.0013380909901873326
braten,6,4484,0.0013380909901873326
wenn,6,4484,0.0013380909901873326
anrichten,6,4484,0.0013380909901873326
gelegt,6,4484,0.0013380909901873326
1^,6,4484,0.0013380909901873326
heiß,6,4484,0.0013380909901873326
gerührt,6,4484,0.0013380909901873326
pfd,6,4484,0.0013380909901873326
aber,6,4484,0.0013380909901873326
bntter,6,4484,0.0013380909901873326
hellgelb,6,4484,0.0013380909901873326
masse,5,4484,0.0011150758251561106
gelbe,5,4484,0.0011150758251561106
serviert,5,4484,0.0011150758251561106
macht,5,4484,0.0011150758251561106
speise,5,4484,0.0011150758251561106
kartoffelmehl,5,4484,0.0011150758251561106
nudeln,5,4484,0.0011150758251561106
formt,5,4484,0.0011150758251561106
zimt,5,4484,0.0011150758251561106
tasse,5,4484,0.0011150758251561106
stück,5,4484,0.0011150758251561106
werdeu,5,4484,0.0011150758251561106
einen,5,4484,0.0011150758251561106
gedämpft,5,4484,0.0011150758251561106
kann,5,4484,0.0011150758251561106
ofen,5,4484,0.0011150758251561106
ihn,5,4484,0.0011150758251561106
rührt,5,4484,0.0011150758251561106
3,5,4484,0.0011150758251561106
kar,5,4484,0.0011150758251561106
schmalz,5,4484,0.0011150758251561106
rüben,5,4484,0.0011150758251561106
stücke,5,4484,0.0011150758251561106
schaumig,5,4484,0.0011150758251561106
ganze,5,4484,0.0011150758251561106
schweinefleisch,5,4484,0.0011150758251561106
deu,5,4484,0.0011150758251561106
vor,5,4484,0.0011150758251561106
durch,5,4484,0.0011150758251561106
zncker,5,4484,0.0011150758251561106
essig,5,4484,0.0011150758251561106
brett,5,4484,0.0011150758251561106
snppe,5,4484,0.0011150758251561106
5,5,4484,0.0011150758251561106
schnee,4,4484,0.0008920606601248885
nun,4,4484,0.0008920606601248885
nahm,4,4484,0.0008920606601248885
weichgekocht,4,4484,0.0008920606601248885
zwiebeln,4,4484,0.0008920606601248885
füllt,4,4484,0.0008920606601248885
kommen,4,4484,0.0008920606601248885
darüber,4,4484,0.0008920606601248885
heißer,4,4484,0.0008920606601248885
eiern,4,4484,0.0008920606601248885
verarbeitet,4,4484,0.0008920606601248885
60,4,4484,0.0008920606601248885
hälfte,4,4484,0.0008920606601248885
muß,4,4484,0.0008920606601248885
geben,4,4484,0.0008920606601248885
gegossen,4,4484,0.0008920606601248885
so,4,4484,0.0008920606601248885
dieser,4,4484,0.0008920606601248885
zugegeben,4,4484,0.0008920606601248885
gemacht,4,4484,0.0008920606601248885
un6,4,4484,0.0008920606601248885
große,4,4484,0.0008920606601248885
wie,4,4484,0.0008920606601248885
psnnd,4,4484,0.0008920606601248885
eiuem,4,4484,0.0008920606601248885
gewaschen,4,4484,0.0008920606601248885
eiue,4,4484,0.0008920606601248885
daß,4,4484,0.0008920606601248885
vermengt,4,4484,0.0008920606601248885
streifen,4,4484,0.0008920606601248885
wieder,4,4484,0.0008920606601248885
sehr,4,4484,0.0008920606601248885
dies,4,4484,0.0008920606601248885
darauf,4,4484,0.0008920606601248885
wer,4,4484,0.0008920606601248885
gesottene,4,4484,0.0008920606601248885
gekochten,4,4484,0.0008920606601248885
hitze,4,4484,0.0008920606601248885
gefüllt,4,4484,0.0008920606601248885
quark,4,4484,0.0008920606601248885
^4,4,4484,0.0008920606601248885
ziviebel,4,4484,0.0008920606601248885
rohe,4,4484,0.0008920606601248885
zur,4,4484,0.0008920606601248885
kocheu,4,4484,0.0008920606601248885
ai,4,4484,0.0008920606601248885
petersilie,4,4484,0.0008920606601248885
stockfisch,4,4484,0.0008920606601248885
blumenkohl,4,4484,0.0008920606601248885
form,4,4484,0.0008920606601248885
ohne,3,4484,0.0006690454950936663
kommt,3,4484,0.0006690454950936663
brösele,3,4484,0.0006690454950936663
darunter,3,4484,0.0006690454950936663
znm,3,4484,0.0006690454950936663
nehme,3,4484,0.0006690454950936663
gewürz,3,4484,0.0006690454950936663
a,3,4484,0.0006690454950936663
geformt,3,4484,0.0006690454950936663
ju,3,4484,0.0006690454950936663
speck,3,4484,0.0006690454950936663
15,3,4484,0.0006690454950936663
streicht,3,4484,0.0006690454950936663
welche,3,4484,0.0006690454950936663
brötchen,3,4484,0.0006690454950936663
bindet,3,4484,0.0006690454950936663
können,3,4484,0.0006690454950936663
zugedeckt,3,4484,0.0006690454950936663
fest,3,4484,0.0006690454950936663
statt,3,4484,0.0006690454950936663
halbweich,3,4484,0.0006690454950936663
zusammengestellt,3,4484,0.0006690454950936663
zusammen,3,4484,0.0006690454950936663
geschnittene,3,4484,0.0006690454950936663
dazn,3,4484,0.0006690454950936663
backt,3,4484,0.0006690454950936663
sowie,3,4484,0.0006690454950936663
blech,3,4484,0.0006690454950936663
toffeln,3,4484,0.0006690454950936663
pfanne,3,4484,0.0006690454950936663
muskat,3,4484,0.0006690454950936663
ausgekocht,3,4484,0.0006690454950936663
gesalzen,3,4484,0.0006690454950936663
gestürzt,3,4484,0.0006690454950936663
oben,3,4484,0.0006690454950936663
zitronenschale,3,4484,0.0006690454950936663
liter,3,4484,0.0006690454950936663
zubereitet,3,4484,0.0006690454950936663
wenig,3,4484,0.0006690454950936663
zuletzt,3,4484,0.0006690454950936663
unter,3,4484,0.0006690454950936663
spatzen,3,4484,0.0006690454950936663
40,3,4484,0.0006690454950936663
kartoffelbrei,3,4484,0.0006690454950936663
klöße,3,4484,0.0006690454950936663
feingeschnittenen,3,4484,0.0006690454950936663
6er,3,4484,0.0006690454950936663
masfe,3,4484,0.0006690454950936663
kriegsmehl,3,4484,0.0006690454950936663
vom,3,4484,0.0006690454950936663
dämpft,3,4484,0.0006690454950936663
v2,3,4484,0.0006690454950936663
mischt,3,4484,0.0006690454950936663
tisch,3,4484,0.0006690454950936663
früchte,3,4484,0.0006690454950936663
aufgefüllt,3,4484,0.0006690454950936663
seite,3,4484,0.0006690454950936663
saurem,3,4484,0.0006690454950936663
ebenso,3,4484,0.0006690454950936663
niehl,3,4484,0.0006690454950936663
schweine,3,4484,0.0006690454950936663
hinzu,3,4484,0.0006690454950936663
anleitung,3,4484,0.0006690454950936663
hierauf,3,4484,0.0006690454950936663
nebst,3,4484,0.0006690454950936663
weise,3,4484,0.0006690454950936663
saurer,3,4484,0.0006690454950936663
geschnittenen,3,4484,0.0006690454950936663
aahrung,3,4484,0.0006690454950936663
9,3,4484,0.0006690454950936663
salat,3,4484,0.0006690454950936663
50,3,4484,0.0006690454950936663
bäckt,3,4484,0.0006690454950936663
feingeschnittene,3,4484,0.0006690454950936663
über,3,4484,0.0006690454950936663
aufgekocht,3,4484,0.0006690454950936663
tut,3,4484,0.0006690454950936663
ans,3,4484,0.0006690454950936663
herausgenommen,3,4484,0.0006690454950936663
durchgetrieben,3,4484,0.0006690454950936663
macearoni,3,4484,0.0006690454950936663
mehr,3,4484,0.0006690454950936663
init,3,4484,0.0006690454950936663
eiu,3,4484,0.0006690454950936663
gewürzen,3,4484,0.0006690454950936663
nud,3,4484,0.0006690454950936663
schen,3,4484,0.0006690454950936663
6urck,3,4484,0.0006690454950936663
zerdrückt,3,4484,0.0006690454950936663
verwende,3,4484,0.0006690454950936663
entfernt,3,4484,0.0006690454950936663
gesottenen,2,4484,0.00044603033006244426
darin,2,4484,0.00044603033006244426
arbeite,2,4484,0.00044603033006244426
gespart,2,4484,0.00044603033006244426
ihu,2,4484,0.00044603033006244426
stellt,2,4484,0.00044603033006244426
lazarette,2,4484,0.00044603033006244426
richtige,2,4484,0.00044603033006244426
käse,2,4484,0.00044603033006244426
kiedlingen,2,4484,0.00044603033006244426
füße,2,4484,0.00044603033006244426
verlag,2,4484,0.00044603033006244426
preis,2,4484,0.00044603033006244426
uoch,2,4484,0.00044603033006244426
apfelkuchen,2,4484,0.00044603033006244426
sieb,2,4484,0.00044603033006244426
mittlere,2,4484,0.00044603033006244426
fertig,2,4484,0.00044603033006244426
lössel,2,4484,0.00044603033006244426
legt,2,4484,0.00044603033006244426
unseres,2,4484,0.00044603033006244426
brateusett,2,4484,0.00044603033006244426
aot,2,4484,0.00044603033006244426
kalt,2,4484,0.00044603033006244426
frauen,2,4484,0.00044603033006244426
nasse,2,4484,0.00044603033006244426
schinken,2,4484,0.00044603033006244426
zr,2,4484,0.00044603033006244426
peterling,2,4484,0.00044603033006244426
niebele,2,4484,0.00044603033006244426
gemüsebeilage,2,4484,0.00044603033006244426
eingekocht,2,4484,0.00044603033006244426
bestimmt,2,4484,0.00044603033006244426
hafergrütze,2,4484,0.00044603033006244426
kompott,2,4484,0.00044603033006244426
gehäutet,2,4484,0.00044603033006244426
schluß,2,4484,0.00044603033006244426
leise,2,4484,0.00044603033006244426
eingerieben,2,4484,0.00044603033006244426
auswahl,2,4484,0.00044603033006244426
trlös,2,4484,0.00044603033006244426
isis,2,4484,0.00044603033006244426
saft,2,4484,0.00044603033006244426
kraut,2,4484,0.00044603033006244426
schmackhaft,2,4484,0.00044603033006244426
rohes,2,4484,0.00044603033006244426
sance,2,4484,0.00044603033006244426
pfnnd,2,4484,0.00044603033006244426
bietet,2,4484,0.00044603033006244426
reis,2,4484,0.00044603033006244426
v,2,4484,0.00044603033006244426
nnn,2,4484,0.00044603033006244426
abziehen,2,4484,0.00044603033006244426
an,2,4484,0.00044603033006244426
kloß,2,4484,0.00044603033006244426
backpulver,2,4484,0.00044603033006244426
auskochen,2,4484,0.00044603033006244426
bel,2,4484,0.00044603033006244426
150,2,4484,0.00044603033006244426
ziehen,2,4484,0.00044603033006244426
aufgezogen,2,4484,0.00044603033006244426
stark,2,4484,0.00044603033006244426
mengen,2,4484,0.00044603033006244426
lorbeerblatt,2,4484,0.00044603033006244426
geröstete,2,4484,0.00044603033006244426
nit,2,4484,0.00044603033006244426
leber,2,4484,0.00044603033006244426
znsatz,2,4484,0.00044603033006244426
uur,2,4484,0.00044603033006244426
gewiegt,2,4484,0.00044603033006244426
dein,2,4484,0.00044603033006244426
einmal,2,4484,0.00044603033006244426
angerührt,2,4484,0.00044603033006244426
vollends,2,4484,0.00044603033006244426
kaun,2,4484,0.00044603033006244426
kalte,2,4484,0.00044603033006244426
mehlschwitze,2,4484,0.00044603033006244426
aepfeln,2,4484,0.00044603033006244426
gewiegte,2,4484,0.00044603033006244426
ange,2,4484,0.00044603033006244426
fingerdicke,2,4484,0.00044603033006244426
zwie,2,4484,0.00044603033006244426
übergießt,2,4484,0.00044603033006244426
20,2,4484,0.00044603033006244426
vorsichtig,2,4484,0.00044603033006244426
riebele,2,4484,0.00044603033006244426
übrig,2,4484,0.00044603033006244426
üblichen,2,4484,0.00044603033006244426
entweder,2,4484,0.00044603033006244426
verkochen,2,4484,0.00044603033006244426
zerdrückten,2,4484,0.00044603033006244426
beim,2,4484,0.00044603033006244426
schnitten,2,4484,0.00044603033006244426
darf,2,4484,0.00044603033006244426
vntter,2,4484,0.00044603033006244426
hierzu,2,4484,0.00044603033006244426
lange,2,4484,0.00044603033006244426
vorher,2,4484,0.00044603033006244426
verteilt,2,4484,0.00044603033006244426
stnnde,2,4484,0.00044603033006244426
menge,2,4484,0.00044603033006244426
hinzugefügt,2,4484,0.00044603033006244426
t,2,4484,0.00044603033006244426
getan,2,4484,0.00044603033006244426
bug,2,4484,0.00044603033006244426
rohr,2,4484,0.00044603033006244426
schoß,2,4484,0.00044603033006244426
weiße,2,4484,0.00044603033006244426
diesem,2,4484,0.00044603033006244426
vou,2,4484,0.00044603033006244426
kanu,2,4484,0.00044603033006244426
vermischt,2,4484,0.00044603033006244426
12,2,4484,0.00044603033006244426
davon,2,4484,0.00044603033006244426
dünstet,2,4484,0.00044603033006244426
pfg,2,4484,0.00044603033006244426
herdes,2,4484,0.00044603033006244426
langsam,2,4484,0.00044603033006244426
geweichten,2,4484,0.00044603033006244426
hand,2,4484,0.00044603033006244426
gepfeffert,2,4484,0.00044603033006244426
sodann,2,4484,0.00044603033006244426
auflauf,2,4484,0.00044603033006244426
geklopft,2,4484,0.00044603033006244426
forin,2,4484,0.00044603033006244426
fülle,2,4484,0.00044603033006244426
pfennig,2,4484,0.00044603033006244426
bestrichene,2,4484,0.00044603033006244426
allen,2,4484,0.00044603033006244426
längliche,2,4484,0.00044603033006244426
ulrich,2,4484,0.00044603033006244426
flammeri,2,4484,0.00044603033006244426
frucht,2,4484,0.00044603033006244426
verbesserung,2,4484,0.00044603033006244426
verrührt,2,4484,0.00044603033006244426
30,2,4484,0.00044603033006244426
salzgurke,2,4484,0.00044603033006244426
erkalten,2,4484,0.00044603033006244426
verhält,2,4484,0.00044603033006244426
heute,2,4484,0.00044603033006244426
hat,2,4484,0.00044603033006244426
mehlig,2,4484,0.00044603033006244426
wecken,2,4484,0.00044603033006244426
li,2,4484,0.00044603033006244426
sauber,2,4484,0.00044603033006244426
kasserole,2,4484,0.00044603033006244426
rindfleisch,2,4484,0.00044603033006244426
geschlagen,2,4484,0.00044603033006244426
gebackene,2,4484,0.00044603033006244426
handvoll,2,4484,0.00044603033006244426
viel,2,4484,0.00044603033006244426
tische,2,4484,0.00044603033006244426
snppen,2,4484,0.00044603033006244426
mitte,2,4484,0.00044603033006244426
kochende,2,4484,0.00044603033006244426
streichen,2,4484,0.00044603033006244426
kauu,2,4484,0.00044603033006244426
mnß,2,4484,0.00044603033006244426
suppenkraut,2,4484,0.00044603033006244426
pfuud,2,4484,0.00044603033006244426
müssen,2,4484,0.00044603033006244426
bestrichenes,2,4484,0.00044603033006244426
be,2,4484,0.00044603033006244426
haben,2,4484,0.00044603033006244426
rauchfleisch,2,4484,0.00044603033006244426
gerieben,2,4484,0.00044603033006244426
klößchen,2,4484,0.00044603033006244426
bestreut,2,4484,0.00044603033006244426
orangen,2,4484,0.00044603033006244426
>,2,4484,0.00044603033006244426
diesen,2,4484,0.00044603033006244426
rosinen,2,4484,0.00044603033006244426
mandeln,2,4484,0.00044603033006244426
nim,2,4484,0.00044603033006244426
must,2,4484,0.00044603033006244426
tomaten,2,4484,0.00044603033006244426
bestrichen,2,4484,0.00044603033006244426
körper,2,4484,0.00044603033006244426
z,2,4484,0.00044603033006244426
dürfen,2,4484,0.00044603033006244426
grütze,2,4484,0.00044603033006244426
maggi,2,4484,0.00044603033006244426
topf,2,4484,0.00044603033006244426
magen,2,4484,0.00044603033006244426
lieben,2,4484,0.00044603033006244426
palmin,2,4484,0.00044603033006244426
zusammensetzung,2,4484,0.00044603033006244426
bratenfett,2,4484,0.00044603033006244426
vorbereitete,2,4484,0.00044603033006244426
stengel,2,4484,0.00044603033006244426
nährmitteln,2,4484,0.00044603033006244426
7,2,4484,0.00044603033006244426
kopf,2,4484,0.00044603033006244426
schweizerkäse,2,4484,0.00044603033006244426
feuer,2,4484,0.00044603033006244426
nährmittel,2,4484,0.00044603033006244426
gries,1,4484,0.00022301516503122213
ernährt,1,4484,0.00022301516503122213
l00,1,4484,0.00022301516503122213
sollte,1,4484,0.00022301516503122213
geschehen,1,4484,0.00022301516503122213
mischmehl,1,4484,0.00022301516503122213
reib,1,4484,0.00022301516503122213
genommen,1,4484,0.00022301516503122213
strusel,1,4484,0.00022301516503122213
dickgekochten,1,4484,0.00022301516503122213
lunge,1,4484,0.00022301516503122213
uach,1,4484,0.00022301516503122213
aufgeschossenen,1,4484,0.00022301516503122213
h,1,4484,0.00022301516503122213
doch,1,4484,0.00022301516503122213
frischem,1,4484,0.00022301516503122213
flädle,1,4484,0.00022301516503122213
glatt,1,4484,0.00022301516503122213
backe,1,4484,0.00022301516503122213
grundsähe,1,4484,0.00022301516503122213
letzt,1,4484,0.00022301516503122213
tägliche,1,4484,0.00022301516503122213
abgetrocknet,1,4484,0.00022301516503122213
ochseufleisch,1,4484,0.00022301516503122213
spatzeubrett,1,4484,0.00022301516503122213
gebackte,1,4484,0.00022301516503122213
abgezogen,1,4484,0.00022301516503122213
welcher,1,4484,0.00022301516503122213
it,1,4484,0.00022301516503122213
pfannkuchen,1,4484,0.00022301516503122213
w,1,4484,0.00022301516503122213
seiue,1,4484,0.00022301516503122213
2vaffcln,1,4484,0.00022301516503122213
kiwchen,1,4484,0.00022301516503122213
kohlrüben,1,4484,0.00022301516503122213
fördert,1,4484,0.00022301516503122213
saftigkeit,1,4484,0.00022301516503122213
aahnings,1,4484,0.00022301516503122213
anregt,1,4484,0.00022301516503122213
februar,1,4484,0.00022301516503122213
gekochter,1,4484,0.00022301516503122213
blnmenkohlwasser,1,4484,0.00022301516503122213
abgebrüht,1,4484,0.00022301516503122213
mühe,1,4484,0.00022301516503122213
kcisservle,1,4484,0.00022301516503122213
jeder,1,4484,0.00022301516503122213
gießt,1,4484,0.00022301516503122213
brauue,1,4484,0.00022301516503122213
würden,1,4484,0.00022301516503122213
gutschließende,1,4484,0.00022301516503122213
einge,1,4484,0.00022301516503122213
soviel,1,4484,0.00022301516503122213
dämpfens,1,4484,0.00022301516503122213
gestellt,1,4484,0.00022301516503122213
weichwerden,1,4484,0.00022301516503122213
brateusauce,1,4484,0.00022301516503122213
röhren,1,4484,0.00022301516503122213
d,1,4484,0.00022301516503122213
pauiereu,1,4484,0.00022301516503122213
schöpf,1,4484,0.00022301516503122213
gegefseu,1,4484,0.00022301516503122213
heraus,1,4484,0.00022301516503122213
uehme,1,4484,0.00022301516503122213
rauch,1,4484,0.00022301516503122213
geschälte,1,4484,0.00022301516503122213
konservengläser,1,4484,0.00022301516503122213
gericht,1,4484,0.00022301516503122213
lasse,1,4484,0.00022301516503122213
kreisen,1,4484,0.00022301516503122213
selbst,1,4484,0.00022301516503122213
rühren,1,4484,0.00022301516503122213
dinge,1,4484,0.00022301516503122213
1b3,1,4484,0.00022301516503122213
25artoffelfehnitze,1,4484,0.00022301516503122213
gedämpst,1,4484,0.00022301516503122213
verlängerung,1,4484,0.00022301516503122213
schließen,1,4484,0.00022301516503122213
werschwäbisches,1,4484,0.00022301516503122213
24,1,4484,0.00022301516503122213
geschnittenes,1,4484,0.00022301516503122213
"9""",1,4484,0.00022301516503122213
griesspeisen,1,4484,0.00022301516503122213
obigeu,1,4484,0.00022301516503122213
nndel,1,4484,0.00022301516503122213
apfelmnß,1,4484,0.00022301516503122213
verbreitung,1,4484,0.00022301516503122213
strudel,1,4484,0.00022301516503122213
letzterer,1,4484,0.00022301516503122213
gerührten,1,4484,0.00022301516503122213
eisen,1,4484,0.00022301516503122213
scharfem,1,4484,0.00022301516503122213
gelöscht,1,4484,0.00022301516503122213
siedendes,1,4484,0.00022301516503122213
müsewasser,1,4484,0.00022301516503122213
apfelkonipott,1,4484,0.00022301516503122213
lci6en,1,4484,0.00022301516503122213
atalbsfüsze,1,4484,0.00022301516503122213
mitkochen,1,4484,0.00022301516503122213
wür,1,4484,0.00022301516503122213
einzumachen,1,4484,0.00022301516503122213
schlacht,1,4484,0.00022301516503122213
daraus,1,4484,0.00022301516503122213
sieden,1,4484,0.00022301516503122213
allmählich,1,4484,0.00022301516503122213
kohlrabe,1,4484,0.00022301516503122213
gedämpfte,1,4484,0.00022301516503122213
ochfeufleisch,1,4484,0.00022301516503122213
hinein,1,4484,0.00022301516503122213
sultaninen,1,4484,0.00022301516503122213
gedrücktes,1,4484,0.00022301516503122213
ulr6,1,4484,0.00022301516503122213
fel,1,4484,0.00022301516503122213
rhabarberkompott,1,4484,0.00022301516503122213
pfefferkörner,1,4484,0.00022301516503122213
puddingform,1,4484,0.00022301516503122213
auflaufform,1,4484,0.00022301516503122213
prise,1,4484,0.00022301516503122213
beste,1,4484,0.00022301516503122213
dasselbe,1,4484,0.00022301516503122213
großer,1,4484,0.00022301516503122213
brenuesselu,1,4484,0.00022301516503122213
eßlöfsel,1,4484,0.00022301516503122213
weck,1,4484,0.00022301516503122213
kartoffelbohrer,1,4484,0.00022301516503122213
zutateu,1,4484,0.00022301516503122213
finden,1,4484,0.00022301516503122213
geschichtet,1,4484,0.00022301516503122213
roggenmehl,1,4484,0.00022301516503122213
ten,1,4484,0.00022301516503122213
klang,1,4484,0.00022301516503122213
herd,1,4484,0.00022301516503122213
eme,1,4484,0.00022301516503122213
lasseu,1,4484,0.00022301516503122213
gestrichen,1,4484,0.00022301516503122213
ausgewellt,1,4484,0.00022301516503122213
iynaek,1,4484,0.00022301516503122213
gerste,1,4484,0.00022301516503122213
weckwürfel,1,4484,0.00022301516503122213
hleischklöfzchen,1,4484,0.00022301516503122213
einigem,1,4484,0.00022301516503122213
mchmittel,1,4484,0.00022301516503122213
stehen,1,4484,0.00022301516503122213
gesetz,1,4484,0.00022301516503122213
kloßbrühe,1,4484,0.00022301516503122213
vorliegende,1,4484,0.00022301516503122213
gewürzt,1,4484,0.00022301516503122213
weggeschnitten,1,4484,0.00022301516503122213
vanil,1,4484,0.00022301516503122213
zugesetzt,1,4484,0.00022301516503122213
seingeschnitlene,1,4484,0.00022301516503122213
beachten,1,4484,0.00022301516503122213
vorwort,1,4484,0.00022301516503122213
verrieben,1,4484,0.00022301516503122213
gestandene,1,4484,0.00022301516503122213
unserem,1,4484,0.00022301516503122213
anflaufform,1,4484,0.00022301516503122213
besteckte,1,4484,0.00022301516503122213
znr,1,4484,0.00022301516503122213
riebenen,1,4484,0.00022301516503122213
abgeschnitten,1,4484,0.00022301516503122213
zwiebelscheibeu,1,4484,0.00022301516503122213
sauee,1,4484,0.00022301516503122213
6srglznien6,1,4484,0.00022301516503122213
verderben,1,4484,0.00022301516503122213
sammelt,1,4484,0.00022301516503122213
mmnimsches,1,4484,0.00022301516503122213
neben,1,4484,0.00022301516503122213
aufge,1,4484,0.00022301516503122213
nudel,1,4484,0.00022301516503122213
einzelnen,1,4484,0.00022301516503122213
gemüsesuppe,1,4484,0.00022301516503122213
bewährten,1,4484,0.00022301516503122213
sparsames,1,4484,0.00022301516503122213
geschuitteu,1,4484,0.00022301516503122213
einzeln,1,4484,0.00022301516503122213
zubereitungszeit,1,4484,0.00022301516503122213
sekunden,1,4484,0.00022301516503122213
ausgedrückter,1,4484,0.00022301516503122213
luugenbrühe,1,4484,0.00022301516503122213
kartoffelviertel,1,4484,0.00022301516503122213
darau,1,4484,0.00022301516503122213
eingefüllt,1,4484,0.00022301516503122213
grätet,1,4484,0.00022301516503122213
schlage,1,4484,0.00022301516503122213
wassers,1,4484,0.00022301516503122213
gebrochene,1,4484,0.00022301516503122213
auseinander,1,4484,0.00022301516503122213
gewürze,1,4484,0.00022301516503122213
seiu,1,4484,0.00022301516503122213
zi,1,4484,0.00022301516503122213
butterbereitung,1,4484,0.00022301516503122213
flüssigkeit,1,4484,0.00022301516503122213
launen,1,4484,0.00022301516503122213
kaltem,1,4484,0.00022301516503122213
auskocheu,1,4484,0.00022301516503122213
abivechfe,1,4484,0.00022301516503122213
übliche,1,4484,0.00022301516503122213
nindsleber,1,4484,0.00022301516503122213
ganzen,1,4484,0.00022301516503122213
deni,1,4484,0.00022301516503122213
bringe,1,4484,0.00022301516503122213
apfelküchlei,1,4484,0.00022301516503122213
weckscheiben,1,4484,0.00022301516503122213
salze,1,4484,0.00022301516503122213
abgestreift,1,4484,0.00022301516503122213
maeearoni,1,4484,0.00022301516503122213
speiseöl,1,4484,0.00022301516503122213
tierische,1,4484,0.00022301516503122213
sofort,1,4484,0.00022301516503122213
strudelteig,1,4484,0.00022301516503122213
vuchdrnckerei,1,4484,0.00022301516503122213
kleinen,1,4484,0.00022301516503122213
anfgezogene,1,4484,0.00022301516503122213
feiu,1,4484,0.00022301516503122213
lnngenmns,1,4484,0.00022301516503122213
braune,1,4484,0.00022301516503122213
bei,1,4484,0.00022301516503122213
kanonen,1,4484,0.00022301516503122213
ebenfalls,1,4484,0.00022301516503122213
kreuz,1,4484,0.00022301516503122213
hast,1,4484,0.00022301516503122213
drittel,1,4484,0.00022301516503122213
16,1,4484,0.00022301516503122213
nmbundeu,1,4484,0.00022301516503122213
ausgelegt,1,4484,0.00022301516503122213
heimischen,1,4484,0.00022301516503122213
z0,1,4484,0.00022301516503122213
apfelschnitze,1,4484,0.00022301516503122213
°,1,4484,0.00022301516503122213
päckchen,1,4484,0.00022301516503122213
bnttersanee,1,4484,0.00022301516503122213
crrsickt,1,4484,0.00022301516503122213
brühe,1,4484,0.00022301516503122213
haferbrei,1,4484,0.00022301516503122213
geschmackes,1,4484,0.00022301516503122213
er,1,4484,0.00022301516503122213
^i,1,4484,0.00022301516503122213
gehobelt,1,4484,0.00022301516503122213
käses,1,4484,0.00022301516503122213
milder,1,4484,0.00022301516503122213
daranf,1,4484,0.00022301516503122213
anlaufen,1,4484,0.00022301516503122213
feingeriebene,1,4484,0.00022301516503122213
lanch,1,4484,0.00022301516503122213
nntter,1,4484,0.00022301516503122213
majoran,1,4484,0.00022301516503122213
serviette,1,4484,0.00022301516503122213
einlaufen,1,4484,0.00022301516503122213
>5,1,4484,0.00022301516503122213
äznark,1,4484,0.00022301516503122213
knfferol,1,4484,0.00022301516503122213
eveut,1,4484,0.00022301516503122213
nartssselkttchlei,1,4484,0.00022301516503122213
nehmen,1,4484,0.00022301516503122213
zerpflückt,1,4484,0.00022301516503122213
uutergemischt,1,4484,0.00022301516503122213
hellbrann,1,4484,0.00022301516503122213
arak,1,4484,0.00022301516503122213
solche,1,4484,0.00022301516503122213
zngebnn,1,4484,0.00022301516503122213
aartoffelanflans,1,4484,0.00022301516503122213
derselbe,1,4484,0.00022301516503122213
unverdaute,1,4484,0.00022301516503122213
lauf,1,4484,0.00022301516503122213
maeearonianflauf,1,4484,0.00022301516503122213
zitronensaft,1,4484,0.00022301516503122213
em,1,4484,0.00022301516503122213
selleriemurzel,1,4484,0.00022301516503122213
runde,1,4484,0.00022301516503122213
verbilligung,1,4484,0.00022301516503122213
icht,1,4484,0.00022301516503122213
iis,1,4484,0.00022301516503122213
geschnittener,1,4484,0.00022301516503122213
tenen,1,4484,0.00022301516503122213
paniert,1,4484,0.00022301516503122213
öeiirt,1,4484,0.00022301516503122213
müsebeilage,1,4484,0.00022301516503122213
tun,1,4484,0.00022301516503122213
gersten,1,4484,0.00022301516503122213
zwiebelchen,1,4484,0.00022301516503122213
röhrchen,1,4484,0.00022301516503122213
schinkenbrei,1,4484,0.00022301516503122213
formen,1,4484,0.00022301516503122213
leberspatzenfnppe,1,4484,0.00022301516503122213
ueberzeugung,1,4484,0.00022301516503122213
sauerkraut,1,4484,0.00022301516503122213
tüchtig,1,4484,0.00022301516503122213
gleichmäßig,1,4484,0.00022301516503122213
feiles,1,4484,0.00022301516503122213
kucheu,1,4484,0.00022301516503122213
de,1,4484,0.00022301516503122213
ansgebeint,1,4484,0.00022301516503122213
gewohnheitsmäßig,1,4484,0.00022301516503122213
tücktiger,1,4484,0.00022301516503122213
reiche,1,4484,0.00022301516503122213
rosenkohl,1,4484,0.00022301516503122213
anf,1,4484,0.00022301516503122213
weinbeeren,1,4484,0.00022301516503122213
nimmt,1,4484,0.00022301516503122213
beigegeben,1,4484,0.00022301516503122213
kleingebrvchene,1,4484,0.00022301516503122213
wäre,1,4484,0.00022301516503122213
groben,1,4484,0.00022301516503122213
desgleichen,1,4484,0.00022301516503122213
rohen,1,4484,0.00022301516503122213
verelnkcickung,1,4484,0.00022301516503122213
wirtschaften,1,4484,0.00022301516503122213
kleiner,1,4484,0.00022301516503122213
hängt,1,4484,0.00022301516503122213
deutscher,1,4484,0.00022301516503122213
gehacktes,1,4484,0.00022301516503122213
übergestrent,1,4484,0.00022301516503122213
geräucherten,1,4484,0.00022301516503122213
volk,1,4484,0.00022301516503122213
appetit,1,4484,0.00022301516503122213
berücksichtigung,1,4484,0.00022301516503122213
feingewiegte,1,4484,0.00022301516503122213
saurein,1,4484,0.00022301516503122213
gekochtes,1,4484,0.00022301516503122213
meischresten,1,4484,0.00022301516503122213
atartoffelblcittchen,1,4484,0.00022301516503122213
streu,1,4484,0.00022301516503122213
sberschwsblsches,1,4484,0.00022301516503122213
sowohl,1,4484,0.00022301516503122213
kohlehydrate,1,4484,0.00022301516503122213
gedreht,1,4484,0.00022301516503122213
geschalt,1,4484,0.00022301516503122213
to«naten,1,4484,0.00022301516503122213
haus,1,4484,0.00022301516503122213
berücksichtigendes,1,4484,0.00022301516503122213
herz,1,4484,0.00022301516503122213
bestreutes,1,4484,0.00022301516503122213
übrigen,1,4484,0.00022301516503122213
nelken,1,4484,0.00022301516503122213
weckwürfeln,1,4484,0.00022301516503122213
23,1,4484,0.00022301516503122213
umwenden,1,4484,0.00022301516503122213
bestreue,1,4484,0.00022301516503122213
spare,1,4484,0.00022301516503122213
bräunen,1,4484,0.00022301516503122213
bezirks,1,4484,0.00022301516503122213
mondamin,1,4484,0.00022301516503122213
geputzt,1,4484,0.00022301516503122213
würze,1,4484,0.00022301516503122213
strunk,1,4484,0.00022301516503122213
verstellung,1,4484,0.00022301516503122213
am,1,4484,0.00022301516503122213
leicht,1,4484,0.00022301516503122213
andere,1,4484,0.00022301516503122213
mitgerührt,1,4484,0.00022301516503122213
auzahl,1,4484,0.00022301516503122213
darans,1,4484,0.00022301516503122213
aartoffelklöfze,1,4484,0.00022301516503122213
waffer,1,4484,0.00022301516503122213
v?olilergeken,1,4484,0.00022301516503122213
a5los,1,4484,0.00022301516503122213
eingang,1,4484,0.00022301516503122213
auflaufforin,1,4484,0.00022301516503122213
spätzle,1,4484,0.00022301516503122213
13,1,4484,0.00022301516503122213
zufuhr,1,4484,0.00022301516503122213
gewohnheit,1,4484,0.00022301516503122213
richtet,1,4484,0.00022301516503122213
uötig,1,4484,0.00022301516503122213
einfachsten,1,4484,0.00022301516503122213
brust,1,4484,0.00022301516503122213
anflanf,1,4484,0.00022301516503122213
zwei,1,4484,0.00022301516503122213
prsizlists,1,4484,0.00022301516503122213
mögen,1,4484,0.00022301516503122213
saftiges,1,4484,0.00022301516503122213
rindslunge,1,4484,0.00022301516503122213
alsdann,1,4484,0.00022301516503122213
geriebenem,1,4484,0.00022301516503122213
schmoren,1,4484,0.00022301516503122213
zerfallen,1,4484,0.00022301516503122213
farbe,1,4484,0.00022301516503122213
nis,1,4484,0.00022301516503122213
schweinsmagen,1,4484,0.00022301516503122213
feinem,1,4484,0.00022301516503122213
übrige,1,4484,0.00022301516503122213
gekochtem,1,4484,0.00022301516503122213
meisterinnen,1,4484,0.00022301516503122213
messer,1,4484,0.00022301516503122213
gemachte,1,4484,0.00022301516503122213
uncl,1,4484,0.00022301516503122213
scheibeu,1,4484,0.00022301516503122213
gewöhnlich,1,4484,0.00022301516503122213
gestoßenein,1,4484,0.00022301516503122213
weun,1,4484,0.00022301516503122213
beliebeu,1,4484,0.00022301516503122213
voll,1,4484,0.00022301516503122213
sinnen,1,4484,0.00022301516503122213
mahnung,1,4484,0.00022301516503122213
viertel,1,4484,0.00022301516503122213
psuud,1,4484,0.00022301516503122213
entstehen,1,4484,0.00022301516503122213
lagen,1,4484,0.00022301516503122213
ashrmittel,1,4484,0.00022301516503122213
suppeu,1,4484,0.00022301516503122213
gegessen,1,4484,0.00022301516503122213
beilage,1,4484,0.00022301516503122213
heftchen,1,4484,0.00022301516503122213
brüh,1,4484,0.00022301516503122213
öiichliaiidlung,1,4484,0.00022301516503122213
mädle,1,4484,0.00022301516503122213
obigen,1,4484,0.00022301516503122213
kartoffelknödel,1,4484,0.00022301516503122213
lallast,1,4484,0.00022301516503122213
vreunfnppe,1,4484,0.00022301516503122213
pflanzenfett,1,4484,0.00022301516503122213
apfelfanee,1,4484,0.00022301516503122213
backen,1,4484,0.00022301516503122213
leberklößcheu,1,4484,0.00022301516503122213
roh,1,4484,0.00022301516503122213
kapern,1,4484,0.00022301516503122213
besten,1,4484,0.00022301516503122213
wirsing,1,4484,0.00022301516503122213
zutaten,1,4484,0.00022301516503122213
weichter,1,4484,0.00022301516503122213
verrührtes,1,4484,0.00022301516503122213
herausnehmen,1,4484,0.00022301516503122213
gebuttert,1,4484,0.00022301516503122213
dergl,1,4484,0.00022301516503122213
zusammeugeschüttet,1,4484,0.00022301516503122213
gepicht,1,4484,0.00022301516503122213
abgeriebenen,1,4484,0.00022301516503122213
b,1,4484,0.00022301516503122213
tiefe,1,4484,0.00022301516503122213
dickem,1,4484,0.00022301516503122213
ernte,1,4484,0.00022301516503122213
haferkoteletts,1,4484,0.00022301516503122213
enthäutet,1,4484,0.00022301516503122213
schneidet,1,4484,0.00022301516503122213
spanische,1,4484,0.00022301516503122213
worauf,1,4484,0.00022301516503122213
rohgeschälten,1,4484,0.00022301516503122213
?rucktsciktge^inner,1,4484,0.00022301516503122213
aufgenommenen,1,4484,0.00022301516503122213
vder,1,4484,0.00022301516503122213
hammel,1,4484,0.00022301516503122213
fleisehwürste,1,4484,0.00022301516503122213
schöne,1,4484,0.00022301516503122213
mittelgroße,1,4484,0.00022301516503122213
peler,1,4484,0.00022301516503122213
mird,1,4484,0.00022301516503122213
?5artoftelknchen,1,4484,0.00022301516503122213
ann,1,4484,0.00022301516503122213
fügt,1,4484,0.00022301516503122213
spinatgemüse,1,4484,0.00022301516503122213
verweudet,1,4484,0.00022301516503122213
backofen,1,4484,0.00022301516503122213
wohl,1,4484,0.00022301516503122213
zwiebelwürfel,1,4484,0.00022301516503122213
zieht,1,4484,0.00022301516503122213
sttppe,1,4484,0.00022301516503122213
kl,1,4484,0.00022301516503122213
aährstoffe,1,4484,0.00022301516503122213
dunkle,1,4484,0.00022301516503122213
mehles,1,4484,0.00022301516503122213
kriegs,1,4484,0.00022301516503122213
kartoffelsuppe,1,4484,0.00022301516503122213
eintopfgericht,1,4484,0.00022301516503122213
zähen,1,4484,0.00022301516503122213
apfelgrntze,1,4484,0.00022301516503122213
borsicht,1,4484,0.00022301516503122213
rübenwasser,1,4484,0.00022301516503122213
18,1,4484,0.00022301516503122213
dieselbe,1,4484,0.00022301516503122213
brateuabsall,1,4484,0.00022301516503122213
250,1,4484,0.00022301516503122213
brotwürfel,1,4484,0.00022301516503122213
eiweistkörper,1,4484,0.00022301516503122213
gerösteten,1,4484,0.00022301516503122213
haferflocken,1,4484,0.00022301516503122213
tuch,1,4484,0.00022301516503122213
sauerbraten,1,4484,0.00022301516503122213
ochsenherz,1,4484,0.00022301516503122213
ins,1,4484,0.00022301516503122213
knochenbrühe,1,4484,0.00022301516503122213
umgeben,1,4484,0.00022301516503122213
fruchtsauce,1,4484,0.00022301516503122213
stuck,1,4484,0.00022301516503122213
ausgedrückt,1,4484,0.00022301516503122213
knrze,1,4484,0.00022301516503122213
halbierte,1,4484,0.00022301516503122213
tie,1,4484,0.00022301516503122213
zparzamkeit,1,4484,0.00022301516503122213
bo5en,1,4484,0.00022301516503122213
tas,1,4484,0.00022301516503122213
verhackt,1,4484,0.00022301516503122213
wurden,1,4484,0.00022301516503122213
stuuden,1,4484,0.00022301516503122213
allgemeine,1,4484,0.00022301516503122213
ttiedlingen,1,4484,0.00022301516503122213
kochten,1,4484,0.00022301516503122213
keine,1,4484,0.00022301516503122213
danach,1,4484,0.00022301516503122213
usw,1,4484,0.00022301516503122213
kleingebrochene,1,4484,0.00022301516503122213
größere,1,4484,0.00022301516503122213
bereitet,1,4484,0.00022301516503122213
zterilislerapparate,1,4484,0.00022301516503122213
kerne,1,4484,0.00022301516503122213
maecaroni,1,4484,0.00022301516503122213
hiesigen,1,4484,0.00022301516503122213
marmelade,1,4484,0.00022301516503122213
anpassen,1,4484,0.00022301516503122213
ehernen,1,4484,0.00022301516503122213
lagenweise,1,4484,0.00022301516503122213
angerichtet,1,4484,0.00022301516503122213
einaudergemengt,1,4484,0.00022301516503122213
gintopfgericht,1,4484,0.00022301516503122213
daran,1,4484,0.00022301516503122213
bratrohr,1,4484,0.00022301516503122213
heran,1,4484,0.00022301516503122213
druck,1,4484,0.00022301516503122213
braun,1,4484,0.00022301516503122213
brennessel,1,4484,0.00022301516503122213
eiserne,1,4484,0.00022301516503122213
geschnit,1,4484,0.00022301516503122213
rind,1,4484,0.00022301516503122213
znfammeu,1,4484,0.00022301516503122213
5peisen,1,4484,0.00022301516503122213
hellbraun,1,4484,0.00022301516503122213
solange,1,4484,0.00022301516503122213
stuudeu,1,4484,0.00022301516503122213
bemehlteu,1,4484,0.00022301516503122213
gesinnte,1,4484,0.00022301516503122213
ökllngsn,1,4484,0.00022301516503122213
kartoffelu,1,4484,0.00022301516503122213
saucen,1,4484,0.00022301516503122213
beiden,1,4484,0.00022301516503122213
schwimmen,1,4484,0.00022301516503122213
kalbsleber,1,4484,0.00022301516503122213
belie,1,4484,0.00022301516503122213
herausgeuommen,1,4484,0.00022301516503122213
pfaunknchen,1,4484,0.00022301516503122213
lebensweise,1,4484,0.00022301516503122213
geschmacks,1,4484,0.00022301516503122213
soll,1,4484,0.00022301516503122213
00,1,4484,0.00022301516503122213
mageres,1,4484,0.00022301516503122213
beigefügt,1,4484,0.00022301516503122213
ii,1,4484,0.00022301516503122213
hierin,1,4484,0.00022301516503122213
verdauung,1,4484,0.00022301516503122213
ch,1,4484,0.00022301516503122213
nartoffelmaffe,1,4484,0.00022301516503122213
gewogen,1,4484,0.00022301516503122213
kriegswecken,1,4484,0.00022301516503122213
nm,1,4484,0.00022301516503122213
liche,1,4484,0.00022301516503122213
forderung,1,4484,0.00022301516503122213
wit,1,4484,0.00022301516503122213
kapernsanee,1,4484,0.00022301516503122213
geschmortes,1,4484,0.00022301516503122213
gebliebenes,1,4484,0.00022301516503122213
mäßiger,1,4484,0.00022301516503122213
gebieterisch,1,4484,0.00022301516503122213
ausschließlich,1,4484,0.00022301516503122213
ttnollen,1,4484,0.00022301516503122213
bemehlteiu,1,4484,0.00022301516503122213
während,1,4484,0.00022301516503122213
bekommen,1,4484,0.00022301516503122213
besonderer,1,4484,0.00022301516503122213
steifem,1,4484,0.00022301516503122213
vorhandenen,1,4484,0.00022301516503122213
verschaffen,1,4484,0.00022301516503122213
denselben,1,4484,0.00022301516503122213
bettelmann,1,4484,0.00022301516503122213
neckingigere,1,4484,0.00022301516503122213
schwarzbrotbrösele,1,4484,0.00022301516503122213
märz,1,4484,0.00022301516503122213
rotweiu,1,4484,0.00022301516503122213
warm,1,4484,0.00022301516503122213
tritt,1,4484,0.00022301516503122213
strndel,1,4484,0.00022301516503122213
gewiegten,1,4484,0.00022301516503122213
stund,1,4484,0.00022301516503122213
ynarkklöfzchen,1,4484,0.00022301516503122213
zwingt,1,4484,0.00022301516503122213
ent,1,4484,0.00022301516503122213
mürbeschoß,1,4484,0.00022301516503122213
villige,1,4484,0.00022301516503122213
nachgefüllt,1,4484,0.00022301516503122213
^tönigsberger,1,4484,0.00022301516503122213
rolle,1,4484,0.00022301516503122213
fernhalten,1,4484,0.00022301516503122213
uehmeu,1,4484,0.00022301516503122213
gerücht,1,4484,0.00022301516503122213
verzupften,1,4484,0.00022301516503122213
kartoffelnndeln,1,4484,0.00022301516503122213
blättern,1,4484,0.00022301516503122213
tops,1,4484,0.00022301516503122213
5auskrciuen,1,4484,0.00022301516503122213
ihre,1,4484,0.00022301516503122213
fingerlange,1,4484,0.00022301516503122213
70,1,4484,0.00022301516503122213
geschälten,1,4484,0.00022301516503122213
dicken,1,4484,0.00022301516503122213
kops,1,4484,0.00022301516503122213
zukklärungzzckrikt,1,4484,0.00022301516503122213
abgerieben,1,4484,0.00022301516503122213
präparate,1,4484,0.00022301516503122213
schrveizerkartoffeln,1,4484,0.00022301516503122213
ochsenhevz,1,4484,0.00022301516503122213
mnskat,1,4484,0.00022301516503122213
letzte,1,4484,0.00022301516503122213
richten,1,4484,0.00022301516503122213
eischnee,1,4484,0.00022301516503122213
zerteilt,1,4484,0.00022301516503122213
ersahbedürfnis,1,4484,0.00022301516503122213
setzt,1,4484,0.00022301516503122213
aepsel,1,4484,0.00022301516503122213
nnse,1,4484,0.00022301516503122213
brennesselge,1,4484,0.00022301516503122213
suppenschüssel,1,4484,0.00022301516503122213
ariegskochtiuch,1,4484,0.00022301516503122213
stichts,1,4484,0.00022301516503122213
nnten,1,4484,0.00022301516503122213
singerlange,1,4484,0.00022301516503122213
kilochenmehl,1,4484,0.00022301516503122213
zerteilte,1,4484,0.00022301516503122213
vntterstückchen,1,4484,0.00022301516503122213
vöirtsckuktsklllirung,1,4484,0.00022301516503122213
schiissel,1,4484,0.00022301516503122213
vorhandel?,1,4484,0.00022301516503122213
hellbrauu,1,4484,0.00022301516503122213
zirka,1,4484,0.00022301516503122213
beides,1,4484,0.00022301516503122213
blättchen,1,4484,0.00022301516503122213
umgerührt,1,4484,0.00022301516503122213
schütteu,1,4484,0.00022301516503122213
haut,1,4484,0.00022301516503122213
ausgebohrten,1,4484,0.00022301516503122213
gleich,1,4484,0.00022301516503122213
verfahren,1,4484,0.00022301516503122213
uimmt,1,4484,0.00022301516503122213
mehlige,1,4484,0.00022301516503122213
karlossel,1,4484,0.00022301516503122213
bige,1,4484,0.00022301516503122213
sein,1,4484,0.00022301516503122213
glät,1,4484,0.00022301516503122213
siedender,1,4484,0.00022301516503122213
glas,1,4484,0.00022301516503122213
gerie,1,4484,0.00022301516503122213
21,1,4484,0.00022301516503122213
aachdenken,1,4484,0.00022301516503122213
käst,1,4484,0.00022301516503122213
rindsbraten,1,4484,0.00022301516503122213
nmgedreht,1,4484,0.00022301516503122213
fener,1,4484,0.00022301516503122213
gemischten,1,4484,0.00022301516503122213
oie,1,4484,0.00022301516503122213
atartoffelspatzen,1,4484,0.00022301516503122213
kartosfelu,1,4484,0.00022301516503122213
art,1,4484,0.00022301516503122213
benem,1,4484,0.00022301516503122213
hiuein,1,4484,0.00022301516503122213
rotwein,1,4484,0.00022301516503122213
kartoffelftrttdel,1,4484,0.00022301516503122213
abfälle,1,4484,0.00022301516503122213
vier,1,4484,0.00022301516503122213
ausgewalkt,1,4484,0.00022301516503122213
zusam,1,4484,0.00022301516503122213
samt,1,4484,0.00022301516503122213
ttartoffelnndeln,1,4484,0.00022301516503122213
jeden,1,4484,0.00022301516503122213
mischung,1,4484,0.00022301516503122213
mud,1,4484,0.00022301516503122213
geschnitzelte,1,4484,0.00022301516503122213
orten,1,4484,0.00022301516503122213
^albslnnge,1,4484,0.00022301516503122213
kalbfleisch,1,4484,0.00022301516503122213
wo,1,4484,0.00022301516503122213
ginfacher,1,4484,0.00022301516503122213
gehgckt,1,4484,0.00022301516503122213
gläser,1,4484,0.00022301516503122213
stucke,1,4484,0.00022301516503122213
fruchtsance,1,4484,0.00022301516503122213
dicklich,1,4484,0.00022301516503122213
19,1,4484,0.00022301516503122213
kücke,1,4484,0.00022301516503122213
kiebingen,1,4484,0.00022301516503122213
jetzt,1,4484,0.00022301516503122213
heißein,1,4484,0.00022301516503122213
dieselben,1,4484,0.00022301516503122213
ernstem,1,4484,0.00022301516503122213
nno,1,4484,0.00022301516503122213
dieses,1,4484,0.00022301516503122213
gereinigt,1,4484,0.00022301516503122213
zitrone,1,4484,0.00022301516503122213
hineinkommen,1,4484,0.00022301516503122213
obst,1,4484,0.00022301516503122213
läutert,1,4484,0.00022301516503122213
frisch,1,4484,0.00022301516503122213
geriebeue,1,4484,0.00022301516503122213
apfelauflauf,1,4484,0.00022301516503122213
pfeffers,1,4484,0.00022301516503122213
22,1,4484,0.00022301516503122213
hiuzu,1,4484,0.00022301516503122213
kriegsbrot,1,4484,0.00022301516503122213
röstete,1,4484,0.00022301516503122213
rahin,1,4484,0.00022301516503122213
soziale,1,4484,0.00022301516503122213
dender,1,4484,0.00022301516503122213
spinat,1,4484,0.00022301516503122213
oci5,1,4484,0.00022301516503122213
worunter,1,4484,0.00022301516503122213
viehfutter,1,4484,0.00022301516503122213
sud,1,4484,0.00022301516503122213
großen,1,4484,0.00022301516503122213
gauzeu,1,4484,0.00022301516503122213
kreuzweise,1,4484,0.00022301516503122213
muscatnuß,1,4484,0.00022301516503122213
bodenkohlrabe,1,4484,0.00022301516503122213
vielmehr,1,4484,0.00022301516503122213
schineckt,1,4484,0.00022301516503122213
mittleren,1,4484,0.00022301516503122213
kriegsinehl,1,4484,0.00022301516503122213
oft,1,4484,0.00022301516503122213
ariegsgulasch,1,4484,0.00022301516503122213
schaumlöffel,1,4484,0.00022301516503122213
num,1,4484,0.00022301516503122213
müse,1,4484,0.00022301516503122213
gehackte,1,4484,0.00022301516503122213
1^4,1,4484,0.00022301516503122213
mehlklümpchen,1,4484,0.00022301516503122213
ginfache,1,4484,0.00022301516503122213
dampft,1,4484,0.00022301516503122213
mineralische,1,4484,0.00022301516503122213
feingeschnittener,1,4484,0.00022301516503122213
mmglllh,1,4484,0.00022301516503122213
gauen,1,4484,0.00022301516503122213
deutsche,1,4484,0.00022301516503122213
inzwischen,1,4484,0.00022301516503122213
unser,1,4484,0.00022301516503122213
kartoffelrädchen,1,4484,0.00022301516503122213
brennsnppe,1,4484,0.00022301516503122213
grieß,1,4484,0.00022301516503122213
daranrührt,1,4484,0.00022301516503122213
brauner,1,4484,0.00022301516503122213
25,1,4484,0.00022301516503122213
petersilgrün,1,4484,0.00022301516503122213
blätter,1,4484,0.00022301516503122213
i^eck,1,4484,0.00022301516503122213
nächsten,1,4484,0.00022301516503122213
ausgedrückten,1,4484,0.00022301516503122213
kurz,1,4484,0.00022301516503122213
unberecknet,1,4484,0.00022301516503122213
läng,1,4484,0.00022301516503122213
mengerollt,1,4484,0.00022301516503122213
alten,1,4484,0.00022301516503122213
gefüllter,1,4484,0.00022301516503122213
t5ohlraben,1,4484,0.00022301516503122213
k,1,4484,0.00022301516503122213
stätten,1,4484,0.00022301516503122213
geschmolzener,1,4484,0.00022301516503122213
geschuitteueu,1,4484,0.00022301516503122213
satire,1,4484,0.00022301516503122213
teil,1,4484,0.00022301516503122213
laßt,1,4484,0.00022301516503122213
zngedeckt,1,4484,0.00022301516503122213
?5artoffelteig,1,4484,0.00022301516503122213
au,1,4484,0.00022301516503122213
unsere,1,4484,0.00022301516503122213
hineingetan,1,4484,0.00022301516503122213
ofens,1,4484,0.00022301516503122213
guter,1,4484,0.00022301516503122213
folgende,1,4484,0.00022301516503122213
salzwosfer,1,4484,0.00022301516503122213
kamills,1,4484,0.00022301516503122213
durchdampfen,1,4484,0.00022301516503122213
ranchsleischbrühe,1,4484,0.00022301516503122213
rote,1,4484,0.00022301516503122213
gemnse,1,4484,0.00022301516503122213
knochen,1,4484,0.00022301516503122213
lageuweife,1,4484,0.00022301516503122213
gerädelte,1,4484,0.00022301516503122213
möge,1,4484,0.00022301516503122213
kleineu,1,4484,0.00022301516503122213
6em,1,4484,0.00022301516503122213
abtrockneu,1,4484,0.00022301516503122213
begießt,1,4484,0.00022301516503122213
sardellensauee,1,4484,0.00022301516503122213
gewiegtes,1,4484,0.00022301516503122213
eignet,1,4484,0.00022301516503122213
paniermehl,1,4484,0.00022301516503122213
rhabarber,1,4484,0.00022301516503122213
genan,1,4484,0.00022301516503122213
süßen,1,4484,0.00022301516503122213
ver^oen6ung,1,4484,0.00022301516503122213
besteht,1,4484,0.00022301516503122213
du,1,4484,0.00022301516503122213
körpers,1,4484,0.00022301516503122213
welle,1,4484,0.00022301516503122213
200,1,4484,0.00022301516503122213
beliebige,1,4484,0.00022301516503122213
zuerst,1,4484,0.00022301516503122213
dariu,1,4484,0.00022301516503122213
kohlrübe,1,4484,0.00022301516503122213
semmelkrumen,1,4484,0.00022301516503122213
braucht,1,4484,0.00022301516503122213
daun,1,4484,0.00022301516503122213
hinzn,1,4484,0.00022301516503122213
schlagene,1,4484,0.00022301516503122213
vaterländisch,1,4484,0.00022301516503122213
auflaus,1,4484,0.00022301516503122213
kochein,1,4484,0.00022301516503122213
suppenwürze,1,4484,0.00022301516503122213
welches,1,4484,0.00022301516503122213
parmesankäse,1,4484,0.00022301516503122213
lungsmeise,1,4484,0.00022301516503122213
le,1,4484,0.00022301516503122213
schneiden,1,4484,0.00022301516503122213
suppengrün,1,4484,0.00022301516503122213
ö,1,4484,0.00022301516503122213
pflichttreue,1,4484,0.00022301516503122213
eiweiß,1,4484,0.00022301516503122213
kaffeelöffel,1,4484,0.00022301516503122213
kuchen,1,4484,0.00022301516503122213
anollen,1,4484,0.00022301516503122213
wurste,1,4484,0.00022301516503122213
zerschlagen,1,4484,0.00022301516503122213
17,1,4484,0.00022301516503122213
gehören,1,4484,0.00022301516503122213
100,1,4484,0.00022301516503122213
kruste,1,4484,0.00022301516503122213
sonst,1,4484,0.00022301516503122213
gestreute,1,4484,0.00022301516503122213
sirup,1,4484,0.00022301516503122213
stärkmehl,1,4484,0.00022301516503122213
bewötirten,1,4484,0.00022301516503122213
11,1,4484,0.00022301516503122213
gefüllte,1,4484,0.00022301516503122213
spatzenteig,1,4484,0.00022301516503122213
sagomehl,1,4484,0.00022301516503122213
verschlagen,1,4484,0.00022301516503122213
j,1,4484,0.00022301516503122213
rüber,1,4484,0.00022301516503122213
gebliebenem,1,4484,0.00022301516503122213
silie,1,4484,0.00022301516503122213
stuude,1,4484,0.00022301516503122213
klein,1,4484,0.00022301516503122213
warmem,1,4484,0.00022301516503122213
gezuckerter,1,4484,0.00022301516503122213
käs,1,4484,0.00022301516503122213
abwechslung,1,4484,0.00022301516503122213
einfacher,1,4484,0.00022301516503122213
kluskütirlictis,1,4484,0.00022301516503122213
museat,1,4484,0.00022301516503122213
gustin,1,4484,0.00022301516503122213
miteinander,1,4484,0.00022301516503122213
kette,1,4484,0.00022301516503122213
se5un6keit,1,4484,0.00022301516503122213
geftnrzter,1,4484,0.00022301516503122213
25artoffelspät,1,4484,0.00022301516503122213
ttüben,1,4484,0.00022301516503122213
zugebunden,1,4484,0.00022301516503122213
dicke,1,4484,0.00022301516503122213
mitgedämpst,1,4484,0.00022301516503122213
kauskcilt,1,4484,0.00022301516503122213
hals,1,4484,0.00022301516503122213
uralte,1,4484,0.00022301516503122213
wellholz,1,4484,0.00022301516503122213
bestäubt,1,4484,0.00022301516503122213
toffelpüree,1,4484,0.00022301516503122213
schwarzbrotschnitten,1,4484,0.00022301516503122213
ratschläge,1,4484,0.00022301516503122213
springform,1,4484,0.00022301516503122213
nutzloser,1,4484,0.00022301516503122213
l^,1,4484,0.00022301516503122213
orange,1,4484,0.00022301516503122213
fertigmachen,1,4484,0.00022301516503122213
könnte,1,4484,0.00022301516503122213
bisher,1,4484,0.00022301516503122213
niebelefuppe,1,4484,0.00022301516503122213
leben,1,4484,0.00022301516503122213
trocknen,1,4484,0.00022301516503122213
bittere,1,4484,0.00022301516503122213
damit,1,4484,0.00022301516503122213
toffelmehl,1,4484,0.00022301516503122213
einigen,1,4484,0.00022301516503122213
zusammengerollt,1,4484,0.00022301516503122213
schweineschmalz,1,4484,0.00022301516503122213
wesentlich,1,4484,0.00022301516503122213
verfügung,1,4484,0.00022301516503122213
ersatz,1,4484,0.00022301516503122213
saure,1,4484,0.00022301516503122213
allein,1,4484,0.00022301516503122213
ausgehöhlt,1,4484,0.00022301516503122213
suchhandlung,1,4484,0.00022301516503122213
übergosseu,1,4484,0.00022301516503122213
festen,1,4484,0.00022301516503122213
spick,1,4484,0.00022301516503122213
hellgrünen,1,4484,0.00022301516503122213
holsteinische,1,4484,0.00022301516503122213
2^2,1,4484,0.00022301516503122213
v?,1,4484,0.00022301516503122213
fische,1,4484,0.00022301516503122213
bestreiche,1,4484,0.00022301516503122213
erst,1,4484,0.00022301516503122213
elnsicktlger,1,4484,0.00022301516503122213
hineiugetan,1,4484,0.00022301516503122213
sondern,1,4484,0.00022301516503122213
unseren,1,4484,0.00022301516503122213
glatter,1,4484,0.00022301516503122213
gemengt,1,4484,0.00022301516503122213
schinkenfnlle,1,4484,0.00022301516503122213
aurichten,1,4484,0.00022301516503122213
rollt,1,4484,0.00022301516503122213
atriegskttche,1,4484,0.00022301516503122213
a5vaut,1,4484,0.00022301516503122213
nur,1,4484,0.00022301516503122213
nissen,1,4484,0.00022301516503122213
eiuer,1,4484,0.00022301516503122213
abgezogenen,1,4484,0.00022301516503122213
lnnge,1,4484,0.00022301516503122213
alle,1,4484,0.00022301516503122213
brei,1,4484,0.00022301516503122213
innern,1,4484,0.00022301516503122213
fischsud,1,4484,0.00022301516503122213
jahreszeit,1,4484,0.00022301516503122213
braunen,1,4484,0.00022301516503122213
schellfisch,1,4484,0.00022301516503122213
ablöschen,1,4484,0.00022301516503122213
gereinigteil,1,4484,0.00022301516503122213
zerschlagene,1,4484,0.00022301516503122213
l2,1,4484,0.00022301516503122213
tapfen,1,4484,0.00022301516503122213
junge,1,4484,0.00022301516503122213
ausgestrichen,1,4484,0.00022301516503122213
uußgroß,1,4484,0.00022301516503122213
ttartoffelschnitten,1,4484,0.00022301516503122213
tropfen,1,4484,0.00022301516503122213
teelöffel,1,4484,0.00022301516503122213
kochkafserol,1,4484,0.00022301516503122213
küche,1,4484,0.00022301516503122213
speckwürfeln,1,4484,0.00022301516503122213
sellerie,1,4484,0.00022301516503122213
zergehen,1,4484,0.00022301516503122213
deckel,1,4484,0.00022301516503122213
bedeckt,1,4484,0.00022301516503122213
nierenfett,1,4484,0.00022301516503122213
weilerdampfen,1,4484,0.00022301516503122213
werdeil,1,4484,0.00022301516503122213
befeuchtet,1,4484,0.00022301516503122213
schließt,1,4484,0.00022301516503122213
hiesige,1,4484,0.00022301516503122213
minnten,1,4484,0.00022301516503122213
etivas,1,4484,0.00022301516503122213
blttinenkohl,1,4484,0.00022301516503122213
oou,1,4484,0.00022301516503122213
atcise,1,4484,0.00022301516503122213
gelben,1,4484,0.00022301516503122213
gierhabev,1,4484,0.00022301516503122213
jungen,1,4484,0.00022301516503122213
verkocht,1,4484,0.00022301516503122213
lin,1,4484,0.00022301516503122213
fette,1,4484,0.00022301516503122213
gebraten,1,4484,0.00022301516503122213
zwetschgen,1,4484,0.00022301516503122213
stielen,1,4484,0.00022301516503122213
gestäubt,1,4484,0.00022301516503122213
wasserbad,1,4484,0.00022301516503122213
abgelaufenen,1,4484,0.00022301516503122213
händen,1,4484,0.00022301516503122213
pndding,1,4484,0.00022301516503122213
g,1,4484,0.00022301516503122213
nachdem,1,4484,0.00022301516503122213
anflanfform,1,4484,0.00022301516503122213
da,1,4484,0.00022301516503122213
pflanzliche,1,4484,0.00022301516503122213
wir,1,4484,0.00022301516503122213
irisches,1,4484,0.00022301516503122213
volt,1,4484,0.00022301516503122213
pfaune,1,4484,0.00022301516503122213
feingewiegter,1,4484,0.00022301516503122213
rhabarberstücke,1,4484,0.00022301516503122213
^lops,1,4484,0.00022301516503122213
heim,1,4484,0.00022301516503122213
niederlagen,1,4484,0.00022301516503122213
dämpfen,1,4484,0.00022301516503122213
röstet,1,4484,0.00022301516503122213
ulri,1,4484,0.00022301516503122213
gebracht,1,4484,0.00022301516503122213
schmeckt,1,4484,0.00022301516503122213
gelassen,1,4484,0.00022301516503122213
ausnützung,1,4484,0.00022301516503122213
wendung,1,4484,0.00022301516503122213
vorbereiteter,1,4484,0.00022301516503122213
teile,1,4484,0.00022301516503122213
kern,1,4484,0.00022301516503122213
fleischreste,1,4484,0.00022301516503122213
brot,1,4484,0.00022301516503122213
eingedämpft,1,4484,0.00022301516503122213
teuerung,1,4484,0.00022301516503122213
tags,1,4484,0.00022301516503122213
tellergroßeu,1,4484,0.00022301516503122213
hinwenden,1,4484,0.00022301516503122213
reife,1,4484,0.00022301516503122213
schwitze,1,4484,0.00022301516503122213
feine,1,4484,0.00022301516503122213
riedlingen,1,4484,0.00022301516503122213
tveckeieraerftenfnppe,1,4484,0.00022301516503122213
compott,1,4484,0.00022301516503122213
fisch,1,4484,0.00022301516503122213
hinnahm,1,4484,0.00022301516503122213
blattrippen,1,4484,0.00022301516503122213
find,1,4484,0.00022301516503122213
sauer,1,4484,0.00022301516503122213
bouillon,1,4484,0.00022301516503122213
alartoffel,1,4484,0.00022301516503122213
winterkohl,1,4484,0.00022301516503122213
seiten,1,4484,0.00022301516503122213
