ngram,count,total_words,frequency
1,155,5356,0.0289395070948469
in,127,5356,0.02371172516803585
die,122,5356,0.022778192681105303
und,113,5356,0.021097834204630322
2,110,5356,0.020537714712471993
der,100,5356,0.018670649738610903
mit,98,5356,0.018297236743838687
wasser,86,5356,0.016056758775205376
eßl,82,5356,0.015309932785660941
pfd,72,5356,0.01344286781179985
kartoffeln,64,5356,0.01194921583271098
oder,62,5356,0.01157580283793876
std,60,5356,0.011202389843166542
kochkiste,58,5356,0.010828976848394324
das,53,5356,0.009895444361463779
salz,53,5356,0.009895444361463779
den,50,5356,0.009335324869305451
mehl,47,5356,0.008775205377147125
z,44,5356,0.008215085884988798
man,42,5356,0.00784167289021658
eßlöffel,38,5356,0.007094846900672144
dem,36,5356,0.006721433905899925
margarine,34,5356,0.006348020911127707
i,33,5356,0.0061613144137415985
kochzeit,33,5356,0.0061613144137415985
ein,31,5356,0.00578790141896938
nicht,31,5356,0.00578790141896938
^,30,5356,0.005601194921583271
4,30,5356,0.005601194921583271
kochen,30,5356,0.005601194921583271
zu,29,5356,0.005414488424197162
graupen,29,5356,0.005414488424197162
3,27,5356,0.005041075429424944
min,26,5356,0.0048543689320388345
auf,25,5356,0.004667662434652726
es,25,5356,0.004667662434652726
ist,25,5356,0.004667662434652726
vorkochzeit,25,5356,0.004667662434652726
prise,24,5356,0.004480955937266617
zum,23,5356,0.004294249439880508
zucker,22,5356,0.004107542942494399
kann,21,5356,0.00392083644510829
für,21,5356,0.00392083644510829
10,20,5356,0.0037341299477221808
waschen,20,5356,0.0037341299477221808
werden,20,5356,0.0037341299477221808
gericht,19,5356,0.003547423450336072
5,18,5356,0.0033607169529499626
schneiden,18,5356,0.0033607169529499626
lassen,18,5356,0.0033607169529499626
kochendes,18,5356,0.0033607169529499626
zwiebel,17,5356,0.0031740104555638537
l,17,5356,0.0031740104555638537
sich,17,5356,0.0031740104555638537
von,17,5356,0.0031740104555638537
sie,17,5356,0.0031740104555638537
so,17,5356,0.0031740104555638537
rohe,16,5356,0.002987303958177745
daß,16,5356,0.002987303958177745
im,16,5356,0.002987303958177745
aus,15,5356,0.0028005974607916355
kohlrüben,15,5356,0.0028005974607916355
ei,15,5356,0.0028005974607916355
einen,14,5356,0.0026138909634055266
durch,14,5356,0.0026138909634055266
6,14,5356,0.0026138909634055266
gemüse,14,5356,0.0026138909634055266
bringen,13,5356,0.0024271844660194173
etwas,13,5356,0.0024271844660194173
zufügen,13,5356,0.0024271844660194173
wenn,13,5356,0.0024271844660194173
salzwasser,13,5356,0.0024271844660194173
dann,13,5356,0.0024271844660194173
gewürze,13,5356,0.0024271844660194173
nach,12,5356,0.0022404779686333084
äpfel,12,5356,0.0022404779686333084
einweichen,12,5356,0.0022404779686333084
diese,12,5356,0.0022404779686333084
schälen,12,5356,0.0022404779686333084
gekochte,12,5356,0.0022404779686333084
geben,12,5356,0.0022404779686333084
rüben,12,5356,0.0022404779686333084
kartoffelscheiben,11,5356,0.0020537714712471995
vs,11,5356,0.0020537714712471995
des,11,5356,0.0020537714712471995
wird,11,5356,0.0020537714712471995
nnd,11,5356,0.0020537714712471995
tags,11,5356,0.0020537714712471995
kartoffel,11,5356,0.0020537714712471995
vorher,11,5356,0.0020537714712471995
topf,10,5356,0.0018670649738610904
weil,10,5356,0.0018670649738610904
sellerie,10,5356,0.0018670649738610904
geriebene,10,5356,0.0018670649738610904
pilze,10,5356,0.0018670649738610904
nudeln,10,5356,0.0018670649738610904
er,10,5356,0.0018670649738610904
zugeben,10,5356,0.0018670649738610904
backen,10,5356,0.0018670649738610904
an,10,5356,0.0018670649738610904
milch,10,5356,0.0018670649738610904
kochende,10,5356,0.0018670649738610904
getrocknete,10,5356,0.0018670649738610904
auch,10,5356,0.0018670649738610904
ohne,10,5356,0.0018670649738610904
8,9,5356,0.0016803584764749813
kleine,9,5356,0.0016803584764749813
zutaten,9,5356,0.0016803584764749813
eine,9,5356,0.0016803584764749813
kürbis,9,5356,0.0016803584764749813
kohlrabi,9,5356,0.0016803584764749813
kiste,9,5356,0.0016803584764749813
scheiben,8,5356,0.0014936519790888724
also,8,5356,0.0014936519790888724
ansetzen,8,5356,0.0014936519790888724
einbrenne,8,5356,0.0014936519790888724
fleisch,8,5356,0.0014936519790888724
11,8,5356,0.0014936519790888724
pfeffer,8,5356,0.0014936519790888724
kocht,8,5356,0.0014936519790888724
sind,8,5356,0.0014936519790888724
ofen,8,5356,0.0014936519790888724
tomaten,8,5356,0.0014936519790888724
mischen,8,5356,0.0014936519790888724
„,8,5356,0.0014936519790888724
herstellen,8,5356,0.0014936519790888724
backpulver,8,5356,0.0014936519790888724
als,8,5356,0.0014936519790888724
zimt,7,5356,0.0013069454817027633
am,7,5356,0.0013069454817027633
statt,7,5356,0.0013069454817027633
vor,7,5356,0.0013069454817027633
frische,7,5356,0.0013069454817027633
erst,7,5356,0.0013069454817027633
k,7,5356,0.0013069454817027633
dadurch,7,5356,0.0013069454817027633
fett,7,5356,0.0013069454817027633
1^,7,5356,0.0013069454817027633
teig,7,5356,0.0013069454817027633
kochendem,7,5356,0.0013069454817027633
essig,7,5356,0.0013069454817027633
möhren,7,5356,0.0013069454817027633
kartoffelmehl,7,5356,0.0013069454817027633
stücke,7,5356,0.0013069454817027633
ans,7,5356,0.0013069454817027633
12,7,5356,0.0013069454817027633
14,7,5356,0.0013069454817027633
weichkochen,7,5356,0.0013069454817027633
sieb,7,5356,0.0013069454817027633
rhabarber,6,5356,0.0011202389843166542
kräuter,6,5356,0.0011202389843166542
abschmecken,6,5356,0.0011202389843166542
15,6,5356,0.0011202389843166542
a,6,5356,0.0011202389843166542
ihm,6,5356,0.0011202389843166542
sehr,6,5356,0.0011202389843166542
abgießen,6,5356,0.0011202389843166542
lange,6,5356,0.0011202389843166542
magermilch,6,5356,0.0011202389843166542
hagebutten,6,5356,0.0011202389843166542
paket,6,5356,0.0011202389843166542
pfanne,6,5356,0.0011202389843166542
g,6,5356,0.0011202389843166542
gut,6,5356,0.0011202389843166542
stehen,6,5356,0.0011202389843166542
verschiedene,6,5356,0.0011202389843166542
streifen,6,5356,0.0011202389843166542
b,6,5356,0.0011202389843166542
beispiel,6,5356,0.0011202389843166542
klößchen,6,5356,0.0011202389843166542
9,6,5356,0.0011202389843166542
petersilie,6,5356,0.0011202389843166542
tisch,6,5356,0.0011202389843166542
uud,6,5356,0.0011202389843166542
erbsen,6,5356,0.0011202389843166542
nur,6,5356,0.0011202389843166542
ersatz,6,5356,0.0011202389843166542
bleibt,5,5356,0.0009335324869305452
tunke,5,5356,0.0009335324869305452
rote,5,5356,0.0009335324869305452
form,5,5356,0.0009335324869305452
gewiegte,5,5356,0.0009335324869305452
ebenso,5,5356,0.0009335324869305452
um,5,5356,0.0009335324869305452
schwitzen,5,5356,0.0009335324869305452
trocknen,5,5356,0.0009335324869305452
große,5,5356,0.0009335324869305452
fest,5,5356,0.0009335324869305452
benutzen,5,5356,0.0009335324869305452
kaltem,5,5356,0.0009335324869305452
stellen,5,5356,0.0009335324869305452
50,5,5356,0.0009335324869305452
streichen,5,5356,0.0009335324869305452
7,5,5356,0.0009335324869305452
gurken,5,5356,0.0009335324869305452
teelöffel,5,5356,0.0009335324869305452
ziehen,5,5356,0.0009335324869305452
süßstoff,5,5356,0.0009335324869305452
20,5,5356,0.0009335324869305452
zwiebelwürfel,5,5356,0.0009335324869305452
100,5,5356,0.0009335324869305452
kohl,5,5356,0.0009335324869305452
wir,5,5356,0.0009335324869305452
bis,5,5356,0.0009335324869305452
zeit,5,5356,0.0009335324869305452
würfel,5,5356,0.0009335324869305452
wärme,5,5356,0.0009335324869305452
zusammen,4,5356,0.0007468259895444362
papier,4,5356,0.0007468259895444362
wieder,4,5356,0.0007468259895444362
töpfe,4,5356,0.0007468259895444362
diesen,4,5356,0.0007468259895444362
getrocknetes,4,5356,0.0007468259895444362
salzbohnen,4,5356,0.0007468259895444362
suppe,4,5356,0.0007468259895444362
löffel,4,5356,0.0007468259895444362
pilzen,4,5356,0.0007468259895444362
16,4,5356,0.0007468259895444362
grütze,4,5356,0.0007468259895444362
noch,4,5356,0.0007468259895444362
stellt,4,5356,0.0007468259895444362
braten,4,5356,0.0007468259895444362
gerichte,4,5356,0.0007468259895444362
darf,4,5356,0.0007468259895444362
wohlgeschmack,4,5356,0.0007468259895444362
legt,4,5356,0.0007468259895444362
alle,4,5356,0.0007468259895444362
rindfleisch,4,5356,0.0007468259895444362
läßt,4,5356,0.0007468259895444362
zerkochen,4,5356,0.0007468259895444362
granpen,4,5356,0.0007468259895444362
dnrch,4,5356,0.0007468259895444362
verrühren,4,5356,0.0007468259895444362
tun,4,5356,0.0007468259895444362
iu,4,5356,0.0007468259895444362
gewürzen,4,5356,0.0007468259895444362
reiben,4,5356,0.0007468259895444362
boden,4,5356,0.0007468259895444362
schnell,4,5356,0.0007468259895444362
auffüllen,4,5356,0.0007468259895444362
hineintun,4,5356,0.0007468259895444362
putzen,3,5356,0.0005601194921583271
bohnen,3,5356,0.0005601194921583271
haben,3,5356,0.0005601194921583271
klöße,3,5356,0.0005601194921583271
berliner,3,5356,0.0005601194921583271
verwenden,3,5356,0.0005601194921583271
vorzüge,3,5356,0.0005601194921583271
bringt,3,5356,0.0005601194921583271
ausrollen,3,5356,0.0005601194921583271
löschen,3,5356,0.0005601194921583271
salzfisch,3,5356,0.0005601194921583271
h,3,5356,0.0005601194921583271
pfannen,3,5356,0.0005601194921583271
jetzt,3,5356,0.0005601194921583271
übrigen,3,5356,0.0005601194921583271
gewürz,3,5356,0.0005601194921583271
grieß,3,5356,0.0005601194921583271
weißkraut,3,5356,0.0005601194921583271
brauchen,3,5356,0.0005601194921583271
60,3,5356,0.0005601194921583271
herd,3,5356,0.0005601194921583271
essen,3,5356,0.0005601194921583271
sei,3,5356,0.0005601194921583271
backpflaumen,3,5356,0.0005601194921583271
auflauf,3,5356,0.0005601194921583271
herde,3,5356,0.0005601194921583271
darauf,3,5356,0.0005601194921583271
erhalten,3,5356,0.0005601194921583271
bleiben,3,5356,0.0005601194921583271
speisen,3,5356,0.0005601194921583271
fein,3,5356,0.0005601194921583271
sauerkraut,3,5356,0.0005601194921583271
kochbeutel,3,5356,0.0005601194921583271
besser,3,5356,0.0005601194921583271
ankochen,3,5356,0.0005601194921583271
rezept,3,5356,0.0005601194921583271
deckel,3,5356,0.0005601194921583271
dienste,3,5356,0.0005601194921583271
selleriekraut,3,5356,0.0005601194921583271
gulasch,3,5356,0.0005601194921583271
bei,3,5356,0.0005601194921583271
einer,3,5356,0.0005601194921583271
gas,3,5356,0.0005601194921583271
einstreuen,3,5356,0.0005601194921583271
getrockneten,3,5356,0.0005601194921583271
schütten,3,5356,0.0005601194921583271
darin,3,5356,0.0005601194921583271
zwei,3,5356,0.0005601194921583271
rühren,3,5356,0.0005601194921583271
gewiegten,3,5356,0.0005601194921583271
näht,3,5356,0.0005601194921583271
vz,3,5356,0.0005601194921583271
folgenden,3,5356,0.0005601194921583271
eines,3,5356,0.0005601194921583271
reichlich,3,5356,0.0005601194921583271
erdschocken,3,5356,0.0005601194921583271
abwellen,3,5356,0.0005601194921583271
eß,3,5356,0.0005601194921583271
kartosfelscheiben,3,5356,0.0005601194921583271
saure,3,5356,0.0005601194921583271
vom,3,5356,0.0005601194921583271
falls,3,5356,0.0005601194921583271
gewinnen,3,5356,0.0005601194921583271
selleriekopf,3,5356,0.0005601194921583271
salzkartoffeln,3,5356,0.0005601194921583271
wie,3,5356,0.0005601194921583271
gießen,3,5356,0.0005601194921583271
einkochen,3,5356,0.0005601194921583271
senf,3,5356,0.0005601194921583271
unter,3,5356,0.0005601194921583271
zeitungspapier,3,5356,0.0005601194921583271
kneten,3,5356,0.0005601194921583271
aber,3,5356,0.0005601194921583271
körper,3,5356,0.0005601194921583271
roh,3,5356,0.0005601194921583271
kissen,3,5356,0.0005601194921583271
andere,3,5356,0.0005601194921583271
flüssigkeit,3,5356,0.0005601194921583271
brühwürfel,3,5356,0.0005601194921583271
einweichwasser,3,5356,0.0005601194921583271
einmal,3,5356,0.0005601194921583271
mindestens,3,5356,0.0005601194921583271
sonst,2,5356,0.0003734129947722181
kaffeelöffel,2,5356,0.0003734129947722181
gerichten,2,5356,0.0003734129947722181
schalen,2,5356,0.0003734129947722181
naumann,2,5356,0.0003734129947722181
äpfeln,2,5356,0.0003734129947722181
gepackt,2,5356,0.0003734129947722181
erhält,2,5356,0.0003734129947722181
einzelzutaten,2,5356,0.0003734129947722181
hafergrützsuppe,2,5356,0.0003734129947722181
tuch,2,5356,0.0003734129947722181
folgender,2,5356,0.0003734129947722181
wurzelwerk,2,5356,0.0003734129947722181
wiegebraten,2,5356,0.0003734129947722181
können,2,5356,0.0003734129947722181
frauen,2,5356,0.0003734129947722181
wirkung,2,5356,0.0003734129947722181
gibt,2,5356,0.0003734129947722181
schneidet,2,5356,0.0003734129947722181
behält,2,5356,0.0003734129947722181
keine,2,5356,0.0003734129947722181
abend,2,5356,0.0003734129947722181
verzichten,2,5356,0.0003734129947722181
arbeitszeit,2,5356,0.0003734129947722181
rübenpfanne,2,5356,0.0003734129947722181
wollen,2,5356,0.0003734129947722181
eingeweicht,2,5356,0.0003734129947722181
stadt,2,5356,0.0003734129947722181
graupeu,2,5356,0.0003734129947722181
rösten,2,5356,0.0003734129947722181
immerhin,2,5356,0.0003734129947722181
scheibchen,2,5356,0.0003734129947722181
guten,2,5356,0.0003734129947722181
tuu,2,5356,0.0003734129947722181
gegessen,2,5356,0.0003734129947722181
eignen,2,5356,0.0003734129947722181
niehl,2,5356,0.0003734129947722181
zur,2,5356,0.0003734129947722181
würde,2,5356,0.0003734129947722181
glut,2,5356,0.0003734129947722181
bohnenkraut,2,5356,0.0003734129947722181
hafergrütze,2,5356,0.0003734129947722181
zusammengestellt,2,5356,0.0003734129947722181
natürlich,2,5356,0.0003734129947722181
vorkochen,2,5356,0.0003734129947722181
mau,2,5356,0.0003734129947722181
restlos,2,5356,0.0003734129947722181
znm,2,5356,0.0003734129947722181
stückchen,2,5356,0.0003734129947722181
selleriegrün,2,5356,0.0003734129947722181
schaden,2,5356,0.0003734129947722181
weiße,2,5356,0.0003734129947722181
siehe,2,5356,0.0003734129947722181
heimkehr,2,5356,0.0003734129947722181
rohen,2,5356,0.0003734129947722181
gehacktes,2,5356,0.0003734129947722181
stoff,2,5356,0.0003734129947722181
leipziger,2,5356,0.0003734129947722181
v,2,5356,0.0003734129947722181
apfelpfanne,2,5356,0.0003734129947722181
eingeweichte,2,5356,0.0003734129947722181
mittags,2,5356,0.0003734129947722181
tages,2,5356,0.0003734129947722181
neues,2,5356,0.0003734129947722181
krähen,2,5356,0.0003734129947722181
wärmequelle,2,5356,0.0003734129947722181
nelken,2,5356,0.0003734129947722181
natron,2,5356,0.0003734129947722181
topfes,2,5356,0.0003734129947722181
weg,2,5356,0.0003734129947722181
muß,2,5356,0.0003734129947722181
breite,2,5356,0.0003734129947722181
meerrettich,2,5356,0.0003734129947722181
seiner,2,5356,0.0003734129947722181
masse,2,5356,0.0003734129947722181
kosten,2,5356,0.0003734129947722181
überkochen,2,5356,0.0003734129947722181
vanillin,2,5356,0.0003734129947722181
leicht,2,5356,0.0003734129947722181
1t,2,5356,0.0003734129947722181
wärmespeicher,2,5356,0.0003734129947722181
abends,2,5356,0.0003734129947722181
voriges,2,5356,0.0003734129947722181
gar,2,5356,0.0003734129947722181
30,2,5356,0.0003734129947722181
davon,2,5356,0.0003734129947722181
seine,2,5356,0.0003734129947722181
40,2,5356,0.0003734129947722181
damit,2,5356,0.0003734129947722181
mittag,2,5356,0.0003734129947722181
sauber,2,5356,0.0003734129947722181
darauflegen,2,5356,0.0003734129947722181
druck,2,5356,0.0003734129947722181
darübergießen,2,5356,0.0003734129947722181
v2,2,5356,0.0003734129947722181
mischgericht,2,5356,0.0003734129947722181
schichten,2,5356,0.0003734129947722181
hausvater,2,5356,0.0003734129947722181
kochtage,2,5356,0.0003734129947722181
300,2,5356,0.0003734129947722181
verquirlen,2,5356,0.0003734129947722181
tagen,2,5356,0.0003734129947722181
ungar,2,5356,0.0003734129947722181
satz,2,5356,0.0003734129947722181
da,2,5356,0.0003734129947722181
nutzen,2,5356,0.0003734129947722181
legen,2,5356,0.0003734129947722181
holzwolle,2,5356,0.0003734129947722181
übergießen,2,5356,0.0003734129947722181
13,2,5356,0.0003734129947722181
hoch,2,5356,0.0003734129947722181
tomate,2,5356,0.0003734129947722181
kochaugenblick,2,5356,0.0003734129947722181
hausfrau,2,5356,0.0003734129947722181
gewiegt,2,5356,0.0003734129947722181
geriebenen,2,5356,0.0003734129947722181
ihn,2,5356,0.0003734129947722181
deshalb,2,5356,0.0003734129947722181
gewaschen,2,5356,0.0003734129947722181
genügt,2,5356,0.0003734129947722181
zwiebeln,2,5356,0.0003734129947722181
zn,2,5356,0.0003734129947722181
eier,2,5356,0.0003734129947722181
muskat,2,5356,0.0003734129947722181
gleichen,2,5356,0.0003734129947722181
gnt,2,5356,0.0003734129947722181
pflaumen,2,5356,0.0003734129947722181
tomatensuppe,2,5356,0.0003734129947722181
füllen,2,5356,0.0003734129947722181
warm,2,5356,0.0003734129947722181
etliche,2,5356,0.0003734129947722181
seite,2,5356,0.0003734129947722181
stück,2,5356,0.0003734129947722181
nötig,2,5356,0.0003734129947722181
spart,2,5356,0.0003734129947722181
eingeweichten,2,5356,0.0003734129947722181
kartoffelsuppe,2,5356,0.0003734129947722181
aufgelösten,2,5356,0.0003734129947722181
buttermilch,2,5356,0.0003734129947722181
bedecken,2,5356,0.0003734129947722181
brennmaterial,2,5356,0.0003734129947722181
mehlschwitze,2,5356,0.0003734129947722181
bogen,2,5356,0.0003734129947722181
verdicken,2,5356,0.0003734129947722181
marianne,2,5356,0.0003734129947722181
verloren,2,5356,0.0003734129947722181
pf,2,5356,0.0003734129947722181
kopf,2,5356,0.0003734129947722181
kar,2,5356,0.0003734129947722181
runde,2,5356,0.0003734129947722181
muschelragout,2,5356,0.0003734129947722181
keinen,2,5356,0.0003734129947722181
koch,2,5356,0.0003734129947722181
leipzig,2,5356,0.0003734129947722181
sein,2,5356,0.0003734129947722181
temperatur,2,5356,0.0003734129947722181
spargel,2,5356,0.0003734129947722181
wolf,2,5356,0.0003734129947722181
suppen,2,5356,0.0003734129947722181
muscheln,2,5356,0.0003734129947722181
graupensuppe,2,5356,0.0003734129947722181
warme,2,5356,0.0003734129947722181
zwischen,2,5356,0.0003734129947722181
angekocht,2,5356,0.0003734129947722181
worden,2,5356,0.0003734129947722181
geschmack,2,5356,0.0003734129947722181
ab,2,5356,0.0003734129947722181
ihre,2,5356,0.0003734129947722181
gekocht,2,5356,0.0003734129947722181
backäpfel,2,5356,0.0003734129947722181
ö,2,5356,0.0003734129947722181
belegt,2,5356,0.0003734129947722181
blumenasch,2,5356,0.0003734129947722181
minuten,2,5356,0.0003734129947722181
tee,2,5356,0.0003734129947722181
mischt,2,5356,0.0003734129947722181
waffer,2,5356,0.0003734129947722181
wärmeleiter,2,5356,0.0003734129947722181
hausfrauenverein,2,5356,0.0003734129947722181
bürsten,2,5356,0.0003734129947722181
kochwasser,2,5356,0.0003734129947722181
gurke,2,5356,0.0003734129947722181
teile,2,5356,0.0003734129947722181
wickelklöße,2,5356,0.0003734129947722181
formen,2,5356,0.0003734129947722181
kraut,2,5356,0.0003734129947722181
fleischgerichte,2,5356,0.0003734129947722181
kartoffelschalen,2,5356,0.0003734129947722181
bestreuen,2,5356,0.0003734129947722181
vorteilhaft,2,5356,0.0003734129947722181
nimmt,2,5356,0.0003734129947722181
anbrennen,2,5356,0.0003734129947722181
schnittlauchtunke,2,5356,0.0003734129947722181
genossen,2,5356,0.0003734129947722181
kost,2,5356,0.0003734129947722181
kalt,2,5356,0.0003734129947722181
ge,2,5356,0.0003734129947722181
über,2,5356,0.0003734129947722181
geschnittenen,2,5356,0.0003734129947722181
allen,2,5356,0.0003734129947722181
kochenden,2,5356,0.0003734129947722181
drücken,2,5356,0.0003734129947722181
kräutern,2,5356,0.0003734129947722181
größer,2,5356,0.0003734129947722181
während,2,5356,0.0003734129947722181
material,2,5356,0.0003734129947722181
heutzutage,2,5356,0.0003734129947722181
verwendet,2,5356,0.0003734129947722181
dazugeben,2,5356,0.0003734129947722181
welschkraut,2,5356,0.0003734129947722181
schlechter,2,5356,0.0003734129947722181
ofens,2,5356,0.0003734129947722181
verdaulich,2,5356,0.0003734129947722181
vorsichtig,2,5356,0.0003734129947722181
wertvolle,2,5356,0.0003734129947722181
zugedeckt,2,5356,0.0003734129947722181
inhalt,1,5356,0.00018670649738610905
empfangene,1,5356,0.00018670649738610905
aromatischen,1,5356,0.00018670649738610905
nun,1,5356,0.00018670649738610905
1v,1,5356,0.00018670649738610905
grünkohl,1,5356,0.00018670649738610905
eben,1,5356,0.00018670649738610905
nützliche,1,5356,0.00018670649738610905
feiugewiegte,1,5356,0.00018670649738610905
flüssiger,1,5356,0.00018670649738610905
schäle,1,5356,0.00018670649738610905
eimer,1,5356,0.00018670649738610905
sauerkrautanflauf,1,5356,0.00018670649738610905
dient,1,5356,0.00018670649738610905
käuflichen,1,5356,0.00018670649738610905
meitze,1,5356,0.00018670649738610905
gleiche,1,5356,0.00018670649738610905
geweicht,1,5356,0.00018670649738610905
hälfte,1,5356,0.00018670649738610905
kürbisgemüse,1,5356,0.00018670649738610905
schiebt,1,5356,0.00018670649738610905
gelüftet,1,5356,0.00018670649738610905
2vz,1,5356,0.00018670649738610905
ausgeftochne,1,5356,0.00018670649738610905
gestimmt,1,5356,0.00018670649738610905
salzwaffer,1,5356,0.00018670649738610905
grüutohl,1,5356,0.00018670649738610905
eiue,1,5356,0.00018670649738610905
bestreichen,1,5356,0.00018670649738610905
wegnehmen,1,5356,0.00018670649738610905
mag,1,5356,0.00018670649738610905
entgegentreten,1,5356,0.00018670649738610905
je,1,5356,0.00018670649738610905
ins,1,5356,0.00018670649738610905
gleich,1,5356,0.00018670649738610905
2v,1,5356,0.00018670649738610905
brin,1,5356,0.00018670649738610905
marga,1,5356,0.00018670649738610905
wegen,1,5356,0.00018670649738610905
jetztzeit,1,5356,0.00018670649738610905
zwiebelwürfeln,1,5356,0.00018670649738610905
wärmeleitern,1,5356,0.00018670649738610905
besonders,1,5356,0.00018670649738610905
denen,1,5356,0.00018670649738610905
frau,1,5356,0.00018670649738610905
dünn,1,5356,0.00018670649738610905
teilen,1,5356,0.00018670649738610905
teigdeckel,1,5356,0.00018670649738610905
gcmüsepfanne,1,5356,0.00018670649738610905
dämpfen,1,5356,0.00018670649738610905
erdschockengemüfe,1,5356,0.00018670649738610905
brotvorrat,1,5356,0.00018670649738610905
selbst,1,5356,0.00018670649738610905
lande,1,5356,0.00018670649738610905
überständen,1,5356,0.00018670649738610905
kochmaterial,1,5356,0.00018670649738610905
taffe,1,5356,0.00018670649738610905
hebt,1,5356,0.00018670649738610905
jungem,1,5356,0.00018670649738610905
denkende,1,5356,0.00018670649738610905
berührende,1,5356,0.00018670649738610905
kürbiskartoffeln,1,5356,0.00018670649738610905
macht,1,5356,0.00018670649738610905
vormittags,1,5356,0.00018670649738610905
chen,1,5356,0.00018670649738610905
gerührte,1,5356,0.00018670649738610905
aufgeschlossene,1,5356,0.00018670649738610905
is,1,5356,0.00018670649738610905
schont,1,5356,0.00018670649738610905
auflaufformen,1,5356,0.00018670649738610905
chendes,1,5356,0.00018670649738610905
verarbeiten,1,5356,0.00018670649738610905
en,1,5356,0.00018670649738610905
bestandteile,1,5356,0.00018670649738610905
peter,1,5356,0.00018670649738610905
kürbisgemüsc,1,5356,0.00018670649738610905
sogar,1,5356,0.00018670649738610905
schale,1,5356,0.00018670649738610905
weichkocht,1,5356,0.00018670649738610905
gedenkt,1,5356,0.00018670649738610905
stehenden,1,5356,0.00018670649738610905
einzubüßen,1,5356,0.00018670649738610905
hie,1,5356,0.00018670649738610905
geröstete,1,5356,0.00018670649738610905
einfach,1,5356,0.00018670649738610905
durchstreichen,1,5356,0.00018670649738610905
teigabfällen,1,5356,0.00018670649738610905
außen,1,5356,0.00018670649738610905
unmittelbar,1,5356,0.00018670649738610905
zerkleinern,1,5356,0.00018670649738610905
wichtig,1,5356,0.00018670649738610905
riebene,1,5356,0.00018670649738610905
zweiten,1,5356,0.00018670649738610905
entnommenen,1,5356,0.00018670649738610905
bildet,1,5356,0.00018670649738610905
einem,1,5356,0.00018670649738610905
schmackhaft,1,5356,0.00018670649738610905
erwärmt,1,5356,0.00018670649738610905
sondern,1,5356,0.00018670649738610905
hält,1,5356,0.00018670649738610905
vorteilhaften,1,5356,0.00018670649738610905
maggi,1,5356,0.00018670649738610905
drei,1,5356,0.00018670649738610905
unangenehmen,1,5356,0.00018670649738610905
zerpflücken,1,5356,0.00018670649738610905
innig,1,5356,0.00018670649738610905
herum,1,5356,0.00018670649738610905
weder,1,5356,0.00018670649738610905
ihr,1,5356,0.00018670649738610905
znfügen,1,5356,0.00018670649738610905
bentel,1,5356,0.00018670649738610905
buttermilchkartoffelanflanf,1,5356,0.00018670649738610905
gestürzt,1,5356,0.00018670649738610905
mittelding,1,5356,0.00018670649738610905
möglichkeit,1,5356,0.00018670649738610905
beim,1,5356,0.00018670649738610905
flüffiiges,1,5356,0.00018670649738610905
kartofselwürsel,1,5356,0.00018670649738610905
lösen,1,5356,0.00018670649738610905
feftdrückeu,1,5356,0.00018670649738610905
nahrungsmittel,1,5356,0.00018670649738610905
getrock,1,5356,0.00018670649738610905
sauerkrautauflauf,1,5356,0.00018670649738610905
dazu,1,5356,0.00018670649738610905
kochender,1,5356,0.00018670649738610905
rühreu,1,5356,0.00018670649738610905
abfall,1,5356,0.00018670649738610905
leidet,1,5356,0.00018670649738610905
genäht,1,5356,0.00018670649738610905
tomatenmus,1,5356,0.00018670649738610905
segeltuch,1,5356,0.00018670649738610905
zustande,1,5356,0.00018670649738610905
abwelleu,1,5356,0.00018670649738610905
filienwnrzel,1,5356,0.00018670649738610905
güte,1,5356,0.00018670649738610905
zweistündigem,1,5356,0.00018670649738610905
knrbissupve,1,5356,0.00018670649738610905
pressen,1,5356,0.00018670649738610905
hagebuttenbrei,1,5356,0.00018670649738610905
reizt,1,5356,0.00018670649738610905
suppenspargel,1,5356,0.00018670649738610905
tosfelscheiben,1,5356,0.00018670649738610905
jegliches,1,5356,0.00018670649738610905
teil,1,5356,0.00018670649738610905
entmutigen,1,5356,0.00018670649738610905
fach,1,5356,0.00018670649738610905
weiß,1,5356,0.00018670649738610905
weniger,1,5356,0.00018670649738610905
erklärt,1,5356,0.00018670649738610905
haarsieb,1,5356,0.00018670649738610905
gebracht,1,5356,0.00018670649738610905
erfahrungen,1,5356,0.00018670649738610905
sobald,1,5356,0.00018670649738610905
jedesmal,1,5356,0.00018670649738610905
doch,1,5356,0.00018670649738610905
verzeihende,1,5356,0.00018670649738610905
schält,1,5356,0.00018670649738610905
lauch,1,5356,0.00018670649738610905
altes,1,5356,0.00018670649738610905
kürbiskerne,1,5356,0.00018670649738610905
folgendes,1,5356,0.00018670649738610905
essens,1,5356,0.00018670649738610905
24,1,5356,0.00018670649738610905
wenig,1,5356,0.00018670649738610905
gerichtes,1,5356,0.00018670649738610905
härchen,1,5356,0.00018670649738610905
korb,1,5356,0.00018670649738610905
pfauuc,1,5356,0.00018670649738610905
topfinhalt,1,5356,0.00018670649738610905
dreifingerbreite,1,5356,0.00018670649738610905
müssen,1,5356,0.00018670649738610905
umgekehrten,1,5356,0.00018670649738610905
teigplatte,1,5356,0.00018670649738610905
teigplatten,1,5356,0.00018670649738610905
weise,1,5356,0.00018670649738610905
nützbarer,1,5356,0.00018670649738610905
notwendig,1,5356,0.00018670649738610905
setzen,1,5356,0.00018670649738610905
mar,1,5356,0.00018670649738610905
speise,1,5356,0.00018670649738610905
heben,1,5356,0.00018670649738610905
wassermenge,1,5356,0.00018670649738610905
ma,1,5356,0.00018670649738610905
herausfällt,1,5356,0.00018670649738610905
„die,1,5356,0.00018670649738610905
l^,1,5356,0.00018670649738610905
oberfläche,1,5356,0.00018670649738610905
belwürfel,1,5356,0.00018670649738610905
soll,1,5356,0.00018670649738610905
ärmer,1,5356,0.00018670649738610905
genossenes,1,5356,0.00018670649738610905
zerlegen,1,5356,0.00018670649738610905
machen,1,5356,0.00018670649738610905
roten,1,5356,0.00018670649738610905
ergeben,1,5356,0.00018670649738610905
wascheil,1,5356,0.00018670649738610905
ausgefettete,1,5356,0.00018670649738610905
kocheude,1,5356,0.00018670649738610905
ertrag,1,5356,0.00018670649738610905
durchgehenden,1,5356,0.00018670649738610905
sammendrücken,1,5356,0.00018670649738610905
abzugeben,1,5356,0.00018670649738610905
kleingeschnittenen,1,5356,0.00018670649738610905
back,1,5356,0.00018670649738610905
suppm,1,5356,0.00018670649738610905
maskat,1,5356,0.00018670649738610905
rübcheu,1,5356,0.00018670649738610905
rndelpfanne,1,5356,0.00018670649738610905
haushalt,1,5356,0.00018670649738610905
3t,1,5356,0.00018670649738610905
gesamte,1,5356,0.00018670649738610905
tassen,1,5356,0.00018670649738610905
möhrenwürfel,1,5356,0.00018670649738610905
hellgelb,1,5356,0.00018670649738610905
beides,1,5356,0.00018670649738610905
anfs,1,5356,0.00018670649738610905
abgekühlt,1,5356,0.00018670649738610905
zuvor,1,5356,0.00018670649738610905
schwemmklößen,1,5356,0.00018670649738610905
stoffresten,1,5356,0.00018670649738610905
falle,1,5356,0.00018670649738610905
rine,1,5356,0.00018670649738610905
eßlössel,1,5356,0.00018670649738610905
hinstellen,1,5356,0.00018670649738610905
verschluß,1,5356,0.00018670649738610905
fleischklöfzchen,1,5356,0.00018670649738610905
efsig,1,5356,0.00018670649738610905
dessen,1,5356,0.00018670649738610905
mehreren,1,5356,0.00018670649738610905
semmel,1,5356,0.00018670649738610905
kraft,1,5356,0.00018670649738610905
helle,1,5356,0.00018670649738610905
v41,1,5356,0.00018670649738610905
kommen,1,5356,0.00018670649738610905
naheliegende,1,5356,0.00018670649738610905
rochkiste,1,5356,0.00018670649738610905
zeiteinteilung,1,5356,0.00018670649738610905
küche,1,5356,0.00018670649738610905
kocheudeu,1,5356,0.00018670649738610905
v4,1,5356,0.00018670649738610905
brot,1,5356,0.00018670649738610905
hausfranenverem,1,5356,0.00018670649738610905
vorurteil,1,5356,0.00018670649738610905
halbweich,1,5356,0.00018670649738610905
häufig,1,5356,0.00018670649738610905
anrichten,1,5356,0.00018670649738610905
psc>,1,5356,0.00018670649738610905
wertvollen,1,5356,0.00018670649738610905
einstellen,1,5356,0.00018670649738610905
trischen,1,5356,0.00018670649738610905
zitroneuschale,1,5356,0.00018670649738610905
morgen,1,5356,0.00018670649738610905
nichts,1,5356,0.00018670649738610905
weißen,1,5356,0.00018670649738610905
daraus,1,5356,0.00018670649738610905
stärkemehl,1,5356,0.00018670649738610905
üer,1,5356,0.00018670649738610905
längeres,1,5356,0.00018670649738610905
langsame,1,5356,0.00018670649738610905
apfelbrotfuppe,1,5356,0.00018670649738610905
feuerung,1,5356,0.00018670649738610905
finden,1,5356,0.00018670649738610905
krähe,1,5356,0.00018670649738610905
unding,1,5356,0.00018670649738610905
achtfaches,1,5356,0.00018670649738610905
mahlen,1,5356,0.00018670649738610905
sicherwerden,1,5356,0.00018670649738610905
umgeben,1,5356,0.00018670649738610905
fehlt,1,5356,0.00018670649738610905
mischgemüse,1,5356,0.00018670649738610905
scharf,1,5356,0.00018670649738610905
besitzt,1,5356,0.00018670649738610905
siedepunkt,1,5356,0.00018670649738610905
vorhergehenden,1,5356,0.00018670649738610905
ol,1,5356,0.00018670649738610905
beschwerlich,1,5356,0.00018670649738610905
bttttermilchkartoffelanflanf,1,5356,0.00018670649738610905
miu,1,5356,0.00018670649738610905
treibt,1,5356,0.00018670649738610905
gern,1,5356,0.00018670649738610905
ermöglichen,1,5356,0.00018670649738610905
böden,1,5356,0.00018670649738610905
seuftunte,1,5356,0.00018670649738610905
entsteht,1,5356,0.00018670649738610905
gebackenes,1,5356,0.00018670649738610905
verdauliche,1,5356,0.00018670649738610905
klösze,1,5356,0.00018670649738610905
knapp,1,5356,0.00018670649738610905
schmackhafter,1,5356,0.00018670649738610905
vorn,1,5356,0.00018670649738610905
ver,1,5356,0.00018670649738610905
rändern,1,5356,0.00018670649738610905
anbrennt,1,5356,0.00018670649738610905
kartvffclgerichtc,1,5356,0.00018670649738610905
fleischklößchen,1,5356,0.00018670649738610905
vornan,1,5356,0.00018670649738610905
pst>,1,5356,0.00018670649738610905
topfdeckel,1,5356,0.00018670649738610905
hohe,1,5356,0.00018670649738610905
zurückläßt,1,5356,0.00018670649738610905
geputzten,1,5356,0.00018670649738610905
kürbiskompott,1,5356,0.00018670649738610905
weiter,1,5356,0.00018670649738610905
dreifuß,1,5356,0.00018670649738610905
neuem,1,5356,0.00018670649738610905
scharnieren,1,5356,0.00018670649738610905
heu,1,5356,0.00018670649738610905
tuche,1,5356,0.00018670649738610905
gemüfepfanne,1,5356,0.00018670649738610905
zuschlagen,1,5356,0.00018670649738610905
vorzüglichen,1,5356,0.00018670649738610905
eingewickelt,1,5356,0.00018670649738610905
garwerden,1,5356,0.00018670649738610905
>,1,5356,0.00018670649738610905
weiszkraut,1,5356,0.00018670649738610905
loskommen,1,5356,0.00018670649738610905
schmeck,1,5356,0.00018670649738610905
schlechten,1,5356,0.00018670649738610905
fleischhackmaschine,1,5356,0.00018670649738610905
selleriepfanne,1,5356,0.00018670649738610905
tersilie,1,5356,0.00018670649738610905
hinten,1,5356,0.00018670649738610905
bedeutet,1,5356,0.00018670649738610905
leistet,1,5356,0.00018670649738610905
tompinambnr,1,5356,0.00018670649738610905
2l,1,5356,0.00018670649738610905
getan,1,5356,0.00018670649738610905
aufeinander,1,5356,0.00018670649738610905
hötze^,1,5356,0.00018670649738610905
schnitt,1,5356,0.00018670649738610905
aufheben,1,5356,0.00018670649738610905
öl,1,5356,0.00018670649738610905
küchenofen,1,5356,0.00018670649738610905
abziehen,1,5356,0.00018670649738610905
abkühlen,1,5356,0.00018670649738610905
zncker,1,5356,0.00018670649738610905
spülen,1,5356,0.00018670649738610905
was,1,5356,0.00018670649738610905
sollten,1,5356,0.00018670649738610905
gekochten,1,5356,0.00018670649738610905
fisch,1,5356,0.00018670649738610905
kochzeiten,1,5356,0.00018670649738610905
durchkochen,1,5356,0.00018670649738610905
schärfe,1,5356,0.00018670649738610905
psd,1,5356,0.00018670649738610905
dill,1,5356,0.00018670649738610905
geschwitzten,1,5356,0.00018670649738610905
leichter,1,5356,0.00018670649738610905
rest,1,5356,0.00018670649738610905
lorbeerblatt,1,5356,0.00018670649738610905
breie,1,5356,0.00018670649738610905
kleingewürfeltes,1,5356,0.00018670649738610905
abwelken,1,5356,0.00018670649738610905
wirsiug,1,5356,0.00018670649738610905
zusammenkommen,1,5356,0.00018670649738610905
durchziehen,1,5356,0.00018670649738610905
kastens,1,5356,0.00018670649738610905
sonne,1,5356,0.00018670649738610905
außerordentlich,1,5356,0.00018670649738610905
klöß,1,5356,0.00018670649738610905
wachholderbeeren,1,5356,0.00018670649738610905
bedürfnis,1,5356,0.00018670649738610905
hobel,1,5356,0.00018670649738610905
klöfzc,1,5356,0.00018670649738610905
gurtbaud,1,5356,0.00018670649738610905
neue,1,5356,0.00018670649738610905
hineinstreuen,1,5356,0.00018670649738610905
schon,1,5356,0.00018670649738610905
verarbeitet,1,5356,0.00018670649738610905
rriegskost,1,5356,0.00018670649738610905
tüchtig,1,5356,0.00018670649738610905
wässern,1,5356,0.00018670649738610905
geschuitteue,1,5356,0.00018670649738610905
ausreicht,1,5356,0.00018670649738610905
apfelstückchen,1,5356,0.00018670649738610905
morgigen,1,5356,0.00018670649738610905
angerührtes,1,5356,0.00018670649738610905
weißem,1,5356,0.00018670649738610905
bedingten,1,5356,0.00018670649738610905
geringer,1,5356,0.00018670649738610905
liebsten,1,5356,0.00018670649738610905
gebäck,1,5356,0.00018670649738610905
vater,1,5356,0.00018670649738610905
feuern,1,5356,0.00018670649738610905
x,1,5356,0.00018670649738610905
heimkehren,1,5356,0.00018670649738610905
vorigen,1,5356,0.00018670649738610905
andre,1,5356,0.00018670649738610905
umge,1,5356,0.00018670649738610905
merrettichtnnke,1,5356,0.00018670649738610905
geschält,1,5356,0.00018670649738610905
apfelschalen,1,5356,0.00018670649738610905
verquirlten,1,5356,0.00018670649738610905
pseffer,1,5356,0.00018670649738610905
backzeit,1,5356,0.00018670649738610905
80,1,5356,0.00018670649738610905
festgestopftes,1,5356,0.00018670649738610905
lang,1,5356,0.00018670649738610905
verschiedenen,1,5356,0.00018670649738610905
gewiegter,1,5356,0.00018670649738610905
verschieden,1,5356,0.00018670649738610905
eisernes,1,5356,0.00018670649738610905
zugute,1,5356,0.00018670649738610905
fabrik,1,5356,0.00018670649738610905
germilch,1,5356,0.00018670649738610905
aufbewahrt,1,5356,0.00018670649738610905
stoffen,1,5356,0.00018670649738610905
brei,1,5356,0.00018670649738610905
eiu,1,5356,0.00018670649738610905
aufrühren,1,5356,0.00018670649738610905
abstreifen,1,5356,0.00018670649738610905
aufläufen,1,5356,0.00018670649738610905
fauberm,1,5356,0.00018670649738610905
pe,1,5356,0.00018670649738610905
span,1,5356,0.00018670649738610905
aufgaben,1,5356,0.00018670649738610905
marinierte,1,5356,0.00018670649738610905
kürbiswürfel,1,5356,0.00018670649738610905
nochkiste,1,5356,0.00018670649738610905
hausfrauen,1,5356,0.00018670649738610905
klößeu,1,5356,0.00018670649738610905
eingerichtet,1,5356,0.00018670649738610905
vielfach,1,5356,0.00018670649738610905
machende,1,5356,0.00018670649738610905
eszl,1,5356,0.00018670649738610905
gebeu,1,5356,0.00018670649738610905
mitnehme,1,5356,0.00018670649738610905
gestrichne,1,5356,0.00018670649738610905
angekochte,1,5356,0.00018670649738610905
hineingepackte,1,5356,0.00018670649738610905
sparsamkeitsgründen,1,5356,0.00018670649738610905
senfkohlrübe,1,5356,0.00018670649738610905
teighälfte,1,5356,0.00018670649738610905
nindsleischwürfel,1,5356,0.00018670649738610905
gebunden,1,5356,0.00018670649738610905
beutel,1,5356,0.00018670649738610905
stunden,1,5356,0.00018670649738610905
gewürzkörner,1,5356,0.00018670649738610905
dafür,1,5356,0.00018670649738610905
41,1,5356,0.00018670649738610905
stampft,1,5356,0.00018670649738610905
ja,1,5356,0.00018670649738610905
anf,1,5356,0.00018670649738610905
hauptsache,1,5356,0.00018670649738610905
band,1,5356,0.00018670649738610905
schwemiilklöf,1,5356,0.00018670649738610905
entweichen,1,5356,0.00018670649738610905
wickeltlösze,1,5356,0.00018670649738610905
pflaumenkerne,1,5356,0.00018670649738610905
brenne,1,5356,0.00018670649738610905
überwellen,1,5356,0.00018670649738610905
gehen,1,5356,0.00018670649738610905
ersetzen,1,5356,0.00018670649738610905
rost,1,5356,0.00018670649738610905
om,1,5356,0.00018670649738610905
rand,1,5356,0.00018670649738610905
frischen,1,5356,0.00018670649738610905
dein,1,5356,0.00018670649738610905
eingezuckerte,1,5356,0.00018670649738610905
zudeckt,1,5356,0.00018670649738610905
klopfen,1,5356,0.00018670649738610905
bedeckt,1,5356,0.00018670649738610905
klein,1,5356,0.00018670649738610905
geht,1,5356,0.00018670649738610905
umschließt,1,5356,0.00018670649738610905
henkel,1,5356,0.00018670649738610905
fleischwürfel,1,5356,0.00018670649738610905
kerne,1,5356,0.00018670649738610905
sympathien,1,5356,0.00018670649738610905
höher,1,5356,0.00018670649738610905
kürbisstücke,1,5356,0.00018670649738610905
bedeutend,1,5356,0.00018670649738610905
erkalten,1,5356,0.00018670649738610905
dung,1,5356,0.00018670649738610905
ebenfalls,1,5356,0.00018670649738610905
bestimmen,1,5356,0.00018670649738610905
c>,1,5356,0.00018670649738610905
kaninchen,1,5356,0.00018670649738610905
garine,1,5356,0.00018670649738610905
entbehrliche,1,5356,0.00018670649738610905
ivo,1,5356,0.00018670649738610905
schmeckstoffe,1,5356,0.00018670649738610905
übereinanderliegendes,1,5356,0.00018670649738610905
kohlrübenwasser,1,5356,0.00018670649738610905
dampf,1,5356,0.00018670649738610905
ausfüllen,1,5356,0.00018670649738610905
stroh,1,5356,0.00018670649738610905
fall,1,5356,0.00018670649738610905
übergeben,1,5356,0.00018670649738610905
fleischklößchenzntaten,1,5356,0.00018670649738610905
versuchen,1,5356,0.00018670649738610905
sofort,1,5356,0.00018670649738610905
sammeln,1,5356,0.00018670649738610905
anspruchslose,1,5356,0.00018670649738610905
oben,1,5356,0.00018670649738610905
schlagen,1,5356,0.00018670649738610905
keit,1,5356,0.00018670649738610905
lust,1,5356,0.00018670649738610905
uusre,1,5356,0.00018670649738610905
packen,1,5356,0.00018670649738610905
eßlnst,1,5356,0.00018670649738610905
wegschütten,1,5356,0.00018670649738610905
messerrückendick,1,5356,0.00018670649738610905
bürste,1,5356,0.00018670649738610905
hindert,1,5356,0.00018670649738610905
fertig,1,5356,0.00018670649738610905
daun,1,5356,0.00018670649738610905
beansprucht,1,5356,0.00018670649738610905
geeignete,1,5356,0.00018670649738610905
elek,1,5356,0.00018670649738610905
1>,1,5356,0.00018670649738610905
aubraten,1,5356,0.00018670649738610905
nete,1,5356,0.00018670649738610905
schwarzwurzeln,1,5356,0.00018670649738610905
sellerieblätter,1,5356,0.00018670649738610905
feiu,1,5356,0.00018670649738610905
wärmeverlnst,1,5356,0.00018670649738610905
ten,1,5356,0.00018670649738610905
folgendermaßen,1,5356,0.00018670649738610905
dazugegeben,1,5356,0.00018670649738610905
ebengekochtes,1,5356,0.00018670649738610905
riechen,1,5356,0.00018670649738610905
durchzieheu,1,5356,0.00018670649738610905
abgeputzt,1,5356,0.00018670649738610905
fünften,1,5356,0.00018670649738610905
em,1,5356,0.00018670649738610905
gelegt,1,5356,0.00018670649738610905
zeitpunkt,1,5356,0.00018670649738610905
angewiesen,1,5356,0.00018670649738610905
wassers,1,5356,0.00018670649738610905
vohneu,1,5356,0.00018670649738610905
c,1,5356,0.00018670649738610905
gefüttert,1,5356,0.00018670649738610905
kehrten,1,5356,0.00018670649738610905
dieser,1,5356,0.00018670649738610905
geeignet,1,5356,0.00018670649738610905
hinein,1,5356,0.00018670649738610905
wesentlich,1,5356,0.00018670649738610905
holzwollen,1,5356,0.00018670649738610905
bekommt,1,5356,0.00018670649738610905
erdfchottengeinüse,1,5356,0.00018670649738610905
würfeln,1,5356,0.00018670649738610905
aufbewahren,1,5356,0.00018670649738610905
zugießen,1,5356,0.00018670649738610905
durchrühren,1,5356,0.00018670649738610905
putzeu,1,5356,0.00018670649738610905
kissenbezug,1,5356,0.00018670649738610905
brennstoff,1,5356,0.00018670649738610905
ungleich,1,5356,0.00018670649738610905
erwünscht,1,5356,0.00018670649738610905
dicken,1,5356,0.00018670649738610905
mißerfolge,1,5356,0.00018670649738610905
dar,1,5356,0.00018670649738610905
benachbarten,1,5356,0.00018670649738610905
kochend,1,5356,0.00018670649738610905
üblichen,1,5356,0.00018670649738610905
zug,1,5356,0.00018670649738610905
denkbar,1,5356,0.00018670649738610905
geschnitten,1,5356,0.00018670649738610905
kartosselersatz,1,5356,0.00018670649738610905
flüssig,1,5356,0.00018670649738610905
jür,1,5356,0.00018670649738610905
feld,1,5356,0.00018670649738610905
kohlrabiwürfel,1,5356,0.00018670649738610905
kalzinmbiphosphat,1,5356,0.00018670649738610905
nähe,1,5356,0.00018670649738610905
nnr,1,5356,0.00018670649738610905
apotheke,1,5356,0.00018670649738610905
ko,1,5356,0.00018670649738610905
freude,1,5356,0.00018670649738610905
erhöht,1,5356,0.00018670649738610905
befestigen,1,5356,0.00018670649738610905
pflanze,1,5356,0.00018670649738610905
geweichte,1,5356,0.00018670649738610905
tage,1,5356,0.00018670649738610905
einige,1,5356,0.00018670649738610905
auswaschen,1,5356,0.00018670649738610905
nnsrer,1,5356,0.00018670649738610905
uuausgenützt,1,5356,0.00018670649738610905
nudelpfanne,1,5356,0.00018670649738610905
gemüsewasser,1,5356,0.00018670649738610905
ansehnlich,1,5356,0.00018670649738610905
gewürzeu,1,5356,0.00018670649738610905
einlegen,1,5356,0.00018670649738610905
gerösteten,1,5356,0.00018670649738610905
flüssige,1,5356,0.00018670649738610905
geschälter,1,5356,0.00018670649738610905
gute,1,5356,0.00018670649738610905
brotreste,1,5356,0.00018670649738610905
beispielsweise,1,5356,0.00018670649738610905
garmachen,1,5356,0.00018670649738610905
daran,1,5356,0.00018670649738610905
iv2,1,5356,0.00018670649738610905
gebratenes,1,5356,0.00018670649738610905
kirschen,1,5356,0.00018670649738610905
zerlassene,1,5356,0.00018670649738610905
küchenkräuter,1,5356,0.00018670649738610905
kalte,1,5356,0.00018670649738610905
glatter,1,5356,0.00018670649738610905
tompinambur,1,5356,0.00018670649738610905
anderen,1,5356,0.00018670649738610905
abfließende,1,5356,0.00018670649738610905
note,1,5356,0.00018670649738610905
mitkocht,1,5356,0.00018670649738610905
füllt,1,5356,0.00018670649738610905
kümmel,1,5356,0.00018670649738610905
kürbiskartoffcln,1,5356,0.00018670649738610905
diesem,1,5356,0.00018670649738610905
braucht,1,5356,0.00018670649738610905
sorgt,1,5356,0.00018670649738610905
teel,1,5356,0.00018670649738610905
wohlschmeckend,1,5356,0.00018670649738610905
wollenen,1,5356,0.00018670649738610905
reinigen,1,5356,0.00018670649738610905
reibekuchen,1,5356,0.00018670649738610905
kürbisjuppe,1,5356,0.00018670649738610905
nötige,1,5356,0.00018670649738610905
sellcriepfcmne,1,5356,0.00018670649738610905
dunkelbraun,1,5356,0.00018670649738610905
erdschockenscheiben,1,5356,0.00018670649738610905
drückt,1,5356,0.00018670649738610905
brühen,1,5356,0.00018670649738610905
zuletzt,1,5356,0.00018670649738610905
hoffen,1,5356,0.00018670649738610905
gewaschenen,1,5356,0.00018670649738610905
vorbereiteten,1,5356,0.00018670649738610905
schnittlauch,1,5356,0.00018670649738610905
wirft,1,5356,0.00018670649738610905
zmiebel,1,5356,0.00018670649738610905
weitere,1,5356,0.00018670649738610905
ersparnisse,1,5356,0.00018670649738610905
warmes,1,5356,0.00018670649738610905
vermischt,1,5356,0.00018670649738610905
gargekochte,1,5356,0.00018670649738610905
einlaufen,1,5356,0.00018670649738610905
obst,1,5356,0.00018670649738610905
fondern,1,5356,0.00018670649738610905
abwellwasser,1,5356,0.00018670649738610905
stengel,1,5356,0.00018670649738610905
misclmmnse,1,5356,0.00018670649738610905
verrührtem,1,5356,0.00018670649738610905
zwie,1,5356,0.00018670649738610905
arbeit,1,5356,0.00018670649738610905
mager,1,5356,0.00018670649738610905
selleries,1,5356,0.00018670649738610905
aufsetzen,1,5356,0.00018670649738610905
apfelfchaleu,1,5356,0.00018670649738610905
dicke,1,5356,0.00018670649738610905
apselbrotsuppe,1,5356,0.00018670649738610905
herumgeschlagen,1,5356,0.00018670649738610905
eimers,1,5356,0.00018670649738610905
forin,1,5356,0.00018670649738610905
entnimmt,1,5356,0.00018670649738610905
geschwitzt,1,5356,0.00018670649738610905
rollen,1,5356,0.00018670649738610905
durchschwitze,1,5356,0.00018670649738610905
empfehlenswert,1,5356,0.00018670649738610905
möglich,1,5356,0.00018670649738610905
stoffverlust,1,5356,0.00018670649738610905
kochkorb,1,5356,0.00018670649738610905
angerührtem,1,5356,0.00018670649738610905
zweite,1,5356,0.00018670649738610905
natriumbikarbonat,1,5356,0.00018670649738610905
gräten,1,5356,0.00018670649738610905
dasz,1,5356,0.00018670649738610905
einbrenn,1,5356,0.00018670649738610905
entspricht,1,5356,0.00018670649738610905
apfelreibeisen,1,5356,0.00018670649738610905
schmecken,1,5356,0.00018670649738610905
folgende,1,5356,0.00018670649738610905
zumacht,1,5356,0.00018670649738610905
anbraten,1,5356,0.00018670649738610905
ehe,1,5356,0.00018670649738610905
kunsthonig,1,5356,0.00018670649738610905
kriegskost,1,5356,0.00018670649738610905
teigwaren,1,5356,0.00018670649738610905
haut,1,5356,0.00018670649738610905
glauben,1,5356,0.00018670649738610905
vorbereiten,1,5356,0.00018670649738610905
zehnfachem,1,5356,0.00018670649738610905
geknülltem,1,5356,0.00018670649738610905
kohlenmangel,1,5356,0.00018670649738610905
tunken,1,5356,0.00018670649738610905
stubenofen,1,5356,0.00018670649738610905
2^,1,5356,0.00018670649738610905
senftunke,1,5356,0.00018670649738610905
meisten,1,5356,0.00018670649738610905
stunde,1,5356,0.00018670649738610905
wohlschmeckender,1,5356,0.00018670649738610905
knchenofen,1,5356,0.00018670649738610905
kauu,1,5356,0.00018670649738610905
unnötig,1,5356,0.00018670649738610905
einkocht,1,5356,0.00018670649738610905
geschnittene,1,5356,0.00018670649738610905
will,1,5356,0.00018670649738610905
teltower,1,5356,0.00018670649738610905
wachsenden,1,5356,0.00018670649738610905
aufgetragen,1,5356,0.00018670649738610905
rund,1,5356,0.00018670649738610905
rübenscheiben,1,5356,0.00018670649738610905
verlassen,1,5356,0.00018670649738610905
geringsten,1,5356,0.00018670649738610905
ungemein,1,5356,0.00018670649738610905
zerpflückte,1,5356,0.00018670649738610905
zubereitung,1,5356,0.00018670649738610905
tuuke,1,5356,0.00018670649738610905
miteinander,1,5356,0.00018670649738610905
verkneteten,1,5356,0.00018670649738610905
gewachsene,1,5356,0.00018670649738610905
verschwen,1,5356,0.00018670649738610905
angebaut,1,5356,0.00018670649738610905
erwünschte,1,5356,0.00018670649738610905
geltende,1,5356,0.00018670649738610905
gnrkenwürfel,1,5356,0.00018670649738610905
bahn,1,5356,0.00018670649738610905
beispiele,1,5356,0.00018670649738610905
wohlschmeckenden,1,5356,0.00018670649738610905
sinkt,1,5356,0.00018670649738610905
laßt,1,5356,0.00018670649738610905
liefert,1,5356,0.00018670649738610905
fahren,1,5356,0.00018670649738610905
wohl,1,5356,0.00018670649738610905
heute,1,5356,0.00018670649738610905
vornehm,1,5356,0.00018670649738610905
packt,1,5356,0.00018670649738610905
stoffe,1,5356,0.00018670649738610905
erklären,1,5356,0.00018670649738610905
stopfen,1,5356,0.00018670649738610905
kräftig,1,5356,0.00018670649738610905
tiere,1,5356,0.00018670649738610905
kurz,1,5356,0.00018670649738610905
wirkt,1,5356,0.00018670649738610905
versuche,1,5356,0.00018670649738610905
kein,1,5356,0.00018670649738610905
höhlung,1,5356,0.00018670649738610905
meerrettichtunke,1,5356,0.00018670649738610905
korbes,1,5356,0.00018670649738610905
schmeckt,1,5356,0.00018670649738610905
zitronenschale,1,5356,0.00018670649738610905
anflauf,1,5356,0.00018670649738610905
kartosselklöße,1,5356,0.00018670649738610905
erhitzt,1,5356,0.00018670649738610905
bepinseln,1,5356,0.00018670649738610905
dunklen,1,5356,0.00018670649738610905
hineinlegen,1,5356,0.00018670649738610905
weit,1,5356,0.00018670649738610905
schmücken,1,5356,0.00018670649738610905
mittagsessen,1,5356,0.00018670649738610905
groß,1,5356,0.00018670649738610905
eierreichen,1,5356,0.00018670649738610905
nudelteig,1,5356,0.00018670649738610905
papierschicht,1,5356,0.00018670649738610905
inhaltsverzeichnis,1,5356,0.00018670649738610905
?,1,5356,0.00018670649738610905
anbringen,1,5356,0.00018670649738610905
zerfallen,1,5356,0.00018670649738610905
tropfen,1,5356,0.00018670649738610905
süßen,1,5356,0.00018670649738610905
psd>,1,5356,0.00018670649738610905
gleicht,1,5356,0.00018670649738610905
kartosselgerichte,1,5356,0.00018670649738610905
anch,1,5356,0.00018670649738610905
erntezeit,1,5356,0.00018670649738610905
kaninchenragout,1,5356,0.00018670649738610905
fruchtsaft,1,5356,0.00018670649738610905
nnserm,1,5356,0.00018670649738610905
apfel,1,5356,0.00018670649738610905
dabei,1,5356,0.00018670649738610905
senfkürbis,1,5356,0.00018670649738610905
geschäl,1,5356,0.00018670649738610905
gemüsegerichte,1,5356,0.00018670649738610905
praktisch,1,5356,0.00018670649738610905
erledigt,1,5356,0.00018670649738610905
kühlt,1,5356,0.00018670649738610905
daranf,1,5356,0.00018670649738610905
unten,1,5356,0.00018670649738610905
kaninchenragont,1,5356,0.00018670649738610905
nachgießen,1,5356,0.00018670649738610905
nebenher,1,5356,0.00018670649738610905
toffeln,1,5356,0.00018670649738610905
vermissen,1,5356,0.00018670649738610905
zimmer,1,5356,0.00018670649738610905
gen,1,5356,0.00018670649738610905
meevrettichtiiilke,1,5356,0.00018670649738610905
stopft,1,5356,0.00018670649738610905
großer,1,5356,0.00018670649738610905
beeinträchtigt,1,5356,0.00018670649738610905
d,1,5356,0.00018670649738610905
vermengen,1,5356,0.00018670649738610905
rückstand,1,5356,0.00018670649738610905
überkocht,1,5356,0.00018670649738610905
erleichterung,1,5356,0.00018670649738610905
sparen,1,5356,0.00018670649738610905
snppen,1,5356,0.00018670649738610905
weiche,1,5356,0.00018670649738610905
immer,1,5356,0.00018670649738610905
uicht,1,5356,0.00018670649738610905
sommergemüse,1,5356,0.00018670649738610905
kartoffeltlöszr,1,5356,0.00018670649738610905
reicher,1,5356,0.00018670649738610905
müse,1,5356,0.00018670649738610905
treiben,1,5356,0.00018670649738610905
götze,1,5356,0.00018670649738610905
nährstoffe,1,5356,0.00018670649738610905
dazugießen,1,5356,0.00018670649738610905
grüne,1,5356,0.00018670649738610905
mitnehmen,1,5356,0.00018670649738610905
angerührt,1,5356,0.00018670649738610905
